1,  1,  -1,  1,  -1,  345, 862,  106.0,  31,  Nuc1,  971,  0, 0, 0, , 0, 0, 0, 0, 0,
2,  1,  -1,  2,  -1,  492, 905,  106.0,  23,  Nuc5,  4488,  0, 0, 0, , 0, 0, 0, 0, 0,
3,  1,  -1,  3,  4,  651, 896,  106.0,  23,  Nuc29612,  3722,  0, 0, 0, , 0, 0, 0, 0, 0,
4,  1,  -1,  5,  -1,  499, 898,  109.0,  25,  Nuc90535,  4488,  0, 0, 0, , 0, 0, 0, 0, 0,
5,  1,  -1,  6,  -1,  294, 228,  121.0,  25,  Nuc152706,  946,  0, 0, 0, , 0, 0, 0, 0, 0,
6,  1,  -1,  7,  8,  765, 813,  121.0,  23,  Nuc152851,  3625,  0, 0, 0, , 0, 0, 0, 0, 0,
7,  1,  -1,  9,  10,  653, 190,  124.0,  23,  Nuc251825,  2617,  0, 0, 0, , 0, 0, 0, 0, 0,
8,  1,  -1,  11,  12,  823, 311,  124.0,  23,  Nuc314264,  3414,  0, 0, 0, , 0, 0, 0, 0, 0,
9,  1,  -1,  13,  -1,  443, 183,  125.0,  23,  Nuc445453,  1538,  0, 0, 0, , 0, 0, 0, 0, 0,
10,  1,  -1,  14,  -1,  466, 181,  126.0,  23,  Nuc454619,  2063,  0, 0, 0, , 0, 0, 0, 0, 0,
11,  1,  -1,  15,  16,  847, 698,  128.0,  23,  Nuc466232,  3679,  0, 0, 0, , 0, 0, 0, 0, 0,
12,  1,  -1,  17,  -1,  394, 797,  135.0,  21,  Nuc681980,  2024,  0, 0, 0, , 0, 0, 0, 0, 0,
13,  1,  -1,  18,  -1,  316, 549,  137.0,  25,  Nuc701668,  1103,  0, 0, 0, , 0, 0, 0, 0, 0,
14,  1,  -1,  19,  -1,  281, 325,  138.0,  21,  Nuc701698,  528,  0, 0, 0, , 0, 0, 0, 0, 0,
15,  1,  -1,  20,  -1,  381, 765,  139.0,  21,  Nuc701716,  1584,  0, 0, 0, , 0, 0, 0, 0, 0,
16,  1,  -1,  21,  -1,  316, 319,  141.0,  21,  Nuc701733,  526,  0, 0, 0, , 0, 0, 0, 0, 0,
17,  1,  -1,  22,  23,  833, 479,  141.0,  27,  Nuc701751,  4078,  0, 0, 0, , 0, 0, 0, 0, 0,
18,  1,  -1,  24,  25,  847, 588,  141.0,  23,  Nuc799465,  4285,  0, 0, 0, , 0, 0, 0, 0, 0,
19,  1,  -1,  26,  -1,  452, 599,  143.0,  21,  Nuc1024024,  1811,  0, 0, 0, , 0, 0, 0, 0, 0,
20,  1,  -1,  27,  -1,  504, 759,  143.0,  21,  Nuc1056988,  1953,  0, 0, 0, , 0, 0, 0, 0, 0,
21,  1,  -1,  28,  -1,  606, 663,  143.0,  21,  Nuc1057842,  2429,  0, 0, 0, , 0, 0, 0, 0, 0,
22,  1,  -1,  29,  -1,  456, 560,  144.0,  21,  Nuc1208062,  1187,  0, 0, 0, , 0, 0, 0, 0, 0,
23,  1,  -1,  30,  -1,  519, 782,  145.0,  21,  Nuc1210556,  1851,  0, 0, 0, , 0, 0, 0, 0, 0,
24,  1,  -1,  31,  -1,  608, 636,  145.0,  21,  Nuc1272708,  2970,  0, 0, 0, , 0, 0, 0, 0, 0,
25,  1,  -1,  32,  -1,  388, 423,  146.0,  21,  Nuc1418659,  963,  0, 0, 0, , 0, 0, 0, 0, 0,
26,  1,  -1,  33,  -1,  454, 330,  146.0,  21,  Nuc1418722,  2150,  0, 0, 0, , 0, 0, 0, 0, 0,
27,  1,  -1,  34,  -1,  527, 446,  153.0,  21,  Nuc1418799,  2789,  0, 0, 0, , 0, 0, 0, 0, 0,
28,  1,  -1,  35,  -1,  440, 299,  154.0,  21,  Nuc1483171,  2048,  0, 0, 0, , 0, 0, 0, 0, 0,
29,  1,  -1,  36,  -1,  598, 345,  155.0,  21,  Nuc1500674,  2154,  0, 0, 0, , 0, 0, 0, 0, 0,
30,  1,  -1,  37,  -1,  574, 319,  156.0,  21,  Nuc1553308,  2401,  0, 0, 0, , 0, 0, 0, 0, 0,
31,  1,  -1,  38,  -1,  687, 539,  157.0,  21,  Nuc1584528,  3020,  0, 0, 0, , 0, 0, 0, 0, 0,
32,  1,  -1,  39,  -1,  360, 402,  160.0,  23,  Nuc1740514,  1747,  0, 0, 0, , 0, 0, 0, 0, 0,
33,  1,  -1,  40,  41,  535, 527,  164.0,  21,  Nuc1740531,  1606,  0, 0, 0, , 0, 0, 0, 0, 0,
34,  1,  -1,  42,  -1,  346, 639,  165.0,  21,  Nuc1773121,  2673,  0, 0, 0, , 0, 0, 0, 0, 0,
35,  1,  -1,  43,  -1,  498, 430,  166.0,  23,  Nuc1794064,  2091,  0, 0, 0, , 0, 0, 0, 0, 0,
36,  1,  -1,  -1,  -1,  516, 551,  166.0,  29,  Nuc1800273,  3249,  0, 0, 0, , 0, 0, 0, 0, 0,
37,  1,  -1,  44,  -1,  646, 440,  167.0,  21,  Nuc1800274,  2898,  0, 0, 0, , 0, 0, 0, 0, 0,
38,  1,  -1,  45,  -1,  717, 538,  167.0,  21,  Nuc1850248,  2630,  0, 0, 0, , 0, 0, 0, 0, 0,
39,  1,  -1,  46,  -1,  462, 666,  170.0,  21,  Nuc1869335,  2232,  0, 0, 0, , 0, 0, 0, 0, 0,
40,  1,  -1,  -1,  -1,  560, 555,  170.0,  35,  Nuc1869934,  1389,  0, 0, 0, , 0, 0, 0, 0, 0,
41,  1,  -1,  47,  -1,  324, 507,  171.0,  23,  Nuc1869935,  1807,  0, 0, 0, , 0, 0, 0, 0, 0,
42,  1,  -1,  48,  -1,  590, 671,  172.0,  21,  Nuc1869942,  2638,  0, 0, 0, , 0, 0, 0, 0, 0,
43,  1,  -1,  49,  -1,  605, 633,  173.0,  21,  Nuc1892086,  2602,  0, 0, 0, , 0, 0, 0, 0, 0,
44,  1,  -1,  50,  -1,  623, 478,  173.0,  21,  Nuc1922025,  2695,  0, 0, 0, , 0, 0, 0, 0, 0,
45,  1,  -1,  51,  52,  456, 603,  175.0,  23,  Nuc1923233,  2228,  0, 0, 0, , 0, 0, 0, 0, 0,
46,  1,  -1,  53,  -1,  379, 504,  179.0,  21,  Nuc1953675,  2084,  0, 0, 0, , 0, 0, 0, 0, 0,
47,  1,  -1,  54,  55,  515, 522,  180.0,  23,  Nuc1954867,  2848,  0, 0, 0, , 0, 0, 0, 0, 0,
48,  1,  -1,  56,  57,  501, 590,  185.0,  33,  Nuc1968763,  1714,  0, 0, 0, , 0, 0, 0, 0, 0,
49,  1,  -1,  58,  -1,  535, 591,  185.0,  23,  Nuc1968766,  1468,  0, 0, 0, , 0, 0, 0, 0, 0,
