1,  1,  1,  1,  -1,  363, 871,  106.0,  23,  Nuc2,  1821,  0, 0, 0, , 0, 0, 0, 0, 0,
2,  1,  2,  2,  -1,  495, 915,  104.0,  23,  Nuc6,  2486,  0, 0, 0, , 0, 0, 0, 0, 0,
3,  1,  3,  3,  -1,  666, 898,  103.0,  23,  Nuc29613,  2595,  0, 0, 0, , 0, 0, 0, 0, 0,
4,  1,  3,  4,  -1,  649, 886,  108.0,  23,  Nuc63925,  2321,  0, 0, 0, , 0, 0, 0, 0, 0,
5,  1,  4,  5,  -1,  511, 889,  113.0,  23,  Nuc90536,  2181,  0, 0, 0, , 0, 0, 0, 0, 0,
6,  1,  5,  6,  -1,  306, 226,  122.0,  23,  Nuc152707,  1239,  0, 0, 0, , 0, 0, 0, 0, 0,
7,  1,  6,  7,  -1,  750, 807,  124.0,  21,  Nuc152852,  2334,  0, 0, 0, , 0, 0, 0, 0, 0,
8,  1,  6,  8,  -1,  779, 813,  118.0,  21,  Nuc209705,  2657,  0, 0, 0, , 0, 0, 0, 0, 0,
9,  1,  7,  9,  -1,  674, 192,  123.0,  23,  Nuc251826,  1728,  0, 0, 0, , 0, 0, 0, 0, 0,
10,  1,  7,  10,  -1,  640, 189,  124.0,  21,  Nuc274927,  2065,  0, 0, 0, , 0, 0, 0, 0, 0,
11,  1,  8,  11,  -1,  839, 316,  122.0,  21,  Nuc314265,  2427,  0, 0, 0, , 0, 0, 0, 0, 0,
12,  1,  8,  12,  -1,  814, 312,  126.0,  21,  Nuc370549,  2304,  0, 0, 0, , 0, 0, 0, 0, 0,
13,  1,  9,  13,  -1,  435, 186,  124.0,  23,  Nuc445454,  1865,  0, 0, 0, , 0, 0, 0, 0, 0,
14,  1,  10,  14,  -1,  480, 179,  127.0,  23,  Nuc454620,  2056,  0, 0, 0, , 0, 0, 0, 0, 0,
15,  1,  11,  15,  -1,  859, 697,  125.0,  21,  Nuc466233,  2669,  0, 0, 0, , 0, 0, 0, 0, 0,
16,  1,  11,  16,  -1,  831, 700,  130.0,  21,  Nuc546664,  2662,  0, 0, 0, , 0, 0, 0, 0, 0,
17,  1,  12,  17,  -1,  400, 807,  134.0,  21,  Nuc681981,  1994,  0, 0, 0, , 0, 0, 0, 0, 0,
18,  1,  13,  18,  -1,  332, 505,  142.0,  21,  Nuc701669,  1080,  0, 0, 0, , 0, 0, 0, 0, 0,
19,  1,  14,  19,  -1,  274, 327,  138.0,  21,  Nuc701699,  1142,  0, 0, 0, , 0, 0, 0, 0, 0,
20,  1,  15,  20,  -1,  376, 758,  141.0,  21,  Nuc701717,  1816,  0, 0, 0, , 0, 0, 0, 0, 0,
21,  1,  16,  21,  -1,  324, 318,  142.0,  21,  Nuc701734,  1472,  0, 0, 0, , 0, 0, 0, 0, 0,
22,  1,  17,  22,  -1,  852, 477,  138.0,  21,  Nuc701752,  2810,  0, 0, 0, , 0, 0, 0, 0, 0,
23,  1,  17,  23,  -1,  816, 475,  144.0,  21,  Nuc765497,  2570,  0, 0, 0, , 0, 0, 0, 0, 0,
24,  1,  18,  24,  -1,  863, 587,  138.0,  21,  Nuc799466,  2677,  0, 0, 0, , 0, 0, 0, 0, 0,
25,  1,  18,  25,  -1,  832, 593,  143.0,  21,  Nuc911842,  2231,  0, 0, 0, , 0, 0, 0, 0, 0,
26,  1,  19,  26,  -1,  454, 612,  141.0,  21,  Nuc1024025,  2558,  0, 0, 0, , 0, 0, 0, 0, 0,
27,  1,  20,  27,  -1,  498, 750,  141.0,  21,  Nuc1056989,  2127,  0, 0, 0, , 0, 0, 0, 0, 0,
28,  1,  21,  28,  -1,  612, 679,  142.0,  21,  Nuc1057843,  2645,  0, 0, 0, , 0, 0, 0, 0, 0,
29,  1,  22,  29,  -1,  465, 553,  141.0,  21,  Nuc1208063,  1302,  0, 0, 0, , 0, 0, 0, 0, 0,
30,  1,  23,  30,  -1,  530, 790,  146.0,  21,  Nuc1210557,  2566,  0, 0, 0, , 0, 0, 0, 0, 0,
31,  1,  24,  31,  -1,  619, 628,  144.0,  21,  Nuc1272709,  3014,  0, 0, 0, , 0, 0, 0, 0, 0,
32,  1,  25,  32,  -1,  402, 433,  145.0,  21,  Nuc1418660,  1325,  0, 0, 0, , 0, 0, 0, 0, 0,
33,  1,  26,  33,  -1,  462, 342,  145.0,  23,  Nuc1418723,  2087,  0, 0, 0, , 0, 0, 0, 0, 0,
34,  1,  27,  34,  -1,  538, 447,  152.0,  21,  Nuc1418800,  2578,  0, 0, 0, , 0, 0, 0, 0, 0,
35,  1,  28,  35,  -1,  438, 298,  156.0,  21,  Nuc1483172,  2018,  0, 0, 0, , 0, 0, 0, 0, 0,
36,  1,  29,  36,  -1,  614, 346,  153.0,  21,  Nuc1500675,  2311,  0, 0, 0, , 0, 0, 0, 0, 0,
37,  1,  30,  37,  -1,  569, 307,  156.0,  21,  Nuc1553309,  2567,  0, 0, 0, , 0, 0, 0, 0, 0,
38,  1,  31,  38,  39,  685, 532,  155.0,  21,  Nuc1584529,  3116,  0, 0, 0, , 0, 0, 0, 0, 0,
39,  1,  32,  40,  -1,  365, 402,  161.0,  21,  Nuc1740515,  1735,  0, 0, 0, , 0, 0, 0, 0, 0,
40,  1,  33,  41,  42,  555, 578,  157.0,  37,  Nuc1740532,  1299,  0, 0, 0, , 0, 0, 0, 0, 0,
41,  1,  33,  43,  -1,  538, 529,  163.0,  21,  Nuc1740553,  2296,  0, 0, 0, , 0, 0, 0, 0, 0,
42,  1,  34,  44,  -1,  350, 640,  167.0,  21,  Nuc1773122,  2804,  0, 0, 0, , 0, 0, 0, 0, 0,
43,  1,  35,  45,  -1,  500, 422,  168.0,  21,  Nuc1794065,  3253,  0, 0, 0, , 0, 0, 0, 0, 0,
44,  1,  37,  46,  -1,  654, 427,  166.0,  21,  Nuc1800275,  2932,  0, 0, 0, , 0, 0, 0, 0, 0,
45,  1,  38,  47,  -1,  726, 535,  168.0,  21,  Nuc1850249,  3181,  0, 0, 0, , 0, 0, 0, 0, 0,
46,  1,  39,  48,  -1,  463, 667,  170.0,  21,  Nuc1869336,  2410,  0, 0, 0, , 0, 0, 0, 0, 0,
47,  1,  41,  49,  -1,  317, 509,  171.0,  23,  Nuc1869936,  1405,  0, 0, 0, , 0, 0, 0, 0, 0,
48,  1,  42,  50,  -1,  586, 678,  172.0,  21,  Nuc1869943,  2665,  0, 0, 0, , 0, 0, 0, 0, 0,
49,  1,  43,  51,  -1,  610, 625,  173.0,  21,  Nuc1892087,  2362,  0, 0, 0, , 0, 0, 0, 0, 0,
50,  1,  44,  52,  -1,  621, 481,  174.0,  21,  Nuc1922026,  2599,  0, 0, 0, , 0, 0, 0, 0, 0,
51,  1,  45,  53,  -1,  409, 597,  185.0,  33,  Nuc1923234,  999,  0, 0, 0, , 0, 0, 0, 0, 0,
52,  1,  45,  54,  -1,  459, 590,  174.0,  21,  Nuc1923237,  2652,  0, 0, 0, , 0, 0, 0, 0, 0,
53,  1,  46,  55,  -1,  382, 506,  180.0,  21,  Nuc1953676,  2239,  0, 0, 0, , 0, 0, 0, 0, 0,
54,  1,  47,  56,  -1,  461, 530,  187.0,  47,  Nuc1954868,  3791,  0, 0, 0, , 0, 0, 0, 0, 0,
55,  1,  47,  57,  -1,  512, 522,  181.0,  23,  Nuc1954871,  3131,  0, 0, 0, , 0, 0, 0, 0, 0,
56,  1,  48,  -1,  -1,  527, 587,  179.0,  27,  Nuc1968764,  922,  0, 0, 0, , 0, 0, 0, 0, 0,
57,  1,  48,  -1,  -1,  505, 594,  185.0,  39,  Nuc1968765,  2101,  0, 0, 0, , 0, 0, 0, 0, 0,
58,  1,  49,  58,  -1,  533, 594,  185.0,  45,  Nuc1968767,  3160,  0, 0, 0, , 0, 0, 0, 0, 0,
59,  1,  -1,  59,  -1,  283, 672,  139.0,  21,  Nuc2009174,  539,  0, 0, 0, , 0, 0, 0, 0, 0,
