1,  1,  1,  1,  -1,  366, 878,  106.0,  25,  Nuc3,  1029,  0, 0, 0, , 0, 0, 0, 0, 0,
2,  1,  2,  2,  -1,  496, 918,  103.0,  23,  Nuc7,  2211,  0, 0, 0, , 0, 0, 0, 0, 0,
3,  1,  3,  3,  -1,  675, 902,  102.0,  23,  Nuc29614,  2674,  0, 0, 0, , 0, 0, 0, 0, 0,
4,  1,  4,  4,  -1,  646, 880,  111.0,  23,  Nuc63926,  2333,  0, 0, 0, , 0, 0, 0, 0, 0,
5,  1,  5,  5,  -1,  513, 882,  116.0,  23,  Nuc90537,  2156,  0, 0, 0, , 0, 0, 0, 0, 0,
6,  1,  6,  6,  -1,  309, 222,  122.0,  23,  Nuc152708,  1612,  0, 0, 0, , 0, 0, 0, 0, 0,
7,  1,  7,  7,  -1,  737, 802,  126.0,  23,  Nuc152853,  2810,  0, 0, 0, , 0, 0, 0, 0, 0,
8,  1,  8,  8,  -1,  785, 814,  117.0,  23,  Nuc209706,  2760,  0, 0, 0, , 0, 0, 0, 0, 0,
9,  1,  9,  9,  -1,  686, 190,  122.0,  23,  Nuc251827,  2282,  0, 0, 0, , 0, 0, 0, 0, 0,
10,  1,  10,  10,  -1,  631, 189,  125.0,  21,  Nuc274928,  2125,  0, 0, 0, , 0, 0, 0, 0, 0,
11,  1,  11,  11,  -1,  849, 317,  120.0,  23,  Nuc314266,  2483,  0, 0, 0, , 0, 0, 0, 0, 0,
12,  1,  12,  12,  -1,  808, 310,  128.0,  23,  Nuc370550,  2107,  0, 0, 0, , 0, 0, 0, 0, 0,
13,  1,  13,  13,  -1,  425, 184,  122.0,  23,  Nuc445455,  1458,  0, 0, 0, , 0, 0, 0, 0, 0,
14,  1,  14,  14,  -1,  486, 170,  126.0,  23,  Nuc454621,  2200,  0, 0, 0, , 0, 0, 0, 0, 0,
15,  1,  15,  15,  -1,  866, 694,  124.0,  23,  Nuc466234,  2788,  0, 0, 0, , 0, 0, 0, 0, 0,
16,  1,  16,  16,  -1,  817, 700,  133.0,  21,  Nuc546665,  2452,  0, 0, 0, , 0, 0, 0, 0, 0,
17,  1,  17,  17,  -1,  397, 812,  133.0,  21,  Nuc681982,  1881,  0, 0, 0, , 0, 0, 0, 0, 0,
18,  1,  18,  18,  -1,  336, 500,  144.0,  23,  Nuc701670,  1209,  0, 0, 0, , 0, 0, 0, 0, 0,
19,  1,  19,  19,  -1,  266, 324,  137.0,  21,  Nuc701700,  812,  0, 0, 0, , 0, 0, 0, 0, 0,
20,  1,  20,  20,  -1,  368, 748,  141.0,  21,  Nuc701718,  1762,  0, 0, 0, , 0, 0, 0, 0, 0,
21,  1,  21,  21,  -1,  328, 316,  143.0,  21,  Nuc701735,  1848,  0, 0, 0, , 0, 0, 0, 0, 0,
22,  1,  22,  22,  -1,  862, 477,  137.0,  21,  Nuc701753,  2800,  0, 0, 0, , 0, 0, 0, 0, 0,
23,  1,  23,  23,  -1,  804, 476,  145.0,  21,  Nuc765498,  2675,  0, 0, 0, , 0, 0, 0, 0, 0,
24,  1,  24,  24,  -1,  871, 585,  137.0,  21,  Nuc799467,  2736,  0, 0, 0, , 0, 0, 0, 0, 0,
25,  1,  25,  25,  -1,  820, 595,  145.0,  21,  Nuc911843,  2367,  0, 0, 0, , 0, 0, 0, 0, 0,
26,  1,  26,  26,  -1,  456, 613,  140.0,  21,  Nuc1024026,  2682,  0, 0, 0, , 0, 0, 0, 0, 0,
27,  1,  27,  27,  -1,  477, 738,  141.0,  21,  Nuc1056990,  2444,  0, 0, 0, , 0, 0, 0, 0, 0,
28,  1,  28,  28,  -1,  608, 687,  140.0,  21,  Nuc1057844,  2947,  0, 0, 0, , 0, 0, 0, 0, 0,
29,  1,  29,  29,  -1,  467, 539,  141.0,  21,  Nuc1208064,  2501,  0, 0, 0, , 0, 0, 0, 0, 0,
30,  1,  30,  30,  -1,  524, 791,  147.0,  21,  Nuc1210558,  2380,  0, 0, 0, , 0, 0, 0, 0, 0,
31,  1,  31,  31,  -1,  623, 620,  144.0,  23,  Nuc1272710,  2865,  0, 0, 0, , 0, 0, 0, 0, 0,
32,  1,  32,  32,  -1,  404, 432,  142.0,  23,  Nuc1418661,  1433,  0, 0, 0, , 0, 0, 0, 0, 0,
33,  1,  33,  33,  -1,  467, 349,  143.0,  23,  Nuc1418724,  2014,  0, 0, 0, , 0, 0, 0, 0, 0,
34,  1,  34,  34,  -1,  542, 446,  151.0,  23,  Nuc1418801,  3088,  0, 0, 0, , 0, 0, 0, 0, 0,
35,  1,  35,  35,  -1,  436, 295,  157.0,  21,  Nuc1483173,  1854,  0, 0, 0, , 0, 0, 0, 0, 0,
36,  1,  36,  36,  -1,  620, 351,  151.0,  21,  Nuc1500676,  2755,  0, 0, 0, , 0, 0, 0, 0, 0,
37,  1,  37,  37,  -1,  564, 300,  155.0,  21,  Nuc1553310,  2309,  0, 0, 0, , 0, 0, 0, 0, 0,
38,  1,  38,  -1,  -1,  635, 513,  147.0,  27,  Nuc1584530,  522,  0, 0, 0, , 0, 0, 0, 0, 0,
39,  1,  38,  38,  -1,  678, 528,  153.0,  21,  Nuc1584531,  2980,  0, 0, 0, , 0, 0, 0, 0, 0,
40,  1,  39,  39,  -1,  367, 398,  161.0,  23,  Nuc1740516,  1499,  0, 0, 0, , 0, 0, 0, 0, 0,
41,  1,  40,  -1,  -1,  575, 646,  159.0,  25,  Nuc1740533,  434,  0, 0, 0, , 0, 0, 0, 0, 0,
42,  1,  40,  40,  41,  519, 551,  166.0,  29,  Nuc1740534,  3341,  0, 0, 0, , 0, 0, 0, 0, 0,
43,  1,  41,  42,  43,  534, 528,  161.0,  23,  Nuc1740554,  2546,  0, 0, 0, , 0, 0, 0, 0, 0,
44,  1,  42,  44,  -1,  351, 636,  168.0,  21,  Nuc1773123,  2399,  0, 0, 0, , 0, 0, 0, 0, 0,
45,  1,  43,  45,  -1,  503, 415,  169.0,  23,  Nuc1794066,  3205,  0, 0, 0, , 0, 0, 0, 0, 0,
46,  1,  44,  46,  -1,  658, 424,  165.0,  21,  Nuc1800276,  2894,  0, 0, 0, , 0, 0, 0, 0, 0,
47,  1,  45,  47,  -1,  726, 532,  168.0,  21,  Nuc1850250,  3818,  0, 0, 0, , 0, 0, 0, 0, 0,
48,  1,  46,  48,  -1,  464, 663,  171.0,  23,  Nuc1869337,  2338,  0, 0, 0, , 0, 0, 0, 0, 0,
49,  1,  47,  49,  -1,  312, 508,  170.0,  23,  Nuc1869937,  2148,  0, 0, 0, , 0, 0, 0, 0, 0,
50,  1,  48,  50,  51,  583, 683,  171.0,  21,  Nuc1869944,  3113,  0, 0, 0, , 0, 0, 0, 0, 0,
51,  1,  49,  52,  -1,  614, 616,  174.0,  21,  Nuc1892088,  2825,  0, 0, 0, , 0, 0, 0, 0, 0,
52,  1,  50,  53,  -1,  615, 482,  175.0,  21,  Nuc1922027,  3099,  0, 0, 0, , 0, 0, 0, 0, 0,
53,  1,  51,  54,  -1,  411, 599,  186.0,  33,  Nuc1923235,  1058,  0, 0, 0, , 0, 0, 0, 0, 0,
54,  1,  52,  55,  -1,  459, 586,  175.0,  23,  Nuc1923238,  3300,  0, 0, 0, , 0, 0, 0, 0, 0,
55,  1,  53,  56,  -1,  383, 504,  181.0,  21,  Nuc1953677,  2329,  0, 0, 0, , 0, 0, 0, 0, 0,
56,  1,  54,  57,  -1,  464, 525,  187.0,  45,  Nuc1954869,  1032,  0, 0, 0, , 0, 0, 0, 0, 0,
57,  1,  55,  58,  -1,  510, 519,  181.0,  23,  Nuc1954872,  3246,  0, 0, 0, , 0, 0, 0, 0, 0,
58,  1,  58,  59,  60,  525, 594,  185.0,  39,  Nuc1968768,  5001,  0, 0, 0, , 0, 0, 0, 0, 0,
59,  1,  59,  61,  -1,  284, 675,  139.0,  23,  Nuc2009175,  943,  0, 0, 0, , 0, 0, 0, 0, 0,
60,  1,  -1,  62,  -1,  228, 419,  136.0,  23,  Nuc2012627,  571,  0, 0, 0, , 0, 0, 0, 0, 0,
61,  1,  -1,  63,  -1,  289, 597,  162.0,  23,  Nuc2012652,  2103,  0, 0, 0, , 0, 0, 0, 0, 0,
