1,  1,  1,  -1,  -1,  371, 905,  107.0,  25,  Nuc4,  2168,  0, 0, 0, , 0, 0, 0, 0, 0,
2,  1,  2,  1,  -1,  495, 948,  103.0,  23,  Nuc8,  2775,  0, 0, 0, , 0, 0, 0, 0, 0,
3,  1,  3,  2,  -1,  680, 935,  101.0,  23,  Nuc29615,  2327,  0, 0, 0, , 0, 0, 0, 0, 0,
4,  1,  4,  3,  -1,  641, 906,  113.0,  23,  Nuc63927,  2684,  0, 0, 0, , 0, 0, 0, 0, 0,
5,  1,  5,  4,  -1,  512, 902,  117.0,  23,  Nuc90538,  1966,  0, 0, 0, , 0, 0, 0, 0, 0,
6,  1,  6,  5,  -1,  313, 246,  122.0,  23,  Nuc152709,  1726,  0, 0, 0, , 0, 0, 0, 0, 0,
7,  1,  7,  6,  -1,  729, 827,  128.0,  21,  Nuc152854,  2544,  0, 0, 0, , 0, 0, 0, 0, 0,
8,  1,  8,  7,  -1,  791, 843,  117.0,  23,  Nuc209707,  2951,  0, 0, 0, , 0, 0, 0, 0, 0,
9,  1,  9,  8,  -1,  694, 217,  121.0,  23,  Nuc251828,  2457,  0, 0, 0, , 0, 0, 0, 0, 0,
10,  1,  10,  9,  -1,  626, 216,  125.0,  21,  Nuc274929,  2533,  0, 0, 0, , 0, 0, 0, 0, 0,
11,  1,  11,  10,  -1,  858, 342,  118.0,  21,  Nuc314267,  2576,  0, 0, 0, , 0, 0, 0, 0, 0,
12,  1,  12,  11,  -1,  801, 334,  129.0,  23,  Nuc370551,  2641,  0, 0, 0, , 0, 0, 0, 0, 0,
13,  1,  13,  12,  -1,  419, 210,  121.0,  23,  Nuc445456,  1696,  0, 0, 0, , 0, 0, 0, 0, 0,
14,  1,  14,  13,  -1,  490, 190,  125.0,  21,  Nuc454622,  2152,  0, 0, 0, , 0, 0, 0, 0, 0,
15,  1,  15,  14,  -1,  871, 719,  124.0,  21,  Nuc466235,  3074,  0, 0, 0, , 0, 0, 0, 0, 0,
16,  1,  16,  15,  -1,  806, 728,  135.0,  21,  Nuc546666,  3015,  0, 0, 0, , 0, 0, 0, 0, 0,
17,  1,  17,  16,  -1,  399, 840,  133.0,  21,  Nuc681983,  2057,  0, 0, 0, , 0, 0, 0, 0, 0,
18,  1,  18,  17,  -1,  338, 523,  142.0,  23,  Nuc701671,  1701,  0, 0, 0, , 0, 0, 0, 0, 0,
19,  1,  19,  18,  -1,  260, 350,  136.0,  21,  Nuc701701,  1393,  0, 0, 0, , 0, 0, 0, 0, 0,
20,  1,  20,  19,  -1,  364, 772,  143.0,  21,  Nuc701719,  2293,  0, 0, 0, , 0, 0, 0, 0, 0,
21,  1,  21,  20,  -1,  331, 341,  144.0,  21,  Nuc701736,  2092,  0, 0, 0, , 0, 0, 0, 0, 0,
22,  1,  22,  21,  -1,  869, 505,  136.0,  21,  Nuc701754,  2795,  0, 0, 0, , 0, 0, 0, 0, 0,
23,  1,  23,  22,  -1,  795, 503,  146.0,  21,  Nuc765499,  2972,  0, 0, 0, , 0, 0, 0, 0, 0,
24,  1,  24,  23,  -1,  876, 610,  136.0,  21,  Nuc799468,  2884,  0, 0, 0, , 0, 0, 0, 0, 0,
25,  1,  25,  24,  -1,  811, 621,  147.0,  21,  Nuc911844,  2547,  0, 0, 0, , 0, 0, 0, 0, 0,
26,  1,  26,  25,  -1,  456, 639,  140.0,  23,  Nuc1024027,  3015,  0, 0, 0, , 0, 0, 0, 0, 0,
27,  1,  27,  26,  -1,  469, 753,  139.0,  21,  Nuc1056991,  2099,  0, 0, 0, , 0, 0, 0, 0, 0,
28,  1,  28,  27,  -1,  606, 715,  139.0,  21,  Nuc1057845,  2802,  0, 0, 0, , 0, 0, 0, 0, 0,
29,  1,  29,  28,  -1,  468, 559,  141.0,  23,  Nuc1208065,  2376,  0, 0, 0, , 0, 0, 0, 0, 0,
30,  1,  30,  29,  -1,  521, 817,  148.0,  21,  Nuc1210559,  2605,  0, 0, 0, , 0, 0, 0, 0, 0,
31,  1,  31,  30,  -1,  620, 636,  146.0,  23,  Nuc1272711,  2769,  0, 0, 0, , 0, 0, 0, 0, 0,
32,  1,  32,  31,  -1,  404, 459,  140.0,  23,  Nuc1418662,  2216,  0, 0, 0, , 0, 0, 0, 0, 0,
33,  1,  33,  32,  -1,  470, 376,  142.0,  21,  Nuc1418725,  2203,  0, 0, 0, , 0, 0, 0, 0, 0,
34,  1,  34,  33,  -1,  542, 473,  149.0,  23,  Nuc1418802,  2806,  0, 0, 0, , 0, 0, 0, 0, 0,
35,  1,  35,  34,  -1,  435, 316,  157.0,  23,  Nuc1483174,  2670,  0, 0, 0, , 0, 0, 0, 0, 0,
36,  1,  36,  35,  -1,  624, 382,  150.0,  21,  Nuc1500677,  2902,  0, 0, 0, , 0, 0, 0, 0, 0,
37,  1,  37,  36,  -1,  560, 322,  155.0,  21,  Nuc1553311,  2986,  0, 0, 0, , 0, 0, 0, 0, 0,
38,  1,  39,  37,  -1,  672, 550,  154.0,  23,  Nuc1584532,  3247,  0, 0, 0, , 0, 0, 0, 0, 0,
39,  1,  40,  38,  -1,  368, 421,  160.0,  23,  Nuc1740517,  1665,  0, 0, 0, , 0, 0, 0, 0, 0,
40,  1,  42,  39,  -1,  498, 534,  167.0,  27,  Nuc1740535,  2404,  0, 0, 0, , 0, 0, 0, 0, 0,
41,  1,  42,  40,  -1,  517, 575,  165.0,  31,  Nuc1740550,  4428,  0, 0, 0, , 0, 0, 0, 0, 0,
42,  1,  43,  41,  -1,  567, 534,  167.0,  29,  Nuc1740555,  2448,  0, 0, 0, , 0, 0, 0, 0, 0,
43,  1,  43,  42,  -1,  534, 552,  161.0,  21,  Nuc1740565,  2089,  0, 0, 0, , 0, 0, 0, 0, 0,
44,  1,  44,  43,  -1,  352, 656,  168.0,  21,  Nuc1773124,  2583,  0, 0, 0, , 0, 0, 0, 0, 0,
45,  1,  45,  44,  -1,  502, 438,  169.0,  21,  Nuc1794067,  3925,  0, 0, 0, , 0, 0, 0, 0, 0,
46,  1,  46,  45,  -1,  660, 447,  165.0,  21,  Nuc1800277,  3458,  0, 0, 0, , 0, 0, 0, 0, 0,
47,  1,  47,  46,  -1,  722, 556,  169.0,  21,  Nuc1850251,  3907,  0, 0, 0, , 0, 0, 0, 0, 0,
48,  1,  48,  47,  -1,  464, 690,  171.0,  21,  Nuc1869338,  2880,  0, 0, 0, , 0, 0, 0, 0, 0,
49,  1,  49,  48,  -1,  306, 534,  168.0,  23,  Nuc1869938,  1337,  0, 0, 0, , 0, 0, 0, 0, 0,
50,  1,  50,  -1,  -1,  614, 623,  182.0,  47,  Nuc1869945,  4449,  0, 0, 0, , 0, 0, 0, 0, 0,
51,  1,  50,  49,  -1,  578, 715,  170.0,  21,  Nuc1869946,  3275,  0, 0, 0, , 0, 0, 0, 0, 0,
52,  1,  51,  50,  -1,  614, 640,  174.0,  21,  Nuc1892089,  2684,  0, 0, 0, , 0, 0, 0, 0, 0,
53,  1,  52,  51,  -1,  610, 510,  175.0,  21,  Nuc1922028,  3294,  0, 0, 0, , 0, 0, 0, 0, 0,
54,  1,  53,  -1,  -1,  408, 624,  185.0,  31,  Nuc1923236,  481,  0, 0, 0, , 0, 0, 0, 0, 0,
55,  1,  54,  52,  -1,  460, 613,  176.0,  23,  Nuc1923239,  3635,  0, 0, 0, , 0, 0, 0, 0, 0,
56,  1,  55,  53,  -1,  386, 526,  180.0,  23,  Nuc1953678,  2845,  0, 0, 0, , 0, 0, 0, 0, 0,
57,  1,  56,  -1,  -1,  462, 552,  187.0,  45,  Nuc1954870,  3998,  0, 0, 0, , 0, 0, 0, 0, 0,
58,  1,  57,  54,  -1,  508, 542,  181.0,  23,  Nuc1954873,  3710,  0, 0, 0, , 0, 0, 0, 0, 0,
59,  1,  58,  -1,  -1,  485, 573,  184.0,  39,  Nuc1968769,  641,  0, 0, 0, , 0, 0, 0, 0, 0,
60,  1,  58,  55,  -1,  523, 621,  185.0,  47,  Nuc1968770,  4685,  0, 0, 0, , 0, 0, 0, 0, 0,
61,  1,  59,  56,  -1,  284, 700,  140.0,  21,  Nuc2009176,  2566,  0, 0, 0, , 0, 0, 0, 0, 0,
62,  1,  60,  57,  -1,  230, 446,  137.0,  21,  Nuc2012628,  899,  0, 0, 0, , 0, 0, 0, 0, 0,
63,  1,  61,  58,  -1,  285, 623,  162.0,  25,  Nuc2012653,  1806,  0, 0, 0, , 0, 0, 0, 0, 0,
64,  1,  -1,  59,  -1,  525, 578,  168.0,  33,  Nuc2012655,  10015,  0, 0, 0, , 0, 0, 0, 0, 0,
65,  1,  -1,  -1,  -1,  225, 539,  140.0,  23,  Nuc2012659,  1223,  0, 0, 0, , 0, 0, 0, 0, 0,
66,  1,  -1,  -1,  -1,  569, 572,  163.0,  31,  Nuc2012660,  1367,  0, 0, 0, , 0, 0, 0, 0, 0,
