1,  1,  2,  1,  -1,  495, 949,  102.0,  25,  Nuc9,  3100,  0, 0, 0, , 0, 0, 0, 0, 0,
2,  1,  3,  2,  -1,  681, 937,  99.0,  25,  Nuc29616,  3096,  0, 0, 0, , 0, 0, 0, 0, 0,
3,  1,  4,  3,  -1,  636, 905,  114.0,  23,  Nuc63928,  3155,  0, 0, 0, , 0, 0, 0, 0, 0,
4,  1,  5,  4,  -1,  510, 898,  119.0,  25,  Nuc90539,  2437,  0, 0, 0, , 0, 0, 0, 0, 0,
5,  1,  6,  5,  -1,  315, 243,  121.0,  25,  Nuc152710,  1530,  0, 0, 0, , 0, 0, 0, 0, 0,
6,  1,  7,  6,  -1,  725, 828,  128.0,  23,  Nuc152855,  3130,  0, 0, 0, , 0, 0, 0, 0, 0,
7,  1,  8,  7,  -1,  799, 845,  116.0,  25,  Nuc209708,  3330,  0, 0, 0, , 0, 0, 0, 0, 0,
8,  1,  9,  8,  -1,  699, 217,  120.0,  23,  Nuc251829,  2336,  0, 0, 0, , 0, 0, 0, 0, 0,
9,  1,  10,  9,  -1,  622, 214,  125.0,  23,  Nuc274930,  3123,  0, 0, 0, , 0, 0, 0, 0, 0,
10,  1,  11,  10,  -1,  864, 339,  118.0,  25,  Nuc314268,  2826,  0, 0, 0, , 0, 0, 0, 0, 0,
11,  1,  12,  11,  -1,  798, 332,  130.0,  23,  Nuc370552,  2965,  0, 0, 0, , 0, 0, 0, 0, 0,
12,  1,  13,  12,  -1,  414, 210,  121.0,  23,  Nuc445457,  1566,  0, 0, 0, , 0, 0, 0, 0, 0,
13,  1,  14,  13,  -1,  493, 189,  124.0,  23,  Nuc454623,  2915,  0, 0, 0, , 0, 0, 0, 0, 0,
14,  1,  15,  14,  -1,  876, 719,  123.0,  23,  Nuc466236,  3855,  0, 0, 0, , 0, 0, 0, 0, 0,
15,  1,  16,  15,  -1,  801, 728,  136.0,  23,  Nuc546667,  2819,  0, 0, 0, , 0, 0, 0, 0, 0,
16,  1,  17,  16,  -1,  402, 844,  133.0,  23,  Nuc681984,  2841,  0, 0, 0, , 0, 0, 0, 0, 0,
17,  1,  18,  17,  -1,  338, 521,  141.0,  23,  Nuc701672,  1748,  0, 0, 0, , 0, 0, 0, 0, 0,
18,  1,  19,  18,  -1,  254, 352,  134.0,  23,  Nuc701702,  953,  0, 0, 0, , 0, 0, 0, 0, 0,
19,  1,  20,  19,  -1,  363, 768,  142.0,  23,  Nuc701720,  2703,  0, 0, 0, , 0, 0, 0, 0, 0,
20,  1,  21,  20,  -1,  333, 343,  144.0,  23,  Nuc701737,  2406,  0, 0, 0, , 0, 0, 0, 0, 0,
21,  1,  22,  21,  -1,  875, 502,  135.0,  21,  Nuc701755,  2950,  0, 0, 0, , 0, 0, 0, 0, 0,
22,  1,  23,  22,  -1,  789, 500,  147.0,  23,  Nuc765500,  3450,  0, 0, 0, , 0, 0, 0, 0, 0,
23,  1,  24,  23,  -1,  884, 609,  135.0,  23,  Nuc799469,  3250,  0, 0, 0, , 0, 0, 0, 0, 0,
24,  1,  25,  24,  -1,  807, 620,  148.0,  21,  Nuc911845,  2727,  0, 0, 0, , 0, 0, 0, 0, 0,
25,  1,  26,  25,  -1,  449, 636,  142.0,  23,  Nuc1024028,  3160,  0, 0, 0, , 0, 0, 0, 0, 0,
26,  1,  27,  26,  -1,  467, 746,  138.0,  23,  Nuc1056992,  2968,  0, 0, 0, , 0, 0, 0, 0, 0,
27,  1,  28,  27,  28,  606, 711,  138.0,  23,  Nuc1057846,  3790,  0, 0, 0, , 0, 0, 0, 0, 0,
28,  1,  29,  29,  -1,  465, 555,  142.0,  23,  Nuc1208066,  2999,  0, 0, 0, , 0, 0, 0, 0, 0,
29,  1,  30,  30,  -1,  524, 819,  148.0,  23,  Nuc1210560,  3193,  0, 0, 0, , 0, 0, 0, 0, 0,
30,  1,  31,  31,  -1,  620, 623,  145.0,  23,  Nuc1272712,  3383,  0, 0, 0, , 0, 0, 0, 0, 0,
31,  1,  32,  32,  -1,  405, 456,  139.0,  23,  Nuc1418663,  3171,  0, 0, 0, , 0, 0, 0, 0, 0,
32,  1,  33,  33,  -1,  468, 372,  141.0,  23,  Nuc1418726,  2392,  0, 0, 0, , 0, 0, 0, 0, 0,
33,  1,  34,  34,  -1,  541, 470,  147.0,  23,  Nuc1418803,  3454,  0, 0, 0, , 0, 0, 0, 0, 0,
34,  1,  35,  35,  -1,  434, 312,  157.0,  23,  Nuc1483175,  2886,  0, 0, 0, , 0, 0, 0, 0, 0,
35,  1,  36,  36,  -1,  629, 385,  149.0,  23,  Nuc1500678,  3199,  0, 0, 0, , 0, 0, 0, 0, 0,
36,  1,  37,  37,  -1,  558, 318,  154.0,  23,  Nuc1553312,  3407,  0, 0, 0, , 0, 0, 0, 0, 0,
37,  1,  38,  38,  -1,  670, 548,  154.0,  23,  Nuc1584533,  4109,  0, 0, 0, , 0, 0, 0, 0, 0,
38,  1,  39,  39,  -1,  367, 419,  160.0,  23,  Nuc1740518,  2885,  0, 0, 0, , 0, 0, 0, 0, 0,
39,  1,  40,  40,  -1,  495, 533,  168.0,  33,  Nuc1740536,  1568,  0, 0, 0, , 0, 0, 0, 0, 0,
40,  1,  41,  41,  -1,  512, 573,  164.0,  29,  Nuc1740551,  2813,  0, 0, 0, , 0, 0, 0, 0, 0,
41,  1,  42,  42,  -1,  568, 535,  167.0,  33,  Nuc1740556,  2170,  0, 0, 0, , 0, 0, 0, 0, 0,
42,  1,  43,  43,  -1,  532, 545,  162.0,  21,  Nuc1740566,  3297,  0, 0, 0, , 0, 0, 0, 0, 0,
43,  1,  44,  44,  -1,  353, 655,  166.0,  21,  Nuc1773125,  3177,  0, 0, 0, , 0, 0, 0, 0, 0,
44,  1,  45,  45,  -1,  501, 433,  169.0,  23,  Nuc1794068,  4459,  0, 0, 0, , 0, 0, 0, 0, 0,
45,  1,  46,  46,  -1,  663, 449,  164.0,  23,  Nuc1800278,  4009,  0, 0, 0, , 0, 0, 0, 0, 0,
46,  1,  47,  47,  -1,  720, 554,  168.0,  23,  Nuc1850252,  4381,  0, 0, 0, , 0, 0, 0, 0, 0,
47,  1,  48,  48,  -1,  466, 691,  171.0,  23,  Nuc1869339,  3451,  0, 0, 0, , 0, 0, 0, 0, 0,
48,  1,  49,  49,  -1,  305, 532,  166.0,  23,  Nuc1869939,  2107,  0, 0, 0, , 0, 0, 0, 0, 0,
49,  1,  51,  50,  -1,  578, 717,  169.0,  23,  Nuc1869947,  3570,  0, 0, 0, , 0, 0, 0, 0, 0,
50,  1,  52,  51,  52,  616, 637,  173.0,  23,  Nuc1892090,  3969,  0, 0, 0, , 0, 0, 0, 0, 0,
51,  1,  53,  53,  -1,  610, 511,  175.0,  23,  Nuc1922029,  4180,  0, 0, 0, , 0, 0, 0, 0, 0,
52,  1,  55,  54,  55,  458, 614,  176.0,  23,  Nuc1923240,  4129,  0, 0, 0, , 0, 0, 0, 0, 0,
53,  1,  56,  56,  57,  390, 524,  179.0,  23,  Nuc1953679,  3451,  0, 0, 0, , 0, 0, 0, 0, 0,
54,  1,  58,  58,  59,  509, 540,  181.0,  23,  Nuc1954874,  4250,  0, 0, 0, , 0, 0, 0, 0, 0,
55,  1,  60,  60,  61,  536, 618,  184.0,  24,  Nuc1968771,  1952,  0, 0, 0, , 0, 0, 0, 0, 0,
56,  1,  61,  62,  -1,  286, 699,  140.0,  23,  Nuc2009177,  2927,  0, 0, 0, , 0, 0, 0, 0, 0,
57,  1,  62,  63,  64,  234, 447,  138.0,  21,  Nuc2012629,  1584,  0, 0, 0, , 0, 0, 0, 0, 0,
58,  1,  63,  -1,  -1,  288, 622,  163.0,  27,  Nuc2012654,  1631,  0, 0, 0, , 0, 0, 0, 0, 0,
59,  1,  64,  65,  -1,  529, 578,  169.0,  33,  Nuc2012656,  6934,  0, 0, 0, , 0, 0, 0, 0, 0,
