1,  1,  1,  1,  -1,  495, 952,  100.0,  23,  Nuc10,  3205,  0, 0, 0, , 0, 0, 0, 0, 0,
2,  1,  2,  2,  -1,  685, 940,  98.0,  25,  Nuc29617,  3214,  0, 0, 0, , 0, 0, 0, 0, 0,
3,  1,  3,  3,  -1,  633, 905,  115.0,  23,  Nuc63929,  3140,  0, 0, 0, , 0, 0, 0, 0, 0,
4,  1,  4,  4,  -1,  511, 893,  120.0,  23,  Nuc90540,  2622,  0, 0, 0, , 0, 0, 0, 0, 0,
5,  1,  5,  5,  -1,  319, 237,  121.0,  23,  Nuc152711,  1854,  0, 0, 0, , 0, 0, 0, 0, 0,
6,  1,  6,  6,  -1,  723, 826,  129.0,  21,  Nuc152856,  2836,  0, 0, 0, , 0, 0, 0, 0, 0,
7,  1,  7,  7,  -1,  807, 845,  113.0,  23,  Nuc209709,  3627,  0, 0, 0, , 0, 0, 0, 0, 0,
8,  1,  8,  8,  -1,  706, 217,  119.0,  23,  Nuc251830,  2536,  0, 0, 0, , 0, 0, 0, 0, 0,
9,  1,  9,  9,  -1,  616, 211,  125.0,  23,  Nuc274931,  3180,  0, 0, 0, , 0, 0, 0, 0, 0,
10,  1,  10,  10,  -1,  871, 340,  117.0,  23,  Nuc314269,  3002,  0, 0, 0, , 0, 0, 0, 0, 0,
11,  1,  11,  11,  -1,  793, 329,  130.0,  23,  Nuc370553,  3143,  0, 0, 0, , 0, 0, 0, 0, 0,
12,  1,  12,  12,  -1,  412, 208,  120.0,  23,  Nuc445458,  1864,  0, 0, 0, , 0, 0, 0, 0, 0,
13,  1,  13,  13,  -1,  496, 189,  124.0,  23,  Nuc454624,  2829,  0, 0, 0, , 0, 0, 0, 0, 0,
14,  1,  14,  14,  -1,  884, 718,  122.0,  23,  Nuc466237,  3462,  0, 0, 0, , 0, 0, 0, 0, 0,
15,  1,  15,  15,  -1,  796, 727,  137.0,  21,  Nuc546668,  3554,  0, 0, 0, , 0, 0, 0, 0, 0,
16,  1,  16,  16,  -1,  406, 846,  132.0,  23,  Nuc681985,  2623,  0, 0, 0, , 0, 0, 0, 0, 0,
17,  1,  17,  17,  18,  338, 519,  142.0,  21,  Nuc701673,  1354,  0, 0, 0, , 0, 0, 0, 0, 0,
18,  1,  18,  19,  -1,  251, 351,  134.0,  23,  Nuc701703,  1737,  0, 0, 0, , 0, 0, 0, 0, 0,
19,  1,  19,  20,  -1,  363, 762,  142.0,  21,  Nuc701721,  3030,  0, 0, 0, , 0, 0, 0, 0, 0,
20,  1,  20,  21,  -1,  336, 343,  143.0,  21,  Nuc701738,  2744,  0, 0, 0, , 0, 0, 0, 0, 0,
21,  1,  21,  22,  -1,  881, 500,  134.0,  21,  Nuc701756,  3158,  0, 0, 0, , 0, 0, 0, 0, 0,
22,  1,  22,  23,  -1,  780, 497,  147.0,  21,  Nuc765501,  3568,  0, 0, 0, , 0, 0, 0, 0, 0,
23,  1,  23,  24,  -1,  894, 607,  133.0,  23,  Nuc799470,  3492,  0, 0, 0, , 0, 0, 0, 0, 0,
24,  1,  24,  25,  -1,  803, 618,  149.0,  23,  Nuc911846,  3573,  0, 0, 0, , 0, 0, 0, 0, 0,
25,  1,  25,  26,  -1,  445, 636,  142.0,  23,  Nuc1024029,  3323,  0, 0, 0, , 0, 0, 0, 0, 0,
26,  1,  26,  27,  28,  469, 742,  137.0,  21,  Nuc1056993,  3123,  0, 0, 0, , 0, 0, 0, 0, 0,
27,  1,  27,  29,  -1,  566, 710,  155.0,  24,  Nuc1057847,  539,  0, 0, 0, , 0, 0, 0, 0, 0,
28,  1,  27,  30,  -1,  607, 709,  137.0,  23,  Nuc1057851,  3875,  0, 0, 0, , 0, 0, 0, 0, 0,
29,  1,  28,  31,  -1,  465, 553,  143.0,  23,  Nuc1208067,  3529,  0, 0, 0, , 0, 0, 0, 0, 0,
30,  1,  29,  32,  -1,  531, 818,  148.0,  23,  Nuc1210561,  3148,  0, 0, 0, , 0, 0, 0, 0, 0,
31,  1,  30,  33,  -1,  623, 616,  144.0,  23,  Nuc1272713,  3975,  0, 0, 0, , 0, 0, 0, 0, 0,
32,  1,  31,  34,  -1,  405, 452,  138.0,  23,  Nuc1418664,  3209,  0, 0, 0, , 0, 0, 0, 0, 0,
33,  1,  32,  35,  -1,  468, 369,  140.0,  23,  Nuc1418727,  2403,  0, 0, 0, , 0, 0, 0, 0, 0,
34,  1,  33,  36,  -1,  541, 469,  146.0,  23,  Nuc1418804,  3770,  0, 0, 0, , 0, 0, 0, 0, 0,
35,  1,  34,  37,  -1,  431, 308,  156.0,  23,  Nuc1483176,  3417,  0, 0, 0, , 0, 0, 0, 0, 0,
36,  1,  35,  38,  -1,  632, 386,  147.0,  23,  Nuc1500679,  3459,  0, 0, 0, , 0, 0, 0, 0, 0,
37,  1,  36,  39,  -1,  553, 314,  154.0,  21,  Nuc1553313,  3528,  0, 0, 0, , 0, 0, 0, 0, 0,
38,  1,  37,  40,  -1,  669, 547,  153.0,  23,  Nuc1584534,  5328,  0, 0, 0, , 0, 0, 0, 0, 0,
39,  1,  38,  41,  -1,  363, 418,  160.0,  23,  Nuc1740519,  2779,  0, 0, 0, , 0, 0, 0, 0, 0,
40,  1,  39,  42,  43,  494, 533,  168.0,  41,  Nuc1740537,  3554,  0, 0, 0, , 0, 0, 0, 0, 0,
41,  1,  40,  -1,  -1,  509, 572,  163.0,  33,  Nuc1740552,  1690,  0, 0, 0, , 0, 0, 0, 0, 0,
42,  1,  41,  44,  -1,  570, 536,  167.0,  35,  Nuc1740557,  1598,  0, 0, 0, , 0, 0, 0, 0, 0,
43,  1,  42,  45,  -1,  532, 544,  161.0,  21,  Nuc1740567,  3213,  0, 0, 0, , 0, 0, 0, 0, 0,
44,  1,  43,  46,  -1,  356, 656,  167.0,  21,  Nuc1773126,  3166,  0, 0, 0, , 0, 0, 0, 0, 0,
45,  1,  44,  47,  -1,  500, 430,  170.0,  23,  Nuc1794069,  4872,  0, 0, 0, , 0, 0, 0, 0, 0,
46,  1,  45,  48,  -1,  667, 450,  163.0,  23,  Nuc1800279,  4516,  0, 0, 0, , 0, 0, 0, 0, 0,
47,  1,  46,  49,  -1,  722, 554,  169.0,  23,  Nuc1850253,  4924,  0, 0, 0, , 0, 0, 0, 0, 0,
48,  1,  47,  50,  -1,  463, 693,  170.0,  23,  Nuc1869340,  3765,  0, 0, 0, , 0, 0, 0, 0, 0,
49,  1,  48,  51,  -1,  303, 530,  166.0,  23,  Nuc1869940,  3448,  0, 0, 0, , 0, 0, 0, 0, 0,
50,  1,  49,  52,  -1,  581, 722,  169.0,  23,  Nuc1869948,  3336,  0, 0, 0, , 0, 0, 0, 0, 0,
51,  1,  50,  53,  -1,  615, 622,  181.0,  57,  Nuc1892091,  7906,  0, 0, 0, , 0, 0, 0, 0, 0,
52,  1,  50,  54,  -1,  618, 636,  172.0,  23,  Nuc1892098,  4417,  0, 0, 0, , 0, 0, 0, 0, 0,
53,  1,  51,  55,  -1,  613, 513,  174.0,  23,  Nuc1922030,  5085,  0, 0, 0, , 0, 0, 0, 0, 0,
54,  1,  52,  -1,  -1,  432, 621,  185.0,  35,  Nuc1923241,  453,  0, 0, 0, , 0, 0, 0, 0, 0,
55,  1,  52,  56,  -1,  460, 613,  175.0,  23,  Nuc1923242,  5683,  0, 0, 0, , 0, 0, 0, 0, 0,
56,  1,  53,  -1,  -1,  409, 623,  185.0,  29,  Nuc1953680,  496,  0, 0, 0, , 0, 0, 0, 0, 0,
57,  1,  53,  57,  -1,  391, 524,  179.0,  23,  Nuc1953681,  3600,  0, 0, 0, , 0, 0, 0, 0, 0,
58,  1,  54,  58,  -1,  460, 552,  186.0,  41,  Nuc1954875,  2364,  0, 0, 0, , 0, 0, 0, 0, 0,
59,  1,  54,  59,  -1,  510, 537,  181.0,  23,  Nuc1954883,  4543,  0, 0, 0, , 0, 0, 0, 0, 0,
60,  1,  55,  -1,  -1,  525, 619,  185.0,  24,  Nuc1968772,  824,  0, 0, 0, , 0, 0, 0, 0, 0,
61,  1,  55,  60,  -1,  538, 616,  184.0,  24,  Nuc1968773,  1985,  0, 0, 0, , 0, 0, 0, 0, 0,
62,  1,  56,  61,  62,  287, 699,  140.0,  23,  Nuc2009178,  2930,  0, 0, 0, , 0, 0, 0, 0, 0,
63,  1,  57,  63,  -1,  227, 535,  140.0,  23,  Nuc2012630,  1320,  0, 0, 0, , 0, 0, 0, 0, 0,
64,  1,  57,  64,  -1,  241, 446,  139.0,  21,  Nuc2012638,  1551,  0, 0, 0, , 0, 0, 0, 0, 0,
65,  1,  59,  65,  -1,  546, 579,  169.0,  31,  Nuc2012657,  2837,  0, 0, 0, , 0, 0, 0, 0, 0,
66,  1,  -1,  66,  -1,  382, 912,  104.0,  25,  Nuc2012661,  1954,  0, 0, 0, , 0, 0, 0, 0, 0,
