1,  1,  1,  1,  -1,  498, 954,  98.0,  25,  Nuc11,  3544,  0, 0, 0, , 0, 0, 0, 0, 0,
2,  1,  2,  2,  -1,  690, 941,  96.0,  27,  Nuc29618,  3667,  0, 0, 0, , 0, 0, 0, 0, 0,
3,  1,  3,  3,  -1,  627, 902,  116.0,  25,  Nuc63930,  3171,  0, 0, 0, , 0, 0, 0, 0, 0,
4,  1,  4,  4,  -1,  510, 886,  121.0,  23,  Nuc90541,  3585,  0, 0, 0, , 0, 0, 0, 0, 0,
5,  1,  5,  5,  -1,  322, 231,  120.0,  25,  Nuc152712,  2595,  0, 0, 0, , 0, 0, 0, 0, 0,
6,  1,  6,  6,  -1,  717, 824,  129.0,  23,  Nuc152857,  3367,  0, 0, 0, , 0, 0, 0, 0, 0,
7,  1,  7,  7,  -1,  820, 841,  110.0,  25,  Nuc209710,  4550,  0, 0, 0, , 0, 0, 0, 0, 0,
8,  1,  8,  8,  -1,  713, 219,  118.0,  23,  Nuc251831,  3373,  0, 0, 0, , 0, 0, 0, 0, 0,
9,  1,  9,  9,  -1,  610, 209,  124.0,  23,  Nuc274932,  3623,  0, 0, 0, , 0, 0, 0, 0, 0,
10,  1,  10,  10,  -1,  879, 341,  115.0,  23,  Nuc314270,  3727,  0, 0, 0, , 0, 0, 0, 0, 0,
11,  1,  11,  11,  -1,  788, 331,  131.0,  23,  Nuc370554,  3637,  0, 0, 0, , 0, 0, 0, 0, 0,
12,  1,  12,  12,  -1,  409, 210,  120.0,  23,  Nuc445459,  2626,  0, 0, 0, , 0, 0, 0, 0, 0,
13,  1,  13,  13,  -1,  502, 187,  124.0,  23,  Nuc454625,  3157,  0, 0, 0, , 0, 0, 0, 0, 0,
14,  1,  14,  14,  -1,  894, 714,  119.0,  23,  Nuc466238,  4008,  0, 0, 0, , 0, 0, 0, 0, 0,
15,  1,  15,  15,  -1,  792, 729,  138.0,  23,  Nuc546669,  4064,  0, 0, 0, , 0, 0, 0, 0, 0,
16,  1,  16,  16,  -1,  410, 844,  131.0,  23,  Nuc681986,  3228,  0, 0, 0, , 0, 0, 0, 0, 0,
17,  1,  17,  17,  -1,  302, 524,  160.0,  25,  Nuc701674,  4457,  0, 0, 0, , 0, 0, 0, 0, 0,
18,  1,  17,  18,  -1,  341, 521,  141.0,  23,  Nuc701686,  3207,  0, 0, 0, , 0, 0, 0, 0, 0,
19,  1,  18,  19,  -1,  250, 353,  133.0,  25,  Nuc701704,  1868,  0, 0, 0, , 0, 0, 0, 0, 0,
20,  1,  19,  20,  -1,  366, 759,  143.0,  23,  Nuc701722,  3053,  0, 0, 0, , 0, 0, 0, 0, 0,
21,  1,  20,  21,  -1,  336, 340,  142.0,  23,  Nuc701739,  2847,  0, 0, 0, , 0, 0, 0, 0, 0,
22,  1,  21,  22,  -1,  886, 497,  133.0,  23,  Nuc701757,  3767,  0, 0, 0, , 0, 0, 0, 0, 0,
23,  1,  22,  23,  -1,  774, 497,  147.0,  23,  Nuc765502,  4270,  0, 0, 0, , 0, 0, 0, 0, 0,
24,  1,  23,  24,  -1,  906, 599,  130.0,  23,  Nuc799471,  4015,  0, 0, 0, , 0, 0, 0, 0, 0,
25,  1,  24,  25,  -1,  800, 617,  149.0,  23,  Nuc911847,  4236,  0, 0, 0, , 0, 0, 0, 0, 0,
26,  1,  25,  26,  -1,  448, 638,  142.0,  25,  Nuc1024030,  3914,  0, 0, 0, , 0, 0, 0, 0, 0,
27,  1,  26,  -1,  -1,  438, 719,  153.0,  39,  Nuc1056994,  631,  0, 0, 0, , 0, 0, 0, 0, 0,
28,  1,  26,  27,  -1,  468, 740,  135.0,  23,  Nuc1056995,  3439,  0, 0, 0, , 0, 0, 0, 0, 0,
29,  1,  27,  28,  -1,  563, 715,  154.0,  37,  Nuc1057848,  3025,  0, 0, 0, , 0, 0, 0, 0, 0,
30,  1,  28,  29,  -1,  611, 710,  136.0,  23,  Nuc1057852,  4419,  0, 0, 0, , 0, 0, 0, 0, 0,
31,  1,  29,  30,  -1,  461, 551,  143.0,  23,  Nuc1208068,  3623,  0, 0, 0, , 0, 0, 0, 0, 0,
32,  1,  30,  31,  -1,  534, 818,  148.0,  23,  Nuc1210562,  4320,  0, 0, 0, , 0, 0, 0, 0, 0,
33,  1,  31,  32,  -1,  632, 615,  143.0,  23,  Nuc1272714,  5371,  0, 0, 0, , 0, 0, 0, 0, 0,
34,  1,  32,  33,  -1,  406, 451,  138.0,  25,  Nuc1418665,  3269,  0, 0, 0, , 0, 0, 0, 0, 0,
35,  1,  33,  34,  -1,  467, 366,  139.0,  23,  Nuc1418728,  2904,  0, 0, 0, , 0, 0, 0, 0, 0,
36,  1,  34,  35,  -1,  544, 470,  144.0,  23,  Nuc1418805,  5057,  0, 0, 0, , 0, 0, 0, 0, 0,
37,  1,  35,  36,  -1,  432, 303,  156.0,  23,  Nuc1483177,  4165,  0, 0, 0, , 0, 0, 0, 0, 0,
38,  1,  36,  37,  -1,  636, 386,  146.0,  23,  Nuc1500680,  4808,  0, 0, 0, , 0, 0, 0, 0, 0,
39,  1,  37,  38,  -1,  550, 311,  154.0,  23,  Nuc1553314,  4007,  0, 0, 0, , 0, 0, 0, 0, 0,
40,  1,  38,  39,  -1,  666, 548,  153.0,  23,  Nuc1584535,  5332,  0, 0, 0, , 0, 0, 0, 0, 0,
41,  1,  39,  40,  -1,  361, 417,  160.0,  23,  Nuc1740520,  4178,  0, 0, 0, , 0, 0, 0, 0, 0,
42,  1,  40,  41,  -1,  453, 470,  167.0,  31,  Nuc1740538,  1084,  0, 0, 0, , 0, 0, 0, 0, 0,
43,  1,  40,  42,  -1,  491, 533,  168.0,  41,  Nuc1740541,  4479,  0, 0, 0, , 0, 0, 0, 0, 0,
44,  1,  42,  43,  44,  568, 536,  167.0,  39,  Nuc1740558,  2734,  0, 0, 0, , 0, 0, 0, 0, 0,
45,  1,  43,  45,  46,  535, 539,  158.0,  23,  Nuc1740568,  4098,  0, 0, 0, , 0, 0, 0, 0, 0,
46,  1,  44,  47,  -1,  357, 657,  166.0,  23,  Nuc1773127,  4211,  0, 0, 0, , 0, 0, 0, 0, 0,
47,  1,  45,  48,  -1,  502, 430,  171.0,  23,  Nuc1794070,  5982,  0, 0, 0, , 0, 0, 0, 0, 0,
48,  1,  46,  49,  -1,  670, 450,  161.0,  23,  Nuc1800280,  6099,  0, 0, 0, , 0, 0, 0, 0, 0,
49,  1,  47,  50,  -1,  725, 555,  169.0,  25,  Nuc1850254,  5932,  0, 0, 0, , 0, 0, 0, 0, 0,
50,  1,  48,  51,  -1,  465, 698,  169.0,  25,  Nuc1869341,  5300,  0, 0, 0, , 0, 0, 0, 0, 0,
51,  1,  49,  -1,  -1,  302, 528,  166.0,  25,  Nuc1869941,  4430,  0, 0, 0, , 0, 0, 0, 0, 0,
52,  1,  50,  52,  -1,  585, 723,  168.0,  23,  Nuc1869949,  4599,  0, 0, 0, , 0, 0, 0, 0, 0,
53,  1,  51,  53,  -1,  617, 622,  181.0,  55,  Nuc1892092,  5335,  0, 0, 0, , 0, 0, 0, 0, 0,
54,  1,  52,  54,  -1,  622, 631,  172.0,  25,  Nuc1892099,  5182,  0, 0, 0, , 0, 0, 0, 0, 0,
55,  1,  53,  55,  -1,  612, 515,  173.0,  23,  Nuc1922031,  5644,  0, 0, 0, , 0, 0, 0, 0, 0,
56,  1,  55,  56,  -1,  464, 612,  175.0,  23,  Nuc1923243,  6205,  0, 0, 0, , 0, 0, 0, 0, 0,
57,  1,  57,  57,  -1,  394, 525,  179.0,  25,  Nuc1953682,  4584,  0, 0, 0, , 0, 0, 0, 0, 0,
58,  1,  58,  58,  -1,  464, 551,  186.0,  45,  Nuc1954876,  2045,  0, 0, 0, , 0, 0, 0, 0, 0,
59,  1,  59,  59,  -1,  511, 535,  182.0,  25,  Nuc1954884,  4790,  0, 0, 0, , 0, 0, 0, 0, 0,
60,  1,  61,  60,  -1,  536, 617,  184.0,  25,  Nuc1968774,  4682,  0, 0, 0, , 0, 0, 0, 0, 0,
61,  1,  62,  -1,  -1,  282, 619,  152.0,  23,  Nuc2009179,  1711,  0, 0, 0, , 0, 0, 0, 0, 0,
62,  1,  62,  61,  -1,  291, 696,  140.0,  23,  Nuc2009180,  3518,  0, 0, 0, , 0, 0, 0, 0, 0,
63,  1,  63,  62,  -1,  230, 535,  140.0,  23,  Nuc2012631,  2449,  0, 0, 0, , 0, 0, 0, 0, 0,
64,  1,  64,  63,  -1,  245, 446,  140.0,  23,  Nuc2012639,  1448,  0, 0, 0, , 0, 0, 0, 0, 0,
65,  1,  65,  -1,  -1,  548, 579,  168.0,  27,  Nuc2012658,  1522,  0, 0, 0, , 0, 0, 0, 0, 0,
66,  1,  66,  64,  65,  387, 912,  103.0,  25,  Nuc2012662,  2579,  0, 0, 0, , 0, 0, 0, 0, 0,
