1,  1,  1,  1,  -1,  497, 956,  96.0,  27,  Nuc12,  3703,  0, 0, 0, , 0, 0, 0, 0, 0,
2,  1,  2,  2,  -1,  694, 943,  94.0,  27,  Nuc29619,  3914,  0, 0, 0, , 0, 0, 0, 0, 0,
3,  1,  3,  3,  -1,  624, 897,  117.0,  23,  Nuc63931,  4007,  0, 0, 0, , 0, 0, 0, 0, 0,
4,  1,  4,  4,  -1,  509, 881,  123.0,  25,  Nuc90542,  4248,  0, 0, 0, , 0, 0, 0, 0, 0,
5,  1,  5,  5,  -1,  324, 230,  120.0,  27,  Nuc152713,  2989,  0, 0, 0, , 0, 0, 0, 0, 0,
6,  1,  6,  6,  -1,  713, 823,  131.0,  25,  Nuc152858,  4479,  0, 0, 0, , 0, 0, 0, 0, 0,
7,  1,  7,  7,  -1,  827, 838,  108.0,  27,  Nuc209711,  4874,  0, 0, 0, , 0, 0, 0, 0, 0,
8,  1,  8,  8,  -1,  716, 221,  117.0,  25,  Nuc251832,  4207,  0, 0, 0, , 0, 0, 0, 0, 0,
9,  1,  9,  9,  -1,  607, 208,  124.0,  25,  Nuc274933,  3888,  0, 0, 0, , 0, 0, 0, 0, 0,
10,  1,  10,  10,  -1,  882, 348,  113.0,  23,  Nuc314271,  3713,  0, 0, 0, , 0, 0, 0, 0, 0,
11,  1,  11,  11,  -1,  781, 335,  133.0,  23,  Nuc370555,  3975,  0, 0, 0, , 0, 0, 0, 0, 0,
12,  1,  12,  12,  -1,  408, 208,  118.0,  25,  Nuc445460,  3648,  0, 0, 0, , 0, 0, 0, 0, 0,
13,  1,  13,  13,  -1,  506, 188,  124.0,  25,  Nuc454626,  3560,  0, 0, 0, , 0, 0, 0, 0, 0,
14,  1,  14,  14,  15,  903, 711,  116.0,  25,  Nuc466239,  4255,  0, 0, 0, , 0, 0, 0, 0, 0,
15,  1,  15,  16,  -1,  784, 727,  139.0,  23,  Nuc546670,  4564,  0, 0, 0, , 0, 0, 0, 0, 0,
16,  1,  16,  17,  -1,  407, 847,  131.0,  25,  Nuc681987,  3678,  0, 0, 0, , 0, 0, 0, 0, 0,
17,  1,  17,  18,  19,  299, 524,  161.0,  25,  Nuc701675,  4981,  0, 0, 0, , 0, 0, 0, 0, 0,
18,  1,  18,  20,  21,  339, 521,  141.0,  25,  Nuc701687,  3863,  0, 0, 0, , 0, 0, 0, 0, 0,
19,  1,  19,  22,  -1,  247, 359,  133.0,  25,  Nuc701705,  1547,  0, 0, 0, , 0, 0, 0, 0, 0,
20,  1,  20,  23,  -1,  366, 758,  142.0,  23,  Nuc701723,  4103,  0, 0, 0, , 0, 0, 0, 0, 0,
21,  1,  21,  24,  -1,  335, 340,  141.0,  23,  Nuc701740,  3154,  0, 0, 0, , 0, 0, 0, 0, 0,
22,  1,  22,  25,  -1,  891, 492,  132.0,  23,  Nuc701758,  4255,  0, 0, 0, , 0, 0, 0, 0, 0,
23,  1,  23,  26,  -1,  770, 496,  148.0,  23,  Nuc765503,  4761,  0, 0, 0, , 0, 0, 0, 0, 0,
24,  1,  24,  27,  -1,  916, 595,  128.0,  25,  Nuc799472,  5124,  0, 0, 0, , 0, 0, 0, 0, 0,
25,  1,  25,  28,  -1,  797, 618,  151.0,  23,  Nuc911848,  4787,  0, 0, 0, , 0, 0, 0, 0, 0,
26,  1,  26,  29,  -1,  446, 639,  142.0,  25,  Nuc1024031,  3816,  0, 0, 0, , 0, 0, 0, 0, 0,
27,  1,  28,  30,  -1,  468, 738,  135.0,  23,  Nuc1056996,  4461,  0, 0, 0, , 0, 0, 0, 0, 0,
28,  1,  29,  31,  -1,  571, 718,  154.0,  41,  Nuc1057849,  1206,  0, 0, 0, , 0, 0, 0, 0, 0,
29,  1,  30,  32,  -1,  612, 710,  136.0,  25,  Nuc1057853,  5058,  0, 0, 0, , 0, 0, 0, 0, 0,
30,  1,  31,  33,  -1,  459, 550,  143.0,  25,  Nuc1208069,  3852,  0, 0, 0, , 0, 0, 0, 0, 0,
31,  1,  32,  34,  -1,  534, 816,  149.0,  25,  Nuc1210563,  5573,  0, 0, 0, , 0, 0, 0, 0, 0,
32,  1,  33,  35,  -1,  636, 614,  142.0,  25,  Nuc1272715,  5839,  0, 0, 0, , 0, 0, 0, 0, 0,
33,  1,  34,  36,  -1,  405, 450,  138.0,  25,  Nuc1418666,  3748,  0, 0, 0, , 0, 0, 0, 0, 0,
34,  1,  35,  37,  -1,  464, 365,  139.0,  25,  Nuc1418729,  3390,  0, 0, 0, , 0, 0, 0, 0, 0,
35,  1,  36,  38,  -1,  542, 472,  144.0,  25,  Nuc1418806,  5417,  0, 0, 0, , 0, 0, 0, 0, 0,
36,  1,  37,  39,  -1,  430, 302,  156.0,  27,  Nuc1483178,  4867,  0, 0, 0, , 0, 0, 0, 0, 0,
37,  1,  38,  40,  -1,  634, 385,  147.0,  25,  Nuc1500681,  5504,  0, 0, 0, , 0, 0, 0, 0, 0,
38,  1,  39,  41,  -1,  547, 305,  154.0,  23,  Nuc1553315,  4631,  0, 0, 0, , 0, 0, 0, 0, 0,
39,  1,  40,  42,  43,  668, 553,  153.0,  25,  Nuc1584536,  6892,  0, 0, 0, , 0, 0, 0, 0, 0,
40,  1,  41,  44,  -1,  356, 414,  161.0,  23,  Nuc1740521,  4914,  0, 0, 0, , 0, 0, 0, 0, 0,
41,  1,  42,  45,  -1,  457, 470,  166.0,  33,  Nuc1740539,  2041,  0, 0, 0, , 0, 0, 0, 0, 0,
42,  1,  43,  46,  -1,  492, 536,  168.0,  43,  Nuc1740542,  3062,  0, 0, 0, , 0, 0, 0, 0, 0,
43,  1,  44,  -1,  -1,  528, 538,  168.0,  31,  Nuc1740559,  1346,  0, 0, 0, , 0, 0, 0, 0, 0,
44,  1,  44,  47,  -1,  568, 537,  168.0,  33,  Nuc1740560,  3118,  0, 0, 0, , 0, 0, 0, 0, 0,
45,  1,  45,  48,  -1,  547, 597,  152.0,  31,  Nuc1740569,  3249,  0, 0, 0, , 0, 0, 0, 0, 0,
46,  1,  45,  49,  -1,  532, 538,  158.0,  23,  Nuc1740571,  5593,  0, 0, 0, , 0, 0, 0, 0, 0,
47,  1,  46,  50,  -1,  358, 660,  166.0,  23,  Nuc1773128,  5071,  0, 0, 0, , 0, 0, 0, 0, 0,
48,  1,  47,  51,  -1,  501, 428,  172.0,  25,  Nuc1794071,  6426,  0, 0, 0, , 0, 0, 0, 0, 0,
49,  1,  48,  52,  -1,  670, 451,  162.0,  25,  Nuc1800281,  6782,  0, 0, 0, , 0, 0, 0, 0, 0,
50,  1,  49,  53,  -1,  725, 555,  169.0,  27,  Nuc1850255,  6436,  0, 0, 0, , 0, 0, 0, 0, 0,
51,  1,  50,  54,  -1,  467, 700,  169.0,  25,  Nuc1869342,  4596,  0, 0, 0, , 0, 0, 0, 0, 0,
52,  1,  52,  55,  -1,  586, 721,  167.0,  25,  Nuc1869950,  5573,  0, 0, 0, , 0, 0, 0, 0, 0,
53,  1,  53,  56,  -1,  616, 622,  181.0,  63,  Nuc1892093,  6138,  0, 0, 0, , 0, 0, 0, 0, 0,
54,  1,  54,  57,  -1,  620, 625,  171.0,  25,  Nuc1892100,  5841,  0, 0, 0, , 0, 0, 0, 0, 0,
55,  1,  55,  58,  -1,  611, 514,  173.0,  23,  Nuc1922032,  6332,  0, 0, 0, , 0, 0, 0, 0, 0,
56,  1,  56,  59,  -1,  466, 610,  175.0,  25,  Nuc1923244,  7311,  0, 0, 0, , 0, 0, 0, 0, 0,
57,  1,  57,  60,  -1,  392, 524,  179.0,  27,  Nuc1953683,  5116,  0, 0, 0, , 0, 0, 0, 0, 0,
58,  1,  58,  61,  -1,  463, 550,  186.0,  47,  Nuc1954877,  1209,  0, 0, 0, , 0, 0, 0, 0, 0,
59,  1,  59,  62,  -1,  510, 535,  182.0,  25,  Nuc1954885,  5935,  0, 0, 0, , 0, 0, 0, 0, 0,
60,  1,  60,  63,  -1,  537, 616,  184.0,  26,  Nuc1968775,  4677,  0, 0, 0, , 0, 0, 0, 0, 0,
61,  1,  62,  64,  65,  291, 698,  140.0,  25,  Nuc2009181,  3730,  0, 0, 0, , 0, 0, 0, 0, 0,
62,  1,  63,  66,  -1,  231, 533,  140.0,  25,  Nuc2012632,  2832,  0, 0, 0, , 0, 0, 0, 0, 0,
63,  1,  64,  67,  -1,  247, 445,  140.0,  23,  Nuc2012640,  2321,  0, 0, 0, , 0, 0, 0, 0, 0,
64,  1,  66,  -1,  -1,  307, 853,  108.0,  27,  Nuc2012663,  403,  0, 0, 0, , 0, 0, 0, 0, 0,
65,  1,  66,  68,  -1,  390, 917,  102.0,  27,  Nuc2012664,  2615,  0, 0, 0, , 0, 0, 0, 0, 0,
