1,  1,  1,  1,  -1,  495, 956,  95.0,  27,  Nuc13,  3871,  0, 0, 0, , 0, 0, 0, 0, 0,
2,  1,  2,  2,  -1,  699, 942,  93.0,  27,  Nuc29620,  4423,  0, 0, 0, , 0, 0, 0, 0, 0,
3,  1,  3,  3,  -1,  620, 898,  117.0,  27,  Nuc63932,  5118,  0, 0, 0, , 0, 0, 0, 0, 0,
4,  1,  4,  4,  -1,  508, 882,  123.0,  27,  Nuc90543,  4796,  0, 0, 0, , 0, 0, 0, 0, 0,
5,  1,  5,  5,  -1,  324, 230,  120.0,  27,  Nuc152714,  3574,  0, 0, 0, , 0, 0, 0, 0, 0,
6,  1,  6,  6,  -1,  706, 818,  132.0,  25,  Nuc152859,  4964,  0, 0, 0, , 0, 0, 0, 0, 0,
7,  1,  7,  7,  -1,  829, 837,  107.0,  27,  Nuc209712,  5523,  0, 0, 0, , 0, 0, 0, 0, 0,
8,  1,  8,  8,  -1,  720, 221,  116.0,  27,  Nuc251833,  4605,  0, 0, 0, , 0, 0, 0, 0, 0,
9,  1,  9,  9,  -1,  606, 207,  124.0,  27,  Nuc274934,  4466,  0, 0, 0, , 0, 0, 0, 0, 0,
10,  1,  10,  10,  -1,  888, 352,  113.0,  25,  Nuc314272,  4604,  0, 0, 0, , 0, 0, 0, 0, 0,
11,  1,  11,  11,  -1,  776, 334,  134.0,  23,  Nuc370556,  4455,  0, 0, 0, , 0, 0, 0, 0, 0,
12,  1,  12,  12,  -1,  406, 205,  117.0,  25,  Nuc445461,  4190,  0, 0, 0, , 0, 0, 0, 0, 0,
13,  1,  13,  13,  -1,  506, 187,  124.0,  25,  Nuc454627,  4522,  0, 0, 0, , 0, 0, 0, 0, 0,
14,  1,  14,  14,  -1,  871, 725,  130.0,  35,  Nuc466240,  2203,  0, 0, 0, , 0, 0, 0, 0, 0,
15,  1,  14,  15,  -1,  908, 710,  114.0,  27,  Nuc466245,  4749,  0, 0, 0, , 0, 0, 0, 0, 0,
16,  1,  15,  16,  -1,  776, 729,  140.0,  25,  Nuc546671,  5373,  0, 0, 0, , 0, 0, 0, 0, 0,
17,  1,  16,  17,  -1,  406, 845,  131.0,  27,  Nuc681988,  4630,  0, 0, 0, , 0, 0, 0, 0, 0,
18,  1,  17,  18,  -1,  300, 534,  169.0,  29,  Nuc701676,  4396,  0, 0, 0, , 0, 0, 0, 0, 0,
19,  1,  17,  19,  -1,  300, 526,  161.0,  27,  Nuc701679,  4761,  0, 0, 0, , 0, 0, 0, 0, 0,
20,  1,  18,  -1,  -1,  326, 592,  135.0,  23,  Nuc701688,  786,  0, 0, 0, , 0, 0, 0, 0, 0,
21,  1,  18,  20,  -1,  337, 520,  141.0,  23,  Nuc701689,  3193,  0, 0, 0, , 0, 0, 0, 0, 0,
22,  1,  19,  21,  -1,  247, 360,  133.0,  27,  Nuc701706,  2184,  0, 0, 0, , 0, 0, 0, 0, 0,
23,  1,  20,  22,  -1,  363, 757,  142.0,  27,  Nuc701724,  4693,  0, 0, 0, , 0, 0, 0, 0, 0,
24,  1,  21,  23,  -1,  332, 337,  141.0,  25,  Nuc701741,  3807,  0, 0, 0, , 0, 0, 0, 0, 0,
25,  1,  22,  24,  -1,  895, 494,  131.0,  25,  Nuc701759,  5404,  0, 0, 0, , 0, 0, 0, 0, 0,
26,  1,  23,  25,  -1,  767, 496,  148.0,  23,  Nuc765504,  5215,  0, 0, 0, , 0, 0, 0, 0, 0,
27,  1,  24,  26,  -1,  920, 593,  125.0,  27,  Nuc799473,  5535,  0, 0, 0, , 0, 0, 0, 0, 0,
28,  1,  25,  27,  -1,  790, 622,  151.0,  25,  Nuc911849,  5701,  0, 0, 0, , 0, 0, 0, 0, 0,
29,  1,  26,  28,  -1,  443, 637,  142.0,  25,  Nuc1024032,  4084,  0, 0, 0, , 0, 0, 0, 0, 0,
30,  1,  27,  29,  -1,  465, 739,  134.0,  25,  Nuc1056997,  5310,  0, 0, 0, , 0, 0, 0, 0, 0,
31,  1,  28,  -1,  -1,  565, 720,  154.0,  41,  Nuc1057850,  758,  0, 0, 0, , 0, 0, 0, 0, 0,
32,  1,  29,  30,  -1,  609, 713,  136.0,  27,  Nuc1057854,  5812,  0, 0, 0, , 0, 0, 0, 0, 0,
33,  1,  30,  31,  -1,  454, 548,  144.0,  27,  Nuc1208070,  4884,  0, 0, 0, , 0, 0, 0, 0, 0,
34,  1,  31,  32,  -1,  532, 817,  149.0,  27,  Nuc1210564,  5201,  0, 0, 0, , 0, 0, 0, 0, 0,
35,  1,  32,  33,  -1,  635, 613,  142.0,  27,  Nuc1272716,  6199,  0, 0, 0, , 0, 0, 0, 0, 0,
36,  1,  33,  34,  -1,  406, 446,  138.0,  27,  Nuc1418667,  4186,  0, 0, 0, , 0, 0, 0, 0, 0,
37,  1,  34,  35,  -1,  460, 362,  138.0,  25,  Nuc1418730,  4478,  0, 0, 0, , 0, 0, 0, 0, 0,
38,  1,  35,  36,  -1,  541, 471,  143.0,  27,  Nuc1418807,  5898,  0, 0, 0, , 0, 0, 0, 0, 0,
39,  1,  36,  37,  -1,  428, 306,  157.0,  27,  Nuc1483179,  4737,  0, 0, 0, , 0, 0, 0, 0, 0,
40,  1,  37,  38,  -1,  632, 385,  146.0,  25,  Nuc1500682,  5985,  0, 0, 0, , 0, 0, 0, 0, 0,
41,  1,  38,  39,  -1,  545, 302,  154.0,  25,  Nuc1553316,  5595,  0, 0, 0, , 0, 0, 0, 0, 0,
42,  1,  39,  -1,  -1,  620, 529,  159.0,  31,  Nuc1584537,  801,  0, 0, 0, , 0, 0, 0, 0, 0,
43,  1,  39,  40,  -1,  668, 556,  152.0,  27,  Nuc1584538,  8011,  0, 0, 0, , 0, 0, 0, 0, 0,
44,  1,  40,  41,  -1,  349, 414,  160.0,  27,  Nuc1740522,  5139,  0, 0, 0, , 0, 0, 0, 0, 0,
45,  1,  41,  -1,  -1,  458, 467,  166.0,  35,  Nuc1740540,  2065,  0, 0, 0, , 0, 0, 0, 0, 0,
46,  1,  42,  42,  43,  493, 539,  168.0,  41,  Nuc1740543,  3722,  0, 0, 0, , 0, 0, 0, 0, 0,
47,  1,  44,  44,  -1,  570, 539,  168.0,  31,  Nuc1740561,  1548,  0, 0, 0, , 0, 0, 0, 0, 0,
48,  1,  45,  -1,  -1,  548, 597,  151.0,  31,  Nuc1740570,  2519,  0, 0, 0, , 0, 0, 0, 0, 0,
49,  1,  46,  45,  -1,  532, 538,  158.0,  27,  Nuc1740572,  7173,  0, 0, 0, , 0, 0, 0, 0, 0,
50,  1,  47,  46,  -1,  357, 661,  165.0,  25,  Nuc1773129,  5353,  0, 0, 0, , 0, 0, 0, 0, 0,
51,  1,  48,  47,  -1,  499, 424,  172.0,  27,  Nuc1794072,  7784,  0, 0, 0, , 0, 0, 0, 0, 0,
52,  1,  49,  48,  -1,  670, 450,  161.0,  27,  Nuc1800282,  7371,  0, 0, 0, , 0, 0, 0, 0, 0,
53,  1,  50,  49,  -1,  725, 559,  169.0,  27,  Nuc1850256,  7188,  0, 0, 0, , 0, 0, 0, 0, 0,
54,  1,  51,  50,  -1,  467, 701,  169.0,  27,  Nuc1869343,  5046,  0, 0, 0, , 0, 0, 0, 0, 0,
55,  1,  52,  51,  -1,  586, 722,  167.0,  27,  Nuc1869951,  7129,  0, 0, 0, , 0, 0, 0, 0, 0,
56,  1,  53,  52,  -1,  613, 622,  181.0,  27,  Nuc1892094,  2937,  0, 0, 0, , 0, 0, 0, 0, 0,
57,  1,  54,  53,  -1,  618, 626,  171.0,  25,  Nuc1892101,  7089,  0, 0, 0, , 0, 0, 0, 0, 0,
58,  1,  55,  54,  -1,  611, 516,  174.0,  25,  Nuc1922033,  7890,  0, 0, 0, , 0, 0, 0, 0, 0,
59,  1,  56,  55,  -1,  467, 610,  175.0,  27,  Nuc1923245,  7364,  0, 0, 0, , 0, 0, 0, 0, 0,
60,  1,  57,  56,  -1,  391, 522,  180.0,  27,  Nuc1953684,  5993,  0, 0, 0, , 0, 0, 0, 0, 0,
61,  1,  58,  57,  -1,  460, 551,  186.0,  43,  Nuc1954878,  2066,  0, 0, 0, , 0, 0, 0, 0, 0,
62,  1,  59,  58,  -1,  509, 537,  183.0,  27,  Nuc1954886,  7211,  0, 0, 0, , 0, 0, 0, 0, 0,
63,  1,  60,  59,  -1,  540, 622,  184.0,  55,  Nuc1968776,  5052,  0, 0, 0, , 0, 0, 0, 0, 0,
64,  1,  61,  60,  -1,  278, 618,  152.0,  25,  Nuc2009182,  3395,  0, 0, 0, , 0, 0, 0, 0, 0,
65,  1,  61,  61,  -1,  291, 698,  139.0,  27,  Nuc2009189,  4220,  0, 0, 0, , 0, 0, 0, 0, 0,
66,  1,  62,  62,  -1,  232, 533,  139.0,  25,  Nuc2012633,  4188,  0, 0, 0, , 0, 0, 0, 0, 0,
67,  1,  63,  63,  -1,  249, 443,  140.0,  25,  Nuc2012641,  2543,  0, 0, 0, , 0, 0, 0, 0, 0,
68,  1,  65,  64,  -1,  391, 916,  101.0,  29,  Nuc2012665,  2844,  0, 0, 0, , 0, 0, 0, 0, 0,
