1,  1,  1,  1,  -1,  496, 956,  94.0,  29,  Nuc14,  4879,  0, 0, 0, , 0, 0, 0, 0, 0,
2,  1,  2,  2,  -1,  699, 941,  92.0,  29,  Nuc29621,  4898,  0, 0, 0, , 0, 0, 0, 0, 0,
3,  1,  3,  3,  -1,  617, 897,  118.0,  27,  Nuc63933,  5169,  0, 0, 0, , 0, 0, 0, 0, 0,
4,  1,  4,  4,  -1,  506, 882,  123.0,  27,  Nuc90544,  5346,  0, 0, 0, , 0, 0, 0, 0, 0,
5,  1,  5,  5,  -1,  325, 230,  120.0,  29,  Nuc152715,  4265,  0, 0, 0, , 0, 0, 0, 0, 0,
6,  1,  6,  6,  -1,  706, 815,  132.0,  27,  Nuc152860,  5840,  0, 0, 0, , 0, 0, 0, 0, 0,
7,  1,  7,  7,  -1,  829, 837,  107.0,  29,  Nuc209713,  6123,  0, 0, 0, , 0, 0, 0, 0, 0,
8,  1,  8,  8,  -1,  728, 222,  115.0,  25,  Nuc251834,  4299,  0, 0, 0, , 0, 0, 0, 0, 0,
9,  1,  9,  9,  -1,  605, 207,  124.0,  27,  Nuc274935,  5444,  0, 0, 0, , 0, 0, 0, 0, 0,
10,  1,  10,  10,  -1,  891, 357,  112.0,  27,  Nuc314273,  5733,  0, 0, 0, , 0, 0, 0, 0, 0,
11,  1,  11,  11,  -1,  770, 332,  135.0,  27,  Nuc370557,  5658,  0, 0, 0, , 0, 0, 0, 0, 0,
12,  1,  12,  12,  -1,  406, 204,  117.0,  27,  Nuc445462,  5005,  0, 0, 0, , 0, 0, 0, 0, 0,
13,  1,  13,  13,  -1,  506, 187,  123.0,  27,  Nuc454628,  4765,  0, 0, 0, , 0, 0, 0, 0, 0,
14,  1,  14,  14,  -1,  871, 723,  130.0,  37,  Nuc466241,  2277,  0, 0, 0, , 0, 0, 0, 0, 0,
15,  1,  15,  15,  -1,  910, 714,  112.0,  27,  Nuc466246,  5929,  0, 0, 0, , 0, 0, 0, 0, 0,
16,  1,  16,  16,  -1,  772, 728,  140.0,  27,  Nuc546672,  6094,  0, 0, 0, , 0, 0, 0, 0, 0,
17,  1,  17,  17,  -1,  405, 844,  131.0,  27,  Nuc681989,  5553,  0, 0, 0, , 0, 0, 0, 0, 0,
18,  1,  18,  18,  -1,  301, 533,  170.0,  33,  Nuc701677,  1190,  0, 0, 0, , 0, 0, 0, 0, 0,
19,  1,  19,  19,  -1,  301, 524,  160.0,  27,  Nuc701680,  3575,  0, 0, 0, , 0, 0, 0, 0, 0,
20,  1,  21,  20,  -1,  335, 516,  142.0,  25,  Nuc701690,  3953,  0, 0, 0, , 0, 0, 0, 0, 0,
21,  1,  22,  21,  -1,  247, 360,  133.0,  29,  Nuc701707,  2454,  0, 0, 0, , 0, 0, 0, 0, 0,
22,  1,  23,  22,  -1,  363, 756,  142.0,  27,  Nuc701725,  4995,  0, 0, 0, , 0, 0, 0, 0, 0,
23,  1,  24,  23,  -1,  330, 334,  139.0,  27,  Nuc701742,  3761,  0, 0, 0, , 0, 0, 0, 0, 0,
24,  1,  25,  24,  -1,  901, 495,  131.0,  27,  Nuc701760,  6102,  0, 0, 0, , 0, 0, 0, 0, 0,
25,  1,  26,  25,  -1,  763, 496,  148.0,  25,  Nuc765505,  6552,  0, 0, 0, , 0, 0, 0, 0, 0,
26,  1,  27,  26,  -1,  924, 591,  123.0,  27,  Nuc799474,  6464,  0, 0, 0, , 0, 0, 0, 0, 0,
27,  1,  28,  27,  -1,  785, 625,  150.0,  27,  Nuc911850,  7092,  0, 0, 0, , 0, 0, 0, 0, 0,
28,  1,  29,  28,  -1,  441, 634,  142.0,  27,  Nuc1024033,  5069,  0, 0, 0, , 0, 0, 0, 0, 0,
29,  1,  30,  29,  -1,  460, 742,  133.0,  27,  Nuc1056998,  5934,  0, 0, 0, , 0, 0, 0, 0, 0,
30,  1,  32,  30,  -1,  605, 713,  136.0,  27,  Nuc1057855,  5996,  0, 0, 0, , 0, 0, 0, 0, 0,
31,  1,  33,  31,  -1,  453, 544,  145.0,  29,  Nuc1208071,  5821,  0, 0, 0, , 0, 0, 0, 0, 0,
32,  1,  34,  32,  -1,  530, 817,  150.0,  27,  Nuc1210565,  6558,  0, 0, 0, , 0, 0, 0, 0, 0,
33,  1,  35,  33,  -1,  630, 612,  142.0,  27,  Nuc1272717,  7636,  0, 0, 0, , 0, 0, 0, 0, 0,
34,  1,  36,  34,  -1,  408, 442,  138.0,  29,  Nuc1418668,  4183,  0, 0, 0, , 0, 0, 0, 0, 0,
35,  1,  37,  35,  -1,  462, 357,  137.0,  27,  Nuc1418731,  4892,  0, 0, 0, , 0, 0, 0, 0, 0,
36,  1,  38,  36,  37,  540, 468,  143.0,  27,  Nuc1418808,  6457,  0, 0, 0, , 0, 0, 0, 0, 0,
37,  1,  39,  38,  -1,  428, 307,  157.0,  29,  Nuc1483180,  5332,  0, 0, 0, , 0, 0, 0, 0, 0,
38,  1,  40,  39,  -1,  634, 383,  146.0,  27,  Nuc1500683,  5820,  0, 0, 0, , 0, 0, 0, 0, 0,
39,  1,  41,  40,  -1,  545, 301,  155.0,  27,  Nuc1553317,  6043,  0, 0, 0, , 0, 0, 0, 0, 0,
40,  1,  43,  41,  42,  664, 557,  152.0,  27,  Nuc1584539,  8646,  0, 0, 0, , 0, 0, 0, 0, 0,
41,  1,  44,  43,  -1,  341, 409,  160.0,  27,  Nuc1740523,  4941,  0, 0, 0, , 0, 0, 0, 0, 0,
42,  1,  46,  -1,  -1,  524, 541,  168.0,  33,  Nuc1740544,  1555,  0, 0, 0, , 0, 0, 0, 0, 0,
43,  1,  46,  44,  -1,  492, 541,  168.0,  37,  Nuc1740545,  4923,  0, 0, 0, , 0, 0, 0, 0, 0,
44,  1,  47,  45,  -1,  570, 540,  168.0,  31,  Nuc1740562,  1444,  0, 0, 0, , 0, 0, 0, 0, 0,
45,  1,  49,  46,  -1,  533, 535,  157.0,  27,  Nuc1740573,  8576,  0, 0, 0, , 0, 0, 0, 0, 0,
46,  1,  50,  47,  -1,  357, 663,  165.0,  27,  Nuc1773130,  5065,  0, 0, 0, , 0, 0, 0, 0, 0,
47,  1,  51,  48,  -1,  500, 421,  173.0,  27,  Nuc1794073,  8046,  0, 0, 0, , 0, 0, 0, 0, 0,
48,  1,  52,  49,  -1,  669, 452,  161.0,  27,  Nuc1800283,  7721,  0, 0, 0, , 0, 0, 0, 0, 0,
49,  1,  53,  50,  -1,  726, 560,  169.0,  27,  Nuc1850257,  8924,  0, 0, 0, , 0, 0, 0, 0, 0,
50,  1,  54,  51,  -1,  465, 702,  169.0,  27,  Nuc1869344,  5742,  0, 0, 0, , 0, 0, 0, 0, 0,
51,  1,  55,  52,  -1,  584, 725,  167.0,  27,  Nuc1869952,  8259,  0, 0, 0, , 0, 0, 0, 0, 0,
52,  1,  56,  53,  -1,  610, 621,  181.0,  28,  Nuc1892095,  3176,  0, 0, 0, , 0, 0, 0, 0, 0,
53,  1,  57,  54,  -1,  618, 627,  171.0,  27,  Nuc1892102,  6703,  0, 0, 0, , 0, 0, 0, 0, 0,
54,  1,  58,  55,  -1,  609, 515,  173.0,  27,  Nuc1922034,  8480,  0, 0, 0, , 0, 0, 0, 0, 0,
55,  1,  59,  56,  -1,  466, 610,  175.0,  27,  Nuc1923246,  8204,  0, 0, 0, , 0, 0, 0, 0, 0,
56,  1,  60,  57,  -1,  393, 522,  180.0,  27,  Nuc1953685,  5370,  0, 0, 0, , 0, 0, 0, 0, 0,
57,  1,  61,  58,  -1,  458, 551,  186.0,  41,  Nuc1954879,  3975,  0, 0, 0, , 0, 0, 0, 0, 0,
58,  1,  62,  59,  -1,  510, 536,  183.0,  27,  Nuc1954887,  7781,  0, 0, 0, , 0, 0, 0, 0, 0,
59,  1,  63,  60,  -1,  540, 622,  184.0,  59,  Nuc1968777,  5744,  0, 0, 0, , 0, 0, 0, 0, 0,
60,  1,  64,  61,  -1,  276, 617,  153.0,  27,  Nuc2009183,  4902,  0, 0, 0, , 0, 0, 0, 0, 0,
61,  1,  65,  62,  -1,  290, 697,  139.0,  27,  Nuc2009190,  4586,  0, 0, 0, , 0, 0, 0, 0, 0,
62,  1,  66,  63,  -1,  231, 533,  139.0,  27,  Nuc2012634,  3763,  0, 0, 0, , 0, 0, 0, 0, 0,
63,  1,  67,  64,  -1,  249, 444,  138.0,  27,  Nuc2012642,  2827,  0, 0, 0, , 0, 0, 0, 0, 0,
64,  1,  68,  65,  -1,  393, 915,  101.0,  29,  Nuc2012666,  3693,  0, 0, 0, , 0, 0, 0, 0, 0,
