1,  1,  1,  1,  -1,  496, 956,  93.0,  29,  Nuc15,  5567,  0, 0, 0, , 0, 0, 0, 0, 0,
2,  1,  2,  2,  -1,  695, 941,  92.0,  29,  Nuc29622,  6149,  0, 0, 0, , 0, 0, 0, 0, 0,
3,  1,  3,  3,  -1,  615, 901,  118.0,  29,  Nuc63934,  6251,  0, 0, 0, , 0, 0, 0, 0, 0,
4,  1,  4,  4,  -1,  506, 884,  123.0,  27,  Nuc90545,  6292,  0, 0, 0, , 0, 0, 0, 0, 0,
5,  1,  5,  5,  -1,  325, 229,  119.0,  29,  Nuc152716,  5220,  0, 0, 0, , 0, 0, 0, 0, 0,
6,  1,  6,  6,  -1,  706, 812,  132.0,  27,  Nuc152861,  6234,  0, 0, 0, , 0, 0, 0, 0, 0,
7,  1,  7,  7,  -1,  828, 838,  107.0,  29,  Nuc209714,  6745,  0, 0, 0, , 0, 0, 0, 0, 0,
8,  1,  8,  8,  -1,  731, 221,  113.0,  27,  Nuc251835,  5041,  0, 0, 0, , 0, 0, 0, 0, 0,
9,  1,  9,  9,  -1,  602, 205,  123.0,  27,  Nuc274936,  5675,  0, 0, 0, , 0, 0, 0, 0, 0,
10,  1,  10,  10,  -1,  895, 363,  111.0,  27,  Nuc314274,  6538,  0, 0, 0, , 0, 0, 0, 0, 0,
11,  1,  11,  11,  -1,  766, 328,  135.0,  27,  Nuc370558,  6302,  0, 0, 0, , 0, 0, 0, 0, 0,
12,  1,  12,  12,  -1,  409, 203,  117.0,  27,  Nuc445463,  5504,  0, 0, 0, , 0, 0, 0, 0, 0,
13,  1,  13,  13,  -1,  503, 187,  123.0,  27,  Nuc454629,  4804,  0, 0, 0, , 0, 0, 0, 0, 0,
14,  1,  14,  14,  -1,  869, 724,  130.0,  39,  Nuc466242,  2427,  0, 0, 0, , 0, 0, 0, 0, 0,
15,  1,  15,  15,  -1,  915, 711,  111.0,  29,  Nuc466247,  7496,  0, 0, 0, , 0, 0, 0, 0, 0,
16,  1,  16,  16,  -1,  768, 727,  140.0,  27,  Nuc546673,  6755,  0, 0, 0, , 0, 0, 0, 0, 0,
17,  1,  17,  17,  -1,  401, 842,  131.0,  27,  Nuc681990,  6004,  0, 0, 0, , 0, 0, 0, 0, 0,
18,  1,  18,  -1,  -1,  300, 532,  170.0,  35,  Nuc701678,  1325,  0, 0, 0, , 0, 0, 0, 0, 0,
19,  1,  19,  18,  -1,  300, 522,  160.0,  29,  Nuc701681,  4058,  0, 0, 0, , 0, 0, 0, 0, 0,
20,  1,  20,  19,  20,  333, 514,  142.0,  27,  Nuc701691,  3107,  0, 0, 0, , 0, 0, 0, 0, 0,
21,  1,  21,  21,  -1,  249, 363,  134.0,  29,  Nuc701708,  2026,  0, 0, 0, , 0, 0, 0, 0, 0,
22,  1,  22,  22,  -1,  361, 756,  141.0,  27,  Nuc701726,  5687,  0, 0, 0, , 0, 0, 0, 0, 0,
23,  1,  23,  23,  -1,  330, 337,  139.0,  27,  Nuc701743,  3839,  0, 0, 0, , 0, 0, 0, 0, 0,
24,  1,  24,  24,  -1,  900, 494,  131.0,  27,  Nuc701761,  6627,  0, 0, 0, , 0, 0, 0, 0, 0,
25,  1,  25,  25,  -1,  764, 494,  148.0,  27,  Nuc765506,  7284,  0, 0, 0, , 0, 0, 0, 0, 0,
26,  1,  26,  26,  27,  923, 591,  123.0,  29,  Nuc799475,  7109,  0, 0, 0, , 0, 0, 0, 0, 0,
27,  1,  27,  28,  -1,  781, 627,  149.0,  27,  Nuc911851,  8081,  0, 0, 0, , 0, 0, 0, 0, 0,
28,  1,  28,  29,  -1,  441, 633,  142.0,  29,  Nuc1024034,  5618,  0, 0, 0, , 0, 0, 0, 0, 0,
29,  1,  29,  30,  -1,  457, 742,  134.0,  27,  Nuc1056999,  5790,  0, 0, 0, , 0, 0, 0, 0, 0,
30,  1,  30,  31,  -1,  603, 714,  136.0,  27,  Nuc1057856,  7215,  0, 0, 0, , 0, 0, 0, 0, 0,
31,  1,  31,  32,  -1,  453, 542,  146.0,  29,  Nuc1208072,  6558,  0, 0, 0, , 0, 0, 0, 0, 0,
32,  1,  32,  33,  -1,  529, 814,  150.0,  27,  Nuc1210566,  7300,  0, 0, 0, , 0, 0, 0, 0, 0,
33,  1,  33,  34,  -1,  631, 610,  142.0,  29,  Nuc1272718,  8066,  0, 0, 0, , 0, 0, 0, 0, 0,
34,  1,  34,  35,  -1,  410, 438,  137.0,  29,  Nuc1418669,  5035,  0, 0, 0, , 0, 0, 0, 0, 0,
35,  1,  35,  36,  -1,  463, 353,  137.0,  29,  Nuc1418732,  5048,  0, 0, 0, , 0, 0, 0, 0, 0,
36,  1,  36,  37,  -1,  531, 529,  148.0,  31,  Nuc1418809,  2332,  0, 0, 0, , 0, 0, 0, 0, 0,
37,  1,  36,  38,  -1,  544, 462,  142.0,  29,  Nuc1418811,  7687,  0, 0, 0, , 0, 0, 0, 0, 0,
38,  1,  37,  39,  -1,  428, 310,  157.0,  29,  Nuc1483181,  5817,  0, 0, 0, , 0, 0, 0, 0, 0,
39,  1,  38,  40,  -1,  639, 377,  146.0,  27,  Nuc1500684,  6998,  0, 0, 0, , 0, 0, 0, 0, 0,
40,  1,  39,  41,  -1,  547, 304,  155.0,  27,  Nuc1553318,  6994,  0, 0, 0, , 0, 0, 0, 0, 0,
41,  1,  40,  -1,  -1,  617, 531,  159.0,  33,  Nuc1584540,  1884,  0, 0, 0, , 0, 0, 0, 0, 0,
42,  1,  40,  42,  -1,  664, 557,  152.0,  27,  Nuc1584541,  8884,  0, 0, 0, , 0, 0, 0, 0, 0,
43,  1,  41,  43,  -1,  339, 408,  160.0,  29,  Nuc1740524,  5151,  0, 0, 0, , 0, 0, 0, 0, 0,
44,  1,  43,  44,  45,  506, 540,  168.0,  45,  Nuc1740546,  6963,  0, 0, 0, , 0, 0, 0, 0, 0,
45,  1,  44,  46,  -1,  569, 540,  168.0,  33,  Nuc1740563,  1673,  0, 0, 0, , 0, 0, 0, 0, 0,
46,  1,  45,  47,  -1,  533, 531,  157.0,  27,  Nuc1740574,  8973,  0, 0, 0, , 0, 0, 0, 0, 0,
47,  1,  46,  48,  -1,  358, 664,  166.0,  27,  Nuc1773131,  5220,  0, 0, 0, , 0, 0, 0, 0, 0,
48,  1,  47,  49,  -1,  498, 419,  173.0,  27,  Nuc1794074,  8575,  0, 0, 0, , 0, 0, 0, 0, 0,
49,  1,  48,  50,  -1,  667, 453,  161.0,  29,  Nuc1800284,  8435,  0, 0, 0, , 0, 0, 0, 0, 0,
50,  1,  49,  51,  -1,  727, 561,  169.0,  29,  Nuc1850258,  10096,  0, 0, 0, , 0, 0, 0, 0, 0,
51,  1,  50,  52,  -1,  464, 700,  170.0,  27,  Nuc1869345,  5517,  0, 0, 0, , 0, 0, 0, 0, 0,
52,  1,  51,  53,  -1,  583, 725,  168.0,  27,  Nuc1869953,  8983,  0, 0, 0, , 0, 0, 0, 0, 0,
53,  1,  52,  54,  -1,  602, 623,  181.0,  61,  Nuc1892096,  3534,  0, 0, 0, , 0, 0, 0, 0, 0,
54,  1,  53,  55,  -1,  616, 627,  172.0,  27,  Nuc1892103,  8218,  0, 0, 0, , 0, 0, 0, 0, 0,
55,  1,  54,  56,  -1,  609, 516,  173.0,  27,  Nuc1922035,  8332,  0, 0, 0, , 0, 0, 0, 0, 0,
56,  1,  55,  57,  -1,  466, 608,  174.0,  27,  Nuc1923247,  7471,  0, 0, 0, , 0, 0, 0, 0, 0,
57,  1,  56,  58,  -1,  395, 522,  181.0,  27,  Nuc1953686,  5681,  0, 0, 0, , 0, 0, 0, 0, 0,
58,  1,  57,  59,  -1,  456, 553,  185.0,  47,  Nuc1954880,  2330,  0, 0, 0, , 0, 0, 0, 0, 0,
59,  1,  58,  60,  -1,  510, 535,  183.0,  29,  Nuc1954888,  8760,  0, 0, 0, , 0, 0, 0, 0, 0,
60,  1,  59,  61,  -1,  539, 622,  184.0,  61,  Nuc1968778,  5907,  0, 0, 0, , 0, 0, 0, 0, 0,
61,  1,  60,  62,  -1,  274, 614,  151.0,  29,  Nuc2009184,  4743,  0, 0, 0, , 0, 0, 0, 0, 0,
62,  1,  61,  63,  -1,  289, 696,  139.0,  27,  Nuc2009191,  5063,  0, 0, 0, , 0, 0, 0, 0, 0,
63,  1,  62,  64,  -1,  232, 532,  138.0,  29,  Nuc2012635,  4634,  0, 0, 0, , 0, 0, 0, 0, 0,
64,  1,  63,  65,  -1,  250, 444,  138.0,  27,  Nuc2012643,  3864,  0, 0, 0, , 0, 0, 0, 0, 0,
65,  1,  64,  66,  -1,  393, 913,  101.0,  27,  Nuc2012667,  4548,  0, 0, 0, , 0, 0, 0, 0, 0,
66,  1,  -1,  67,  -1,  185, 694,  109.0,  29,  Nuc2012727,  1930,  0, 0, 0, , 0, 0, 0, 0, 0,
