1,  1,  1,  1,  -1,  496, 955,  92.0,  29,  Nuc16,  7054,  0, 0, 0, , 0, 0, 0, 0, 0,
2,  1,  2,  2,  -1,  693, 941,  92.0,  31,  Nuc29623,  6833,  0, 0, 0, , 0, 0, 0, 0, 0,
3,  1,  3,  3,  -1,  613, 902,  117.0,  29,  Nuc63935,  6114,  0, 0, 0, , 0, 0, 0, 0, 0,
4,  1,  4,  4,  -1,  506, 886,  122.0,  29,  Nuc90546,  7413,  0, 0, 0, , 0, 0, 0, 0, 0,
5,  1,  5,  5,  -1,  326, 230,  120.0,  29,  Nuc152717,  5627,  0, 0, 0, , 0, 0, 0, 0, 0,
6,  1,  6,  6,  -1,  706, 814,  132.0,  29,  Nuc152862,  7765,  0, 0, 0, , 0, 0, 0, 0, 0,
7,  1,  7,  7,  -1,  829, 837,  106.0,  29,  Nuc209715,  8227,  0, 0, 0, , 0, 0, 0, 0, 0,
8,  1,  8,  8,  -1,  731, 218,  112.0,  29,  Nuc251836,  5494,  0, 0, 0, , 0, 0, 0, 0, 0,
9,  1,  9,  9,  -1,  601, 203,  123.0,  29,  Nuc274937,  5706,  0, 0, 0, , 0, 0, 0, 0, 0,
10,  1,  10,  10,  -1,  897, 366,  111.0,  29,  Nuc314275,  7183,  0, 0, 0, , 0, 0, 0, 0, 0,
11,  1,  11,  11,  -1,  764, 321,  134.0,  27,  Nuc370559,  6899,  0, 0, 0, , 0, 0, 0, 0, 0,
12,  1,  12,  12,  -1,  409, 201,  117.0,  29,  Nuc445464,  6071,  0, 0, 0, , 0, 0, 0, 0, 0,
13,  1,  13,  13,  -1,  502, 185,  122.0,  29,  Nuc454630,  5730,  0, 0, 0, , 0, 0, 0, 0, 0,
14,  1,  14,  14,  -1,  868, 725,  130.0,  39,  Nuc466243,  2615,  0, 0, 0, , 0, 0, 0, 0, 0,
15,  1,  15,  15,  -1,  919, 708,  110.0,  29,  Nuc466248,  8231,  0, 0, 0, , 0, 0, 0, 0, 0,
16,  1,  16,  16,  -1,  765, 724,  140.0,  29,  Nuc546674,  8448,  0, 0, 0, , 0, 0, 0, 0, 0,
17,  1,  17,  17,  -1,  397, 840,  131.0,  29,  Nuc681991,  6287,  0, 0, 0, , 0, 0, 0, 0, 0,
18,  1,  19,  18,  -1,  301, 522,  161.0,  29,  Nuc701682,  6573,  0, 0, 0, , 0, 0, 0, 0, 0,
19,  1,  20,  -1,  -1,  302, 522,  154.0,  31,  Nuc701692,  6054,  0, 0, 0, , 0, 0, 0, 0, 0,
20,  1,  20,  19,  -1,  334, 514,  141.0,  27,  Nuc701693,  4609,  0, 0, 0, , 0, 0, 0, 0, 0,
21,  1,  21,  20,  -1,  251, 362,  134.0,  31,  Nuc701709,  3003,  0, 0, 0, , 0, 0, 0, 0, 0,
22,  1,  22,  21,  -1,  360, 755,  141.0,  29,  Nuc701727,  5640,  0, 0, 0, , 0, 0, 0, 0, 0,
23,  1,  23,  22,  -1,  330, 339,  139.0,  29,  Nuc701744,  4058,  0, 0, 0, , 0, 0, 0, 0, 0,
24,  1,  24,  23,  -1,  900, 492,  132.0,  29,  Nuc701762,  8243,  0, 0, 0, , 0, 0, 0, 0, 0,
25,  1,  25,  24,  -1,  763, 492,  148.0,  27,  Nuc765507,  7763,  0, 0, 0, , 0, 0, 0, 0, 0,
26,  1,  26,  25,  -1,  976, 563,  106.0,  67,  Nuc799476,  35895,  0, 0, 0, , 0, 0, 0, 0, 0,
27,  1,  26,  26,  -1,  922, 592,  123.0,  29,  Nuc799478,  8832,  0, 0, 0, , 0, 0, 0, 0, 0,
28,  1,  27,  27,  -1,  779, 624,  149.0,  27,  Nuc911852,  8406,  0, 0, 0, , 0, 0, 0, 0, 0,
29,  1,  28,  28,  -1,  441, 631,  142.0,  29,  Nuc1024035,  6518,  0, 0, 0, , 0, 0, 0, 0, 0,
30,  1,  29,  29,  -1,  457, 741,  135.0,  29,  Nuc1057000,  7441,  0, 0, 0, , 0, 0, 0, 0, 0,
31,  1,  30,  30,  -1,  600, 715,  136.0,  29,  Nuc1057857,  8248,  0, 0, 0, , 0, 0, 0, 0, 0,
32,  1,  31,  31,  -1,  453, 536,  146.0,  29,  Nuc1208073,  7105,  0, 0, 0, , 0, 0, 0, 0, 0,
33,  1,  32,  32,  -1,  526, 812,  150.0,  29,  Nuc1210567,  7354,  0, 0, 0, , 0, 0, 0, 0, 0,
34,  1,  33,  33,  -1,  631, 607,  142.0,  29,  Nuc1272719,  8295,  0, 0, 0, , 0, 0, 0, 0, 0,
35,  1,  34,  34,  -1,  410, 436,  136.0,  29,  Nuc1418670,  4859,  0, 0, 0, , 0, 0, 0, 0, 0,
36,  1,  35,  35,  -1,  462, 351,  136.0,  29,  Nuc1418733,  6003,  0, 0, 0, , 0, 0, 0, 0, 0,
37,  1,  36,  -1,  -1,  531, 525,  148.0,  35,  Nuc1418810,  2624,  0, 0, 0, , 0, 0, 0, 0, 0,
38,  1,  37,  36,  -1,  547, 456,  141.0,  29,  Nuc1418812,  7300,  0, 0, 0, , 0, 0, 0, 0, 0,
39,  1,  38,  37,  -1,  425, 307,  157.0,  29,  Nuc1483182,  6383,  0, 0, 0, , 0, 0, 0, 0, 0,
40,  1,  39,  38,  -1,  640, 371,  147.0,  29,  Nuc1500685,  7283,  0, 0, 0, , 0, 0, 0, 0, 0,
41,  1,  40,  39,  -1,  544, 302,  156.0,  27,  Nuc1553319,  8607,  0, 0, 0, , 0, 0, 0, 0, 0,
42,  1,  42,  40,  -1,  663, 552,  151.0,  29,  Nuc1584542,  10215,  0, 0, 0, , 0, 0, 0, 0, 0,
43,  1,  43,  41,  -1,  336, 404,  161.0,  27,  Nuc1740525,  5363,  0, 0, 0, , 0, 0, 0, 0, 0,
44,  1,  44,  -1,  -1,  460, 462,  166.0,  39,  Nuc1740547,  2488,  0, 0, 0, , 0, 0, 0, 0, 0,
45,  1,  44,  42,  -1,  505, 538,  168.0,  47,  Nuc1740548,  7706,  0, 0, 0, , 0, 0, 0, 0, 0,
46,  1,  45,  -1,  -1,  571, 538,  168.0,  35,  Nuc1740564,  1834,  0, 0, 0, , 0, 0, 0, 0, 0,
47,  1,  46,  43,  -1,  532, 528,  158.0,  27,  Nuc1740575,  7969,  0, 0, 0, , 0, 0, 0, 0, 0,
48,  1,  47,  44,  -1,  358, 659,  165.0,  29,  Nuc1773132,  5686,  0, 0, 0, , 0, 0, 0, 0, 0,
49,  1,  48,  45,  -1,  498, 417,  173.0,  27,  Nuc1794075,  6762,  0, 0, 0, , 0, 0, 0, 0, 0,
50,  1,  49,  46,  -1,  664, 450,  161.0,  29,  Nuc1800285,  8036,  0, 0, 0, , 0, 0, 0, 0, 0,
51,  1,  50,  47,  -1,  726, 560,  170.0,  29,  Nuc1850259,  11480,  0, 0, 0, , 0, 0, 0, 0, 0,
52,  1,  51,  48,  -1,  464, 696,  170.0,  27,  Nuc1869346,  5433,  0, 0, 0, , 0, 0, 0, 0, 0,
53,  1,  52,  49,  -1,  582, 725,  168.0,  29,  Nuc1869954,  9699,  0, 0, 0, , 0, 0, 0, 0, 0,
54,  1,  53,  -1,  -1,  597, 623,  182.0,  63,  Nuc1892097,  9164,  0, 0, 0, , 0, 0, 0, 0, 0,
55,  1,  54,  50,  -1,  617, 626,  172.0,  27,  Nuc1892104,  7971,  0, 0, 0, , 0, 0, 0, 0, 0,
56,  1,  55,  51,  -1,  612, 517,  173.0,  27,  Nuc1922036,  7368,  0, 0, 0, , 0, 0, 0, 0, 0,
57,  1,  56,  52,  -1,  465, 607,  173.0,  25,  Nuc1923248,  7445,  0, 0, 0, , 0, 0, 0, 0, 0,
58,  1,  57,  53,  -1,  394, 522,  182.0,  27,  Nuc1953687,  5395,  0, 0, 0, , 0, 0, 0, 0, 0,
59,  1,  58,  54,  -1,  459, 548,  186.0,  41,  Nuc1954881,  981,  0, 0, 0, , 0, 0, 0, 0, 0,
60,  1,  59,  55,  -1,  509, 534,  183.0,  29,  Nuc1954889,  6426,  0, 0, 0, , 0, 0, 0, 0, 0,
61,  1,  60,  56,  -1,  540, 621,  184.0,  57,  Nuc1968779,  5517,  0, 0, 0, , 0, 0, 0, 0, 0,
62,  1,  61,  57,  -1,  273, 613,  151.0,  29,  Nuc2009185,  4451,  0, 0, 0, , 0, 0, 0, 0, 0,
63,  1,  62,  58,  -1,  292, 694,  139.0,  29,  Nuc2009192,  5377,  0, 0, 0, , 0, 0, 0, 0, 0,
64,  1,  63,  59,  -1,  232, 531,  139.0,  29,  Nuc2012636,  5159,  0, 0, 0, , 0, 0, 0, 0, 0,
65,  1,  64,  60,  -1,  248, 444,  138.0,  27,  Nuc2012644,  4687,  0, 0, 0, , 0, 0, 0, 0, 0,
66,  1,  65,  61,  -1,  392, 916,  100.0,  29,  Nuc2012668,  5323,  0, 0, 0, , 0, 0, 0, 0, 0,
67,  1,  66,  -1,  -1,  184, 692,  111.0,  31,  Nuc2012728,  2201,  0, 0, 0, , 0, 0, 0, 0, 0,
