1,  1,  1,  1,  -1,  495, 954,  91.0,  31,  Nuc17,  7899,  0, 0, 0, , 0, 0, 0, 0, 0,
2,  1,  2,  2,  -1,  690, 941,  91.0,  33,  Nuc29624,  8763,  0, 0, 0, , 0, 0, 0, 0, 0,
3,  1,  3,  3,  -1,  610, 902,  117.0,  31,  Nuc63936,  7505,  0, 0, 0, , 0, 0, 0, 0, 0,
4,  1,  4,  4,  -1,  506, 886,  122.0,  31,  Nuc90547,  7681,  0, 0, 0, , 0, 0, 0, 0, 0,
5,  1,  5,  5,  -1,  325, 230,  120.0,  33,  Nuc152718,  5989,  0, 0, 0, , 0, 0, 0, 0, 0,
6,  1,  6,  6,  -1,  705, 816,  132.0,  31,  Nuc152863,  8902,  0, 0, 0, , 0, 0, 0, 0, 0,
7,  1,  7,  7,  -1,  828, 836,  106.0,  31,  Nuc209716,  9317,  0, 0, 0, , 0, 0, 0, 0, 0,
8,  1,  8,  8,  -1,  727, 212,  111.0,  31,  Nuc251837,  7473,  0, 0, 0, , 0, 0, 0, 0, 0,
9,  1,  9,  9,  -1,  602, 198,  122.0,  31,  Nuc274938,  6605,  0, 0, 0, , 0, 0, 0, 0, 0,
10,  1,  10,  10,  -1,  898, 366,  111.0,  31,  Nuc314276,  8284,  0, 0, 0, , 0, 0, 0, 0, 0,
11,  1,  11,  11,  -1,  766, 316,  135.0,  31,  Nuc370560,  8266,  0, 0, 0, , 0, 0, 0, 0, 0,
12,  1,  12,  12,  -1,  409, 196,  117.0,  31,  Nuc445465,  6861,  0, 0, 0, , 0, 0, 0, 0, 0,
13,  1,  13,  13,  -1,  503, 183,  123.0,  31,  Nuc454631,  6043,  0, 0, 0, , 0, 0, 0, 0, 0,
14,  1,  14,  -1,  -1,  868, 723,  130.0,  49,  Nuc466244,  1261,  0, 0, 0, , 0, 0, 0, 0, 0,
15,  1,  15,  14,  -1,  918, 706,  110.0,  31,  Nuc466249,  9499,  0, 0, 0, , 0, 0, 0, 0, 0,
16,  1,  16,  15,  -1,  766, 724,  140.0,  31,  Nuc546675,  9206,  0, 0, 0, , 0, 0, 0, 0, 0,
17,  1,  17,  16,  -1,  394, 839,  131.0,  29,  Nuc681992,  4983,  0, 0, 0, , 0, 0, 0, 0, 0,
18,  1,  18,  17,  -1,  302, 523,  160.0,  31,  Nuc701683,  7153,  0, 0, 0, , 0, 0, 0, 0, 0,
19,  1,  20,  18,  -1,  335, 513,  140.0,  29,  Nuc701694,  5610,  0, 0, 0, , 0, 0, 0, 0, 0,
20,  1,  21,  19,  -1,  254, 361,  133.0,  33,  Nuc701710,  3167,  0, 0, 0, , 0, 0, 0, 0, 0,
21,  1,  22,  20,  -1,  359, 754,  142.0,  29,  Nuc701728,  5909,  0, 0, 0, , 0, 0, 0, 0, 0,
22,  1,  23,  21,  -1,  333, 343,  139.0,  29,  Nuc701745,  4278,  0, 0, 0, , 0, 0, 0, 0, 0,
23,  1,  24,  22,  -1,  902, 490,  132.0,  31,  Nuc701763,  8891,  0, 0, 0, , 0, 0, 0, 0, 0,
24,  1,  25,  23,  -1,  765, 489,  149.0,  29,  Nuc765508,  8825,  0, 0, 0, , 0, 0, 0, 0, 0,
25,  1,  26,  -1,  -1,  974, 564,  107.0,  63,  Nuc799477,  38973,  0, 0, 0, , 0, 0, 0, 0, 0,
26,  1,  27,  24,  -1,  920, 590,  124.0,  31,  Nuc799479,  11110,  0, 0, 0, , 0, 0, 0, 0, 0,
27,  1,  28,  25,  -1,  778, 623,  150.0,  31,  Nuc911853,  8985,  0, 0, 0, , 0, 0, 0, 0, 0,
28,  1,  29,  26,  -1,  440, 631,  143.0,  29,  Nuc1024036,  5808,  0, 0, 0, , 0, 0, 0, 0, 0,
29,  1,  30,  27,  -1,  453, 743,  134.0,  29,  Nuc1057001,  6614,  0, 0, 0, , 0, 0, 0, 0, 0,
30,  1,  31,  28,  -1,  600, 710,  136.0,  29,  Nuc1057858,  6667,  0, 0, 0, , 0, 0, 0, 0, 0,
31,  1,  32,  29,  -1,  456, 532,  146.0,  31,  Nuc1208074,  7776,  0, 0, 0, , 0, 0, 0, 0, 0,
32,  1,  33,  30,  -1,  526, 810,  151.0,  29,  Nuc1210568,  7090,  0, 0, 0, , 0, 0, 0, 0, 0,
33,  1,  34,  31,  -1,  631, 606,  142.0,  31,  Nuc1272720,  9307,  0, 0, 0, , 0, 0, 0, 0, 0,
34,  1,  35,  32,  -1,  408, 433,  137.0,  29,  Nuc1418671,  5750,  0, 0, 0, , 0, 0, 0, 0, 0,
35,  1,  36,  33,  -1,  464, 350,  136.0,  29,  Nuc1418734,  5749,  0, 0, 0, , 0, 0, 0, 0, 0,
36,  1,  38,  34,  -1,  552, 452,  140.0,  31,  Nuc1418813,  7650,  0, 0, 0, , 0, 0, 0, 0, 0,
37,  1,  39,  35,  -1,  425, 311,  156.0,  29,  Nuc1483183,  5391,  0, 0, 0, , 0, 0, 0, 0, 0,
38,  1,  40,  36,  -1,  642, 363,  146.0,  29,  Nuc1500686,  6563,  0, 0, 0, , 0, 0, 0, 0, 0,
39,  1,  41,  37,  -1,  545, 300,  156.0,  29,  Nuc1553320,  8940,  0, 0, 0, , 0, 0, 0, 0, 0,
40,  1,  42,  38,  -1,  662, 547,  151.0,  29,  Nuc1584543,  8340,  0, 0, 0, , 0, 0, 0, 0, 0,
41,  1,  43,  39,  -1,  339, 403,  160.0,  29,  Nuc1740526,  5229,  0, 0, 0, , 0, 0, 0, 0, 0,
42,  1,  45,  -1,  -1,  504, 535,  168.0,  43,  Nuc1740549,  3973,  0, 0, 0, , 0, 0, 0, 0, 0,
43,  1,  47,  40,  -1,  536, 525,  159.0,  29,  Nuc1740576,  7564,  0, 0, 0, , 0, 0, 0, 0, 0,
44,  1,  48,  41,  -1,  359, 659,  165.0,  29,  Nuc1773133,  6910,  0, 0, 0, , 0, 0, 0, 0, 0,
45,  1,  49,  42,  -1,  499, 417,  173.0,  29,  Nuc1794076,  7864,  0, 0, 0, , 0, 0, 0, 0, 0,
46,  1,  50,  43,  -1,  662, 444,  160.0,  29,  Nuc1800286,  8148,  0, 0, 0, , 0, 0, 0, 0, 0,
47,  1,  51,  44,  -1,  723, 559,  170.0,  29,  Nuc1850260,  10043,  0, 0, 0, , 0, 0, 0, 0, 0,
48,  1,  52,  45,  -1,  463, 697,  169.0,  29,  Nuc1869347,  5766,  0, 0, 0, , 0, 0, 0, 0, 0,
49,  1,  53,  46,  -1,  582, 729,  169.0,  29,  Nuc1869955,  8173,  0, 0, 0, , 0, 0, 0, 0, 0,
50,  1,  55,  47,  -1,  618, 627,  173.0,  29,  Nuc1892105,  7399,  0, 0, 0, , 0, 0, 0, 0, 0,
51,  1,  56,  48,  -1,  615, 519,  172.0,  29,  Nuc1922037,  8410,  0, 0, 0, , 0, 0, 0, 0, 0,
52,  1,  57,  49,  -1,  465, 607,  173.0,  27,  Nuc1923249,  6805,  0, 0, 0, , 0, 0, 0, 0, 0,
53,  1,  58,  50,  -1,  394, 520,  181.0,  29,  Nuc1953688,  6365,  0, 0, 0, , 0, 0, 0, 0, 0,
54,  1,  59,  -1,  -1,  461, 547,  186.0,  49,  Nuc1954882,  4707,  0, 0, 0, , 0, 0, 0, 0, 0,
55,  1,  60,  51,  -1,  511, 533,  183.0,  31,  Nuc1954890,  7778,  0, 0, 0, , 0, 0, 0, 0, 0,
56,  1,  61,  52,  -1,  543, 621,  183.0,  59,  Nuc1968780,  6142,  0, 0, 0, , 0, 0, 0, 0, 0,
57,  1,  62,  53,  -1,  273, 613,  152.0,  31,  Nuc2009186,  3742,  0, 0, 0, , 0, 0, 0, 0, 0,
58,  1,  63,  54,  -1,  295, 692,  138.0,  29,  Nuc2009193,  5046,  0, 0, 0, , 0, 0, 0, 0, 0,
59,  1,  64,  -1,  -1,  232, 530,  138.0,  31,  Nuc2012637,  4497,  0, 0, 0, , 0, 0, 0, 0, 0,
60,  1,  65,  55,  -1,  248, 443,  139.0,  29,  Nuc2012645,  5377,  0, 0, 0, , 0, 0, 0, 0, 0,
61,  1,  66,  56,  -1,  391, 917,  101.0,  31,  Nuc2012669,  6624,  0, 0, 0, , 0, 0, 0, 0, 0,
