1,  1,  1,  1,  -1,  495, 954,  92.0,  31,  Nuc18,  5850,  0, 0, 0, , 0, 0, 0, 0, 0,
2,  1,  2,  2,  -1,  686, 942,  92.0,  35,  Nuc29625,  7261,  0, 0, 0, , 0, 0, 0, 0, 0,
3,  1,  3,  3,  -1,  610, 900,  116.0,  31,  Nuc63937,  5561,  0, 0, 0, , 0, 0, 0, 0, 0,
4,  1,  4,  4,  -1,  508, 884,  123.0,  29,  Nuc90548,  5358,  0, 0, 0, , 0, 0, 0, 0, 0,
5,  1,  5,  5,  -1,  324, 228,  121.0,  31,  Nuc152719,  3440,  0, 0, 0, , 0, 0, 0, 0, 0,
6,  1,  6,  6,  -1,  705, 819,  132.0,  31,  Nuc152864,  6621,  0, 0, 0, , 0, 0, 0, 0, 0,
7,  1,  7,  7,  -1,  826, 837,  107.0,  33,  Nuc209717,  6736,  0, 0, 0, , 0, 0, 0, 0, 0,
8,  1,  8,  8,  -1,  728, 211,  111.0,  29,  Nuc251838,  5978,  0, 0, 0, , 0, 0, 0, 0, 0,
9,  1,  9,  9,  -1,  601, 195,  122.0,  31,  Nuc274939,  5129,  0, 0, 0, , 0, 0, 0, 0, 0,
10,  1,  10,  10,  -1,  898, 365,  112.0,  33,  Nuc314277,  6924,  0, 0, 0, , 0, 0, 0, 0, 0,
11,  1,  11,  11,  -1,  767, 314,  135.0,  29,  Nuc370561,  5592,  0, 0, 0, , 0, 0, 0, 0, 0,
12,  1,  12,  12,  -1,  410, 192,  119.0,  31,  Nuc445466,  2948,  0, 0, 0, , 0, 0, 0, 0, 0,
13,  1,  13,  13,  -1,  501, 181,  123.0,  29,  Nuc454632,  5345,  0, 0, 0, , 0, 0, 0, 0, 0,
14,  1,  15,  14,  -1,  918, 705,  111.0,  31,  Nuc466250,  7726,  0, 0, 0, , 0, 0, 0, 0, 0,
15,  1,  16,  15,  -1,  765, 723,  140.0,  29,  Nuc546676,  6826,  0, 0, 0, , 0, 0, 0, 0, 0,
16,  1,  17,  16,  -1,  391, 836,  132.0,  31,  Nuc681993,  3845,  0, 0, 0, , 0, 0, 0, 0, 0,
17,  1,  18,  17,  -1,  302, 521,  158.0,  37,  Nuc701684,  4236,  0, 0, 0, , 0, 0, 0, 0, 0,
18,  1,  19,  18,  -1,  337, 511,  139.0,  29,  Nuc701695,  4679,  0, 0, 0, , 0, 0, 0, 0, 0,
19,  1,  20,  19,  -1,  255, 360,  132.0,  31,  Nuc701711,  1191,  0, 0, 0, , 0, 0, 0, 0, 0,
20,  1,  21,  20,  -1,  361, 754,  142.0,  29,  Nuc701729,  4804,  0, 0, 0, , 0, 0, 0, 0, 0,
21,  1,  22,  21,  -1,  331, 343,  138.0,  29,  Nuc701746,  2275,  0, 0, 0, , 0, 0, 0, 0, 0,
22,  1,  23,  22,  -1,  906, 492,  132.0,  31,  Nuc701764,  6994,  0, 0, 0, , 0, 0, 0, 0, 0,
23,  1,  24,  23,  -1,  769, 487,  149.0,  29,  Nuc765509,  6165,  0, 0, 0, , 0, 0, 0, 0, 0,
24,  1,  26,  24,  -1,  919, 589,  125.0,  31,  Nuc799480,  7913,  0, 0, 0, , 0, 0, 0, 0, 0,
25,  1,  27,  25,  -1,  778, 626,  149.0,  31,  Nuc911854,  6221,  0, 0, 0, , 0, 0, 0, 0, 0,
26,  1,  28,  26,  -1,  440, 632,  142.0,  31,  Nuc1024037,  4814,  0, 0, 0, , 0, 0, 0, 0, 0,
27,  1,  29,  27,  -1,  453, 746,  134.0,  31,  Nuc1057002,  5440,  0, 0, 0, , 0, 0, 0, 0, 0,
28,  1,  30,  28,  -1,  600, 705,  137.0,  29,  Nuc1057859,  6802,  0, 0, 0, , 0, 0, 0, 0, 0,
29,  1,  31,  29,  -1,  455, 533,  145.0,  29,  Nuc1208075,  5817,  0, 0, 0, , 0, 0, 0, 0, 0,
30,  1,  32,  30,  -1,  527, 809,  150.0,  29,  Nuc1210569,  6317,  0, 0, 0, , 0, 0, 0, 0, 0,
31,  1,  33,  31,  -1,  630, 604,  143.0,  29,  Nuc1272721,  6906,  0, 0, 0, , 0, 0, 0, 0, 0,
32,  1,  34,  32,  -1,  406, 433,  136.0,  31,  Nuc1418672,  4272,  0, 0, 0, , 0, 0, 0, 0, 0,
33,  1,  35,  33,  -1,  464, 349,  136.0,  29,  Nuc1418735,  4925,  0, 0, 0, , 0, 0, 0, 0, 0,
34,  1,  36,  34,  -1,  556, 454,  141.0,  29,  Nuc1418814,  6963,  0, 0, 0, , 0, 0, 0, 0, 0,
35,  1,  37,  35,  -1,  427, 310,  157.0,  29,  Nuc1483184,  5785,  0, 0, 0, , 0, 0, 0, 0, 0,
36,  1,  38,  36,  -1,  644, 359,  145.0,  29,  Nuc1500687,  5222,  0, 0, 0, , 0, 0, 0, 0, 0,
37,  1,  39,  37,  -1,  546, 302,  156.0,  29,  Nuc1553321,  6485,  0, 0, 0, , 0, 0, 0, 0, 0,
38,  1,  40,  38,  -1,  665, 543,  150.0,  31,  Nuc1584544,  7422,  0, 0, 0, , 0, 0, 0, 0, 0,
39,  1,  41,  39,  -1,  342, 406,  160.0,  29,  Nuc1740527,  4814,  0, 0, 0, , 0, 0, 0, 0, 0,
40,  1,  43,  40,  -1,  535, 525,  158.0,  29,  Nuc1740577,  7801,  0, 0, 0, , 0, 0, 0, 0, 0,
41,  1,  44,  41,  -1,  358, 659,  165.0,  29,  Nuc1773134,  5627,  0, 0, 0, , 0, 0, 0, 0, 0,
42,  1,  45,  42,  -1,  500, 417,  174.0,  29,  Nuc1794077,  7063,  0, 0, 0, , 0, 0, 0, 0, 0,
43,  1,  46,  43,  -1,  666, 443,  159.0,  29,  Nuc1800287,  7176,  0, 0, 0, , 0, 0, 0, 0, 0,
44,  1,  47,  44,  -1,  724, 559,  170.0,  29,  Nuc1850261,  8504,  0, 0, 0, , 0, 0, 0, 0, 0,
45,  1,  48,  45,  -1,  462, 697,  168.0,  29,  Nuc1869348,  5140,  0, 0, 0, , 0, 0, 0, 0, 0,
46,  1,  49,  46,  -1,  582, 730,  169.0,  29,  Nuc1869956,  6913,  0, 0, 0, , 0, 0, 0, 0, 0,
47,  1,  50,  47,  -1,  618, 624,  173.0,  29,  Nuc1892106,  7447,  0, 0, 0, , 0, 0, 0, 0, 0,
48,  1,  51,  48,  -1,  616, 515,  172.0,  29,  Nuc1922038,  7392,  0, 0, 0, , 0, 0, 0, 0, 0,
49,  1,  52,  49,  -1,  465, 605,  173.0,  27,  Nuc1923250,  5846,  0, 0, 0, , 0, 0, 0, 0, 0,
50,  1,  53,  50,  -1,  394, 519,  181.0,  29,  Nuc1953689,  4993,  0, 0, 0, , 0, 0, 0, 0, 0,
51,  1,  55,  51,  -1,  509, 534,  183.0,  31,  Nuc1954891,  7596,  0, 0, 0, , 0, 0, 0, 0, 0,
52,  1,  56,  52,  -1,  542, 621,  183.0,  57,  Nuc1968781,  3208,  0, 0, 0, , 0, 0, 0, 0, 0,
53,  1,  57,  53,  -1,  274, 616,  152.0,  31,  Nuc2009187,  3819,  0, 0, 0, , 0, 0, 0, 0, 0,
54,  1,  58,  54,  -1,  295, 692,  137.0,  29,  Nuc2009194,  4117,  0, 0, 0, , 0, 0, 0, 0, 0,
55,  1,  60,  55,  56,  250, 442,  139.0,  29,  Nuc2012646,  3469,  0, 0, 0, , 0, 0, 0, 0, 0,
56,  1,  61,  57,  -1,  390, 916,  101.0,  31,  Nuc2012670,  5499,  0, 0, 0, , 0, 0, 0, 0, 0,
