1,  1,  1,  1,  -1,  497, 954,  93.0,  31,  Nuc19,  4799,  0, 0, 0, , 0, 0, 0, 0, 0,
2,  1,  2,  2,  -1,  681, 941,  94.0,  29,  Nuc29626,  5426,  0, 0, 0, , 0, 0, 0, 0, 0,
3,  1,  3,  3,  -1,  608, 896,  115.0,  29,  Nuc63938,  5414,  0, 0, 0, , 0, 0, 0, 0, 0,
4,  1,  4,  4,  -1,  507, 882,  123.0,  27,  Nuc90549,  5496,  0, 0, 0, , 0, 0, 0, 0, 0,
5,  1,  5,  5,  -1,  323, 232,  122.0,  29,  Nuc152720,  3745,  0, 0, 0, , 0, 0, 0, 0, 0,
6,  1,  6,  6,  -1,  701, 820,  132.0,  29,  Nuc152865,  6243,  0, 0, 0, , 0, 0, 0, 0, 0,
7,  1,  7,  7,  -1,  827, 840,  109.0,  29,  Nuc209718,  5707,  0, 0, 0, , 0, 0, 0, 0, 0,
8,  1,  8,  8,  -1,  730, 212,  112.0,  27,  Nuc251839,  6219,  0, 0, 0, , 0, 0, 0, 0, 0,
9,  1,  9,  9,  -1,  600, 192,  123.0,  29,  Nuc274940,  4872,  0, 0, 0, , 0, 0, 0, 0, 0,
10,  1,  10,  10,  -1,  899, 364,  114.0,  31,  Nuc314278,  6349,  0, 0, 0, , 0, 0, 0, 0, 0,
11,  1,  11,  11,  -1,  767, 316,  136.0,  29,  Nuc370562,  5514,  0, 0, 0, , 0, 0, 0, 0, 0,
12,  1,  12,  12,  -1,  409, 198,  119.0,  29,  Nuc445467,  2732,  0, 0, 0, , 0, 0, 0, 0, 0,
13,  1,  13,  13,  -1,  501, 183,  123.0,  29,  Nuc454633,  4931,  0, 0, 0, , 0, 0, 0, 0, 0,
14,  1,  14,  14,  -1,  917, 703,  113.0,  31,  Nuc466251,  6807,  0, 0, 0, , 0, 0, 0, 0, 0,
15,  1,  15,  15,  -1,  763, 724,  140.0,  29,  Nuc546677,  6081,  0, 0, 0, , 0, 0, 0, 0, 0,
16,  1,  16,  16,  -1,  395, 838,  131.0,  29,  Nuc681994,  4336,  0, 0, 0, , 0, 0, 0, 0, 0,
17,  1,  17,  -1,  -1,  300, 523,  159.0,  33,  Nuc701685,  4516,  0, 0, 0, , 0, 0, 0, 0, 0,
18,  1,  18,  17,  -1,  334, 515,  139.0,  29,  Nuc701696,  4525,  0, 0, 0, , 0, 0, 0, 0, 0,
19,  1,  19,  18,  -1,  257, 363,  133.0,  29,  Nuc701712,  2638,  0, 0, 0, , 0, 0, 0, 0, 0,
20,  1,  20,  19,  -1,  363, 754,  142.0,  29,  Nuc701730,  3886,  0, 0, 0, , 0, 0, 0, 0, 0,
21,  1,  21,  20,  -1,  330, 344,  139.0,  27,  Nuc701747,  3108,  0, 0, 0, , 0, 0, 0, 0, 0,
22,  1,  22,  21,  -1,  908, 494,  133.0,  29,  Nuc701765,  6170,  0, 0, 0, , 0, 0, 0, 0, 0,
23,  1,  23,  22,  -1,  770, 486,  148.0,  27,  Nuc765510,  5837,  0, 0, 0, , 0, 0, 0, 0, 0,
24,  1,  24,  23,  -1,  916, 586,  126.0,  29,  Nuc799481,  6836,  0, 0, 0, , 0, 0, 0, 0, 0,
25,  1,  25,  24,  -1,  777, 626,  149.0,  29,  Nuc911855,  6507,  0, 0, 0, , 0, 0, 0, 0, 0,
26,  1,  26,  25,  -1,  437, 634,  141.0,  29,  Nuc1024038,  4511,  0, 0, 0, , 0, 0, 0, 0, 0,
27,  1,  27,  26,  -1,  453, 746,  133.0,  29,  Nuc1057003,  5146,  0, 0, 0, , 0, 0, 0, 0, 0,
28,  1,  28,  27,  -1,  597, 708,  137.0,  27,  Nuc1057860,  6363,  0, 0, 0, , 0, 0, 0, 0, 0,
29,  1,  29,  28,  -1,  449, 535,  145.0,  29,  Nuc1208076,  5622,  0, 0, 0, , 0, 0, 0, 0, 0,
30,  1,  30,  29,  -1,  527, 810,  150.0,  27,  Nuc1210570,  5944,  0, 0, 0, , 0, 0, 0, 0, 0,
31,  1,  31,  30,  -1,  626, 605,  143.0,  27,  Nuc1272722,  7302,  0, 0, 0, , 0, 0, 0, 0, 0,
32,  1,  32,  31,  -1,  403, 434,  136.0,  29,  Nuc1418673,  3477,  0, 0, 0, , 0, 0, 0, 0, 0,
33,  1,  33,  32,  -1,  463, 353,  135.0,  27,  Nuc1418736,  5387,  0, 0, 0, , 0, 0, 0, 0, 0,
34,  1,  34,  33,  -1,  553, 457,  141.0,  31,  Nuc1418815,  6465,  0, 0, 0, , 0, 0, 0, 0, 0,
35,  1,  35,  34,  -1,  427, 311,  158.0,  27,  Nuc1483185,  4937,  0, 0, 0, , 0, 0, 0, 0, 0,
36,  1,  36,  35,  -1,  640, 361,  145.0,  27,  Nuc1500688,  5553,  0, 0, 0, , 0, 0, 0, 0, 0,
37,  1,  37,  36,  -1,  545, 306,  156.0,  29,  Nuc1553322,  5327,  0, 0, 0, , 0, 0, 0, 0, 0,
38,  1,  38,  37,  -1,  665, 543,  150.0,  29,  Nuc1584545,  7244,  0, 0, 0, , 0, 0, 0, 0, 0,
39,  1,  39,  38,  39,  345, 411,  160.0,  27,  Nuc1740528,  4868,  0, 0, 0, , 0, 0, 0, 0, 0,
40,  1,  40,  40,  -1,  532, 527,  157.0,  27,  Nuc1740578,  8337,  0, 0, 0, , 0, 0, 0, 0, 0,
41,  1,  41,  41,  42,  359, 660,  165.0,  29,  Nuc1773135,  5485,  0, 0, 0, , 0, 0, 0, 0, 0,
42,  1,  42,  43,  -1,  499, 419,  173.0,  27,  Nuc1794078,  6240,  0, 0, 0, , 0, 0, 0, 0, 0,
43,  1,  43,  44,  -1,  668, 443,  159.0,  29,  Nuc1800288,  6425,  0, 0, 0, , 0, 0, 0, 0, 0,
44,  1,  44,  45,  -1,  725, 557,  170.0,  29,  Nuc1850262,  7363,  0, 0, 0, , 0, 0, 0, 0, 0,
45,  1,  45,  46,  -1,  463, 697,  167.0,  27,  Nuc1869349,  4835,  0, 0, 0, , 0, 0, 0, 0, 0,
46,  1,  46,  47,  -1,  580, 729,  168.0,  29,  Nuc1869957,  6832,  0, 0, 0, , 0, 0, 0, 0, 0,
47,  1,  47,  48,  49,  618, 622,  172.0,  27,  Nuc1892107,  6494,  0, 0, 0, , 0, 0, 0, 0, 0,
48,  1,  48,  50,  -1,  615, 512,  171.0,  29,  Nuc1922039,  6946,  0, 0, 0, , 0, 0, 0, 0, 0,
49,  1,  49,  51,  52,  465, 605,  173.0,  27,  Nuc1923251,  6182,  0, 0, 0, , 0, 0, 0, 0, 0,
50,  1,  50,  53,  54,  395, 518,  180.0,  29,  Nuc1953690,  4963,  0, 0, 0, , 0, 0, 0, 0, 0,
51,  1,  51,  55,  56,  508, 534,  183.0,  29,  Nuc1954892,  6547,  0, 0, 0, , 0, 0, 0, 0, 0,
52,  1,  52,  57,  -1,  538, 620,  183.0,  55,  Nuc1968782,  4094,  0, 0, 0, , 0, 0, 0, 0, 0,
53,  1,  53,  -1,  -1,  274, 617,  151.0,  31,  Nuc2009188,  3508,  0, 0, 0, , 0, 0, 0, 0, 0,
54,  1,  54,  58,  -1,  295, 692,  137.0,  29,  Nuc2009195,  3928,  0, 0, 0, , 0, 0, 0, 0, 0,
55,  1,  55,  -1,  -1,  232, 534,  139.0,  35,  Nuc2012647,  1898,  0, 0, 0, , 0, 0, 0, 0, 0,
56,  1,  55,  59,  -1,  249, 444,  138.0,  29,  Nuc2012648,  2549,  0, 0, 0, , 0, 0, 0, 0, 0,
57,  1,  56,  60,  -1,  391, 915,  101.0,  29,  Nuc2012671,  5073,  0, 0, 0, , 0, 0, 0, 0, 0,
