1,  1,  1,  1,  -1,  494, 956,  94.0,  29,  Nuc20,  3887,  0, 0, 0, , 0, 0, 0, 0, 0,
2,  1,  2,  2,  -1,  679, 941,  96.0,  27,  Nuc29627,  4848,  0, 0, 0, , 0, 0, 0, 0, 0,
3,  1,  3,  3,  -1,  608, 895,  116.0,  27,  Nuc63939,  4736,  0, 0, 0, , 0, 0, 0, 0, 0,
4,  1,  4,  4,  -1,  509, 881,  122.0,  27,  Nuc90550,  5274,  0, 0, 0, , 0, 0, 0, 0, 0,
5,  1,  5,  5,  -1,  323, 235,  122.0,  27,  Nuc152721,  3719,  0, 0, 0, , 0, 0, 0, 0, 0,
6,  1,  6,  6,  -1,  698, 820,  132.0,  27,  Nuc152866,  6294,  0, 0, 0, , 0, 0, 0, 0, 0,
7,  1,  7,  7,  -1,  824, 839,  109.0,  29,  Nuc209719,  5454,  0, 0, 0, , 0, 0, 0, 0, 0,
8,  1,  8,  8,  -1,  728, 210,  113.0,  27,  Nuc251840,  4575,  0, 0, 0, , 0, 0, 0, 0, 0,
9,  1,  9,  9,  -1,  596, 196,  124.0,  27,  Nuc274941,  5772,  0, 0, 0, , 0, 0, 0, 0, 0,
10,  1,  10,  10,  -1,  898, 366,  115.0,  29,  Nuc314279,  5600,  0, 0, 0, , 0, 0, 0, 0, 0,
11,  1,  11,  11,  -1,  765, 321,  137.0,  27,  Nuc370563,  4818,  0, 0, 0, , 0, 0, 0, 0, 0,
12,  1,  12,  12,  -1,  408, 202,  119.0,  29,  Nuc445468,  3790,  0, 0, 0, , 0, 0, 0, 0, 0,
13,  1,  13,  13,  -1,  499, 185,  124.0,  29,  Nuc454634,  4173,  0, 0, 0, , 0, 0, 0, 0, 0,
14,  1,  14,  14,  -1,  915, 703,  114.0,  31,  Nuc466252,  6039,  0, 0, 0, , 0, 0, 0, 0, 0,
15,  1,  15,  15,  -1,  764, 723,  140.0,  29,  Nuc546678,  6119,  0, 0, 0, , 0, 0, 0, 0, 0,
16,  1,  16,  16,  -1,  396, 842,  131.0,  27,  Nuc681995,  4468,  0, 0, 0, , 0, 0, 0, 0, 0,
17,  1,  18,  -1,  -1,  335, 514,  139.0,  27,  Nuc701697,  3367,  0, 0, 0, , 0, 0, 0, 0, 0,
18,  1,  19,  17,  18,  256, 366,  132.0,  31,  Nuc701713,  2533,  0, 0, 0, , 0, 0, 0, 0, 0,
19,  1,  20,  19,  -1,  364, 755,  142.0,  27,  Nuc701731,  4092,  0, 0, 0, , 0, 0, 0, 0, 0,
20,  1,  21,  20,  -1,  331, 343,  139.0,  27,  Nuc701748,  3571,  0, 0, 0, , 0, 0, 0, 0, 0,
21,  1,  22,  21,  -1,  905, 496,  133.0,  29,  Nuc701766,  5605,  0, 0, 0, , 0, 0, 0, 0, 0,
22,  1,  23,  22,  -1,  769, 486,  148.0,  27,  Nuc765511,  6114,  0, 0, 0, , 0, 0, 0, 0, 0,
23,  1,  24,  23,  -1,  915, 589,  126.0,  27,  Nuc799482,  6250,  0, 0, 0, , 0, 0, 0, 0, 0,
24,  1,  25,  24,  -1,  779, 626,  149.0,  29,  Nuc911856,  6564,  0, 0, 0, , 0, 0, 0, 0, 0,
25,  1,  26,  25,  -1,  437, 634,  140.0,  27,  Nuc1024039,  4380,  0, 0, 0, , 0, 0, 0, 0, 0,
26,  1,  27,  26,  -1,  455, 747,  133.0,  29,  Nuc1057004,  5257,  0, 0, 0, , 0, 0, 0, 0, 0,
27,  1,  28,  27,  28,  596, 709,  137.0,  27,  Nuc1057861,  5641,  0, 0, 0, , 0, 0, 0, 0, 0,
28,  1,  29,  29,  -1,  447, 539,  145.0,  27,  Nuc1208077,  5381,  0, 0, 0, , 0, 0, 0, 0, 0,
29,  1,  30,  30,  -1,  526, 812,  150.0,  27,  Nuc1210571,  5997,  0, 0, 0, , 0, 0, 0, 0, 0,
30,  1,  31,  31,  -1,  625, 605,  143.0,  25,  Nuc1272723,  6337,  0, 0, 0, , 0, 0, 0, 0, 0,
31,  1,  32,  32,  33,  402, 437,  136.0,  29,  Nuc1418674,  3466,  0, 0, 0, , 0, 0, 0, 0, 0,
32,  1,  33,  34,  35,  462, 358,  136.0,  27,  Nuc1418737,  4900,  0, 0, 0, , 0, 0, 0, 0, 0,
33,  1,  34,  36,  37,  549, 464,  141.0,  29,  Nuc1418816,  5634,  0, 0, 0, , 0, 0, 0, 0, 0,
34,  1,  35,  38,  39,  427, 314,  157.0,  27,  Nuc1483186,  4526,  0, 0, 0, , 0, 0, 0, 0, 0,
35,  1,  36,  40,  -1,  635, 363,  145.0,  27,  Nuc1500689,  5064,  0, 0, 0, , 0, 0, 0, 0, 0,
36,  1,  37,  41,  42,  543, 310,  156.0,  27,  Nuc1553323,  5870,  0, 0, 0, , 0, 0, 0, 0, 0,
37,  1,  38,  43,  44,  665, 546,  151.0,  27,  Nuc1584546,  6089,  0, 0, 0, , 0, 0, 0, 0, 0,
38,  1,  39,  -1,  -1,  352, 414,  164.0,  27,  Nuc1740529,  4961,  0, 0, 0, , 0, 0, 0, 0, 0,
39,  1,  39,  -1,  -1,  342, 419,  160.0,  31,  Nuc1740530,  4961,  0, 0, 0, , 0, 0, 0, 0, 0,
40,  1,  40,  45,  46,  531, 529,  159.0,  35,  Nuc1740579,  7847,  0, 0, 0, , 0, 0, 0, 0, 0,
41,  1,  41,  47,  -1,  364, 651,  168.0,  25,  Nuc1773136,  2542,  0, 0, 0, , 0, 0, 0, 0, 0,
42,  1,  41,  48,  -1,  354, 671,  163.0,  25,  Nuc1794061,  1855,  0, 0, 0, , 0, 0, 0, 0, 0,
43,  1,  42,  49,  50,  500, 422,  173.0,  35,  Nuc1794079,  7558,  0, 0, 0, , 0, 0, 0, 0, 0,
44,  1,  43,  51,  -1,  668, 445,  159.0,  29,  Nuc1800289,  6686,  0, 0, 0, , 0, 0, 0, 0, 0,
45,  1,  44,  52,  -1,  727, 556,  170.0,  29,  Nuc1850263,  7330,  0, 0, 0, , 0, 0, 0, 0, 0,
46,  1,  45,  53,  54,  458, 705,  170.0,  27,  Nuc1869350,  3477,  0, 0, 0, , 0, 0, 0, 0, 0,
47,  1,  46,  55,  56,  580, 730,  168.0,  27,  Nuc1869958,  5990,  0, 0, 0, , 0, 0, 0, 0, 0,
48,  1,  47,  57,  -1,  609, 619,  181.0,  29,  Nuc1892108,  1310,  0, 0, 0, , 0, 0, 0, 0, 0,
49,  1,  47,  58,  59,  619, 623,  172.0,  27,  Nuc1892114,  6152,  0, 0, 0, , 0, 0, 0, 0, 0,
50,  1,  48,  60,  -1,  612, 512,  172.0,  27,  Nuc1922040,  6707,  0, 0, 0, , 0, 0, 0, 0, 0,
51,  1,  49,  61,  -1,  451, 609,  176.0,  25,  Nuc1923252,  4190,  0, 0, 0, , 0, 0, 0, 0, 0,
52,  1,  49,  62,  63,  483, 603,  171.0,  25,  Nuc1934211,  2664,  0, 0, 0, , 0, 0, 0, 0, 0,
53,  1,  50,  64,  -1,  391, 538,  181.0,  25,  Nuc1953691,  3251,  0, 0, 0, , 0, 0, 0, 0, 0,
54,  1,  50,  65,  -1,  397, 498,  181.0,  27,  Nuc1954664,  3089,  0, 0, 0, , 0, 0, 0, 0, 0,
55,  1,  51,  66,  -1,  516, 545,  184.0,  31,  Nuc1954893,  4611,  0, 0, 0, , 0, 0, 0, 0, 0,
56,  1,  51,  67,  -1,  507, 521,  183.0,  29,  Nuc1968399,  4659,  0, 0, 0, , 0, 0, 0, 0, 0,
57,  1,  52,  68,  -1,  538, 620,  184.0,  57,  Nuc1968783,  5806,  0, 0, 0, , 0, 0, 0, 0, 0,
58,  1,  54,  69,  70,  297, 693,  137.0,  29,  Nuc2009196,  3212,  0, 0, 0, , 0, 0, 0, 0, 0,
59,  1,  56,  71,  72,  249, 445,  138.0,  29,  Nuc2012649,  3067,  0, 0, 0, , 0, 0, 0, 0, 0,
60,  1,  57,  73,  -1,  392, 913,  102.0,  29,  Nuc2012672,  4189,  0, 0, 0, , 0, 0, 0, 0, 0,
61,  1,  -1,  74,  -1,  466, 554,  185.0,  51,  Nuc2012729,  3514,  0, 0, 0, , 0, 0, 0, 0, 0,
