1,  1,  1,  1,  -1,  492, 954,  94.0,  29,  Nuc21,  4774,  0, 0, 0, , 0, 0, 0, 0, 0,
2,  1,  2,  2,  -1,  679, 941,  97.0,  27,  Nuc29628,  5302,  0, 0, 0, , 0, 0, 0, 0, 0,
3,  1,  3,  3,  -1,  608, 893,  116.0,  27,  Nuc63940,  4818,  0, 0, 0, , 0, 0, 0, 0, 0,
4,  1,  4,  4,  5,  511, 878,  122.0,  25,  Nuc90551,  5214,  0, 0, 0, , 0, 0, 0, 0, 0,
5,  1,  5,  6,  7,  322, 237,  122.0,  27,  Nuc152722,  3917,  0, 0, 0, , 0, 0, 0, 0, 0,
6,  1,  6,  8,  -1,  697, 818,  132.0,  29,  Nuc152867,  6370,  0, 0, 0, , 0, 0, 0, 0, 0,
7,  1,  7,  9,  -1,  821, 838,  110.0,  29,  Nuc209720,  5732,  0, 0, 0, , 0, 0, 0, 0, 0,
8,  1,  8,  10,  -1,  724, 211,  115.0,  29,  Nuc251841,  5151,  0, 0, 0, , 0, 0, 0, 0, 0,
9,  1,  9,  11,  -1,  595, 199,  126.0,  27,  Nuc274942,  5364,  0, 0, 0, , 0, 0, 0, 0, 0,
10,  1,  10,  12,  -1,  898, 368,  116.0,  29,  Nuc314280,  6029,  0, 0, 0, , 0, 0, 0, 0, 0,
11,  1,  11,  13,  -1,  764, 327,  137.0,  27,  Nuc370564,  5841,  0, 0, 0, , 0, 0, 0, 0, 0,
12,  1,  12,  14,  -1,  409, 202,  120.0,  27,  Nuc445469,  3271,  0, 0, 0, , 0, 0, 0, 0, 0,
13,  1,  13,  15,  16,  498, 186,  125.0,  27,  Nuc454635,  4417,  0, 0, 0, , 0, 0, 0, 0, 0,
14,  1,  14,  17,  -1,  914, 702,  114.0,  29,  Nuc466253,  6604,  0, 0, 0, , 0, 0, 0, 0, 0,
15,  1,  15,  18,  -1,  763, 724,  140.0,  29,  Nuc546679,  6251,  0, 0, 0, , 0, 0, 0, 0, 0,
16,  1,  16,  19,  20,  396, 843,  132.0,  29,  Nuc681996,  12480,  0, 0, 0, , 0, 0, 0, 0, 0,
17,  1,  18,  -1,  -1,  329, 335,  143.0,  27,  Nuc701714,  1870,  0, 0, 0, , 0, 0, 0, 0, 0,
18,  1,  18,  -1,  -1,  253, 366,  130.0,  31,  Nuc701715,  2253,  0, 0, 0, , 0, 0, 0, 0, 0,
19,  1,  19,  -1,  -1,  372, 761,  144.0,  27,  Nuc701732,  2979,  0, 0, 0, , 0, 0, 0, 0, 0,
20,  1,  20,  21,  -1,  332, 349,  137.0,  27,  Nuc701749,  1879,  0, 0, 0, , 0, 0, 0, 0, 0,
21,  1,  21,  22,  -1,  902, 496,  133.0,  29,  Nuc701767,  6307,  0, 0, 0, , 0, 0, 0, 0, 0,
22,  1,  22,  23,  -1,  771, 490,  148.0,  27,  Nuc765512,  5800,  0, 0, 0, , 0, 0, 0, 0, 0,
23,  1,  23,  24,  -1,  914, 591,  126.0,  29,  Nuc799483,  6028,  0, 0, 0, , 0, 0, 0, 0, 0,
24,  1,  24,  25,  26,  779, 626,  149.0,  29,  Nuc911857,  6278,  0, 0, 0, , 0, 0, 0, 0, 0,
25,  1,  25,  27,  28,  434, 633,  141.0,  31,  Nuc1024040,  4656,  0, 0, 0, , 0, 0, 0, 0, 0,
26,  1,  26,  29,  30,  458, 744,  132.0,  29,  Nuc1057005,  5413,  0, 0, 0, , 0, 0, 0, 0, 0,
27,  1,  27,  -1,  -1,  558, 713,  155.0,  43,  Nuc1057862,  1822,  0, 0, 0, , 0, 0, 0, 0, 0,
28,  1,  27,  31,  32,  596, 710,  137.0,  27,  Nuc1057863,  5931,  0, 0, 0, , 0, 0, 0, 0, 0,
29,  1,  28,  33,  34,  441, 542,  147.0,  31,  Nuc1208078,  5744,  0, 0, 0, , 0, 0, 0, 0, 0,
30,  1,  29,  35,  36,  527, 813,  150.0,  27,  Nuc1210572,  5885,  0, 0, 0, , 0, 0, 0, 0, 0,
31,  1,  30,  37,  -1,  622, 605,  142.0,  25,  Nuc1272724,  6606,  0, 0, 0, , 0, 0, 0, 0, 0,
32,  1,  31,  38,  -1,  388, 425,  132.0,  27,  Nuc1418675,  3206,  0, 0, 0, , 0, 0, 0, 0, 0,
33,  1,  31,  39,  -1,  420, 447,  139.0,  27,  Nuc1418682,  2040,  0, 0, 0, , 0, 0, 0, 0, 0,
34,  1,  32,  40,  -1,  470, 373,  139.0,  27,  Nuc1418738,  2787,  0, 0, 0, , 0, 0, 0, 0, 0,
35,  1,  32,  41,  -1,  453, 351,  135.0,  25,  Nuc1418795,  3738,  0, 0, 0, , 0, 0, 0, 0, 0,
36,  1,  33,  42,  -1,  530, 466,  143.0,  29,  Nuc1418817,  3201,  0, 0, 0, , 0, 0, 0, 0, 0,
37,  1,  33,  43,  -1,  558, 465,  143.0,  29,  Nuc1431468,  4405,  0, 0, 0, , 0, 0, 0, 0, 0,
38,  1,  34,  44,  -1,  433, 320,  161.0,  27,  Nuc1483187,  3322,  0, 0, 0, , 0, 0, 0, 0, 0,
39,  1,  34,  45,  -1,  422, 295,  155.0,  27,  Nuc1494684,  3327,  0, 0, 0, , 0, 0, 0, 0, 0,
40,  1,  35,  46,  47,  635, 366,  145.0,  27,  Nuc1500690,  5128,  0, 0, 0, , 0, 0, 0, 0, 0,
41,  1,  36,  48,  -1,  541, 302,  154.0,  27,  Nuc1553324,  6892,  0, 0, 0, , 0, 0, 0, 0, 0,
42,  1,  36,  49,  -1,  548, 313,  158.0,  27,  Nuc1577578,  5536,  0, 0, 0, , 0, 0, 0, 0, 0,
43,  1,  37,  50,  -1,  666, 451,  155.0,  27,  Nuc1584547,  7967,  0, 0, 0, , 0, 0, 0, 0, 0,
44,  1,  37,  51,  52,  666, 547,  151.0,  31,  Nuc1640532,  7447,  0, 0, 0, , 0, 0, 0, 0, 0,
45,  1,  40,  53,  -1,  509, 518,  161.0,  25,  Nuc1740580,  7348,  0, 0, 0, , 0, 0, 0, 0, 0,
46,  1,  40,  54,  55,  540, 551,  158.0,  25,  Nuc1773115,  2468,  0, 0, 0, , 0, 0, 0, 0, 0,
47,  1,  41,  56,  -1,  365, 651,  170.0,  25,  Nuc1773137,  1988,  0, 0, 0, , 0, 0, 0, 0, 0,
48,  1,  42,  57,  -1,  349, 702,  161.0,  29,  Nuc1794062,  1190,  0, 0, 0, , 0, 0, 0, 0, 0,
49,  1,  43,  58,  -1,  474, 425,  175.0,  27,  Nuc1794080,  4230,  0, 0, 0, , 0, 0, 0, 0, 0,
50,  1,  43,  59,  -1,  524, 416,  174.0,  27,  Nuc1794425,  4047,  0, 0, 0, , 0, 0, 0, 0, 0,
51,  1,  44,  60,  -1,  673, 442,  161.0,  27,  Nuc1800290,  7872,  0, 0, 0, , 0, 0, 0, 0, 0,
52,  1,  45,  61,  62,  728, 556,  171.0,  39,  Nuc1850264,  23114,  0, 0, 0, , 0, 0, 0, 0, 0,
53,  1,  46,  -1,  -1,  498, 676,  159.0,  23,  Nuc1869351,  2806,  0, 0, 0, , 0, 0, 0, 0, 0,
54,  1,  46,  63,  -1,  460, 707,  169.0,  27,  Nuc1869352,  3584,  0, 0, 0, , 0, 0, 0, 0, 0,
55,  1,  47,  64,  -1,  595, 737,  166.0,  27,  Nuc1869959,  4361,  0, 0, 0, , 0, 0, 0, 0, 0,
56,  1,  47,  65,  -1,  572, 730,  169.0,  29,  Nuc1883003,  4655,  0, 0, 0, , 0, 0, 0, 0, 0,
57,  1,  48,  66,  -1,  609, 618,  181.0,  29,  Nuc1892109,  1529,  0, 0, 0, , 0, 0, 0, 0, 0,
58,  1,  49,  67,  -1,  642, 626,  171.0,  25,  Nuc1892115,  3873,  0, 0, 0, , 0, 0, 0, 0, 0,
59,  1,  49,  68,  -1,  610, 619,  173.0,  25,  Nuc1921239,  3876,  0, 0, 0, , 0, 0, 0, 0, 0,
60,  1,  50,  69,  70,  622, 515,  176.0,  25,  Nuc1922041,  4499,  0, 0, 0, , 0, 0, 0, 0, 0,
61,  1,  51,  71,  -1,  443, 613,  178.0,  27,  Nuc1923253,  4564,  0, 0, 0, , 0, 0, 0, 0, 0,
62,  1,  52,  72,  73,  500, 521,  166.0,  41,  Nuc1934212,  27408,  0, 0, 0, , 0, 0, 0, 0, 0,
63,  1,  52,  74,  -1,  496, 608,  173.0,  25,  Nuc1934224,  3961,  0, 0, 0, , 0, 0, 0, 0, 0,
64,  1,  53,  75,  -1,  390, 543,  181.0,  27,  Nuc1953692,  3900,  0, 0, 0, , 0, 0, 0, 0, 0,
65,  1,  54,  76,  -1,  395, 487,  181.0,  27,  Nuc1954665,  3190,  0, 0, 0, , 0, 0, 0, 0, 0,
66,  1,  55,  77,  -1,  524, 552,  184.0,  29,  Nuc1954894,  4703,  0, 0, 0, , 0, 0, 0, 0, 0,
67,  1,  56,  78,  -1,  498, 506,  184.0,  27,  Nuc1968400,  4196,  0, 0, 0, , 0, 0, 0, 0, 0,
68,  1,  57,  79,  -1,  549, 621,  184.0,  53,  Nuc1968784,  5043,  0, 0, 0, , 0, 0, 0, 0, 0,
69,  1,  58,  80,  -1,  363, 756,  138.0,  27,  Nuc2009197,  1050,  0, 0, 0, , 0, 0, 0, 0, 0,
70,  1,  58,  81,  -1,  292, 703,  140.0,  27,  Nuc2012625,  3464,  0, 0, 0, , 0, 0, 0, 0, 0,
71,  1,  59,  -1,  -1,  230, 539,  141.0,  27,  Nuc2012650,  2851,  0, 0, 0, , 0, 0, 0, 0, 0,
72,  1,  59,  -1,  -1,  244, 445,  136.0,  29,  Nuc2012651,  1394,  0, 0, 0, , 0, 0, 0, 0, 0,
73,  1,  60,  82,  -1,  394, 911,  102.0,  29,  Nuc2012673,  4199,  0, 0, 0, , 0, 0, 0, 0, 0,
74,  1,  61,  83,  -1,  469, 550,  186.0,  61,  Nuc2012730,  6125,  0, 0, 0, , 0, 0, 0, 0, 0,
75,  1,  -1,  84,  -1,  262, 627,  152.0,  31,  Nuc2012733,  1589,  0, 0, 0, , 0, 0, 0, 0, 0,
