1,  1,  1,  1,  2,  492, 953,  95.0,  29,  Nuc22,  5692,  0, 0, 0, , 0, 0, 0, 0, 0,
2,  1,  2,  3,  -1,  681, 937,  97.0,  29,  Nuc29629,  5297,  0, 0, 0, , 0, 0, 0, 0, 0,
3,  1,  3,  4,  5,  610, 892,  116.0,  29,  Nuc63941,  4962,  0, 0, 0, , 0, 0, 0, 0, 0,
4,  1,  4,  6,  -1,  510, 862,  121.0,  27,  Nuc90552,  2407,  0, 0, 0, , 0, 0, 0, 0, 0,
5,  1,  4,  7,  -1,  513, 888,  122.0,  31,  Nuc144274,  3682,  0, 0, 0, , 0, 0, 0, 0, 0,
6,  1,  5,  -1,  -1,  322, 230,  119.0,  31,  Nuc152723,  4821,  0, 0, 0, , 0, 0, 0, 0, 0,
7,  1,  5,  8,  -1,  323, 243,  123.0,  31,  Nuc152724,  5337,  0, 0, 0, , 0, 0, 0, 0, 0,
8,  1,  6,  9,  10,  695, 815,  133.0,  29,  Nuc152868,  5939,  0, 0, 0, , 0, 0, 0, 0, 0,
9,  1,  7,  11,  12,  819, 836,  110.0,  29,  Nuc209721,  6740,  0, 0, 0, , 0, 0, 0, 0, 0,
10,  1,  8,  13,  14,  722, 211,  116.0,  29,  Nuc251842,  5338,  0, 0, 0, , 0, 0, 0, 0, 0,
11,  1,  9,  15,  16,  598, 202,  126.0,  27,  Nuc274943,  5658,  0, 0, 0, , 0, 0, 0, 0, 0,
12,  1,  10,  17,  -1,  896, 372,  117.0,  29,  Nuc314281,  6384,  0, 0, 0, , 0, 0, 0, 0, 0,
13,  1,  11,  18,  19,  767, 333,  138.0,  31,  Nuc370565,  6086,  0, 0, 0, , 0, 0, 0, 0, 0,
14,  1,  12,  20,  -1,  409, 212,  122.0,  27,  Nuc445470,  2486,  0, 0, 0, , 0, 0, 0, 0, 0,
15,  1,  13,  21,  -1,  502, 177,  122.0,  29,  Nuc454636,  3642,  0, 0, 0, , 0, 0, 0, 0, 0,
16,  1,  13,  22,  -1,  499, 195,  127.0,  29,  Nuc460112,  3864,  0, 0, 0, , 0, 0, 0, 0, 0,
17,  1,  14,  23,  -1,  910, 701,  114.0,  31,  Nuc466254,  6390,  0, 0, 0, , 0, 0, 0, 0, 0,
18,  1,  15,  24,  25,  764, 725,  139.0,  29,  Nuc546680,  7249,  0, 0, 0, , 0, 0, 0, 0, 0,
19,  1,  16,  26,  -1,  381, 847,  126.0,  27,  Nuc681997,  2667,  0, 0, 0, , 0, 0, 0, 0, 0,
20,  1,  16,  27,  -1,  411, 855,  135.0,  29,  Nuc701638,  1752,  0, 0, 0, , 0, 0, 0, 0, 0,
21,  1,  20,  -1,  -1,  330, 356,  136.0,  27,  Nuc701750,  1947,  0, 0, 0, , 0, 0, 0, 0, 0,
22,  1,  21,  28,  29,  899, 498,  132.0,  29,  Nuc701768,  5927,  0, 0, 0, , 0, 0, 0, 0, 0,
23,  1,  22,  30,  31,  772, 493,  148.0,  29,  Nuc765513,  17324,  0, 0, 0, , 0, 0, 0, 0, 0,
24,  1,  23,  32,  33,  912, 591,  126.0,  27,  Nuc799484,  6432,  0, 0, 0, , 0, 0, 0, 0, 0,
25,  1,  24,  34,  35,  781, 624,  145.0,  27,  Nuc911858,  8752,  0, 0, 0, , 0, 0, 0, 0, 0,
26,  1,  24,  36,  -1,  777, 628,  151.0,  27,  Nuc952958,  8829,  0, 0, 0, , 0, 0, 0, 0, 0,
27,  1,  25,  37,  -1,  408, 639,  140.0,  27,  Nuc1024041,  2553,  0, 0, 0, , 0, 0, 0, 0, 0,
28,  1,  25,  38,  -1,  453, 630,  141.0,  29,  Nuc1024060,  2846,  0, 0, 0, , 0, 0, 0, 0, 0,
29,  1,  26,  39,  -1,  453, 757,  128.0,  27,  Nuc1057006,  1146,  0, 0, 0, , 0, 0, 0, 0, 0,
30,  1,  26,  40,  -1,  466, 734,  135.0,  27,  Nuc1057696,  3268,  0, 0, 0, , 0, 0, 0, 0, 0,
31,  1,  28,  41,  -1,  581, 703,  138.0,  27,  Nuc1057864,  4430,  0, 0, 0, , 0, 0, 0, 0, 0,
32,  1,  28,  42,  -1,  612, 715,  137.0,  27,  Nuc1102169,  3636,  0, 0, 0, , 0, 0, 0, 0, 0,
33,  1,  29,  43,  -1,  458, 538,  142.0,  29,  Nuc1208079,  3467,  0, 0, 0, , 0, 0, 0, 0, 0,
34,  1,  29,  -1,  -1,  419, 548,  149.0,  29,  Nuc1210555,  3679,  0, 0, 0, , 0, 0, 0, 0, 0,
35,  1,  30,  44,  -1,  548, 822,  146.0,  27,  Nuc1210573,  3312,  0, 0, 0, , 0, 0, 0, 0, 0,
36,  1,  30,  45,  -1,  512, 816,  152.0,  27,  Nuc1247412,  3637,  0, 0, 0, , 0, 0, 0, 0, 0,
37,  1,  31,  46,  47,  620, 602,  143.0,  41,  Nuc1272725,  32942,  0, 0, 0, , 0, 0, 0, 0, 0,
38,  1,  32,  48,  -1,  377, 422,  132.0,  27,  Nuc1418676,  1411,  0, 0, 0, , 0, 0, 0, 0, 0,
39,  1,  33,  49,  -1,  422, 451,  139.0,  27,  Nuc1418683,  3867,  0, 0, 0, , 0, 0, 0, 0, 0,
40,  1,  34,  50,  -1,  479, 381,  142.0,  27,  Nuc1418739,  3334,  0, 0, 0, , 0, 0, 0, 0, 0,
41,  1,  35,  51,  -1,  446, 343,  134.0,  25,  Nuc1418796,  2037,  0, 0, 0, , 0, 0, 0, 0, 0,
42,  1,  36,  52,  -1,  511, 467,  144.0,  31,  Nuc1418818,  4064,  0, 0, 0, , 0, 0, 0, 0, 0,
43,  1,  37,  53,  -1,  566, 460,  142.0,  29,  Nuc1431469,  4487,  0, 0, 0, , 0, 0, 0, 0, 0,
44,  1,  38,  54,  -1,  437, 317,  162.0,  27,  Nuc1483188,  3818,  0, 0, 0, , 0, 0, 0, 0, 0,
45,  1,  39,  55,  -1,  421, 278,  151.0,  27,  Nuc1494685,  3534,  0, 0, 0, , 0, 0, 0, 0, 0,
46,  1,  40,  56,  -1,  652, 360,  148.0,  27,  Nuc1500691,  4069,  0, 0, 0, , 0, 0, 0, 0, 0,
47,  1,  40,  57,  -1,  626, 362,  141.0,  27,  Nuc1514831,  3232,  0, 0, 0, , 0, 0, 0, 0, 0,
48,  1,  41,  58,  -1,  541, 283,  149.0,  27,  Nuc1553325,  4215,  0, 0, 0, , 0, 0, 0, 0, 0,
49,  1,  42,  59,  -1,  556, 309,  159.0,  27,  Nuc1577579,  3534,  0, 0, 0, , 0, 0, 0, 0, 0,
50,  1,  43,  60,  -1,  664, 453,  151.0,  27,  Nuc1584548,  4220,  0, 0, 0, , 0, 0, 0, 0, 0,
51,  1,  44,  61,  -1,  646, 527,  155.0,  25,  Nuc1640533,  4559,  0, 0, 0, , 0, 0, 0, 0, 0,
52,  1,  44,  62,  -1,  674, 559,  152.0,  25,  Nuc1640537,  3734,  0, 0, 0, , 0, 0, 0, 0, 0,
53,  1,  45,  63,  -1,  500, 517,  162.0,  27,  Nuc1740581,  5414,  0, 0, 0, , 0, 0, 0, 0, 0,
54,  1,  46,  64,  -1,  554, 580,  166.0,  31,  Nuc1773116,  2195,  0, 0, 0, , 0, 0, 0, 0, 0,
55,  1,  46,  65,  -1,  545, 549,  157.0,  25,  Nuc1773118,  5374,  0, 0, 0, , 0, 0, 0, 0, 0,
56,  1,  47,  66,  -1,  366, 647,  171.0,  27,  Nuc1773138,  3780,  0, 0, 0, , 0, 0, 0, 0, 0,
57,  1,  48,  -1,  -1,  343, 699,  160.0,  29,  Nuc1794063,  3206,  0, 0, 0, , 0, 0, 0, 0, 0,
58,  1,  49,  67,  -1,  465, 424,  176.0,  27,  Nuc1794081,  4037,  0, 0, 0, , 0, 0, 0, 0, 0,
59,  1,  50,  68,  -1,  529, 410,  174.0,  27,  Nuc1794426,  4272,  0, 0, 0, , 0, 0, 0, 0, 0,
60,  1,  51,  69,  -1,  676, 436,  164.0,  27,  Nuc1800291,  4357,  0, 0, 0, , 0, 0, 0, 0, 0,
61,  1,  52,  70,  -1,  729, 529,  171.0,  27,  Nuc1850265,  4561,  0, 0, 0, , 0, 0, 0, 0, 0,
62,  1,  52,  71,  -1,  737, 574,  170.0,  27,  Nuc1862177,  4783,  0, 0, 0, , 0, 0, 0, 0, 0,
63,  1,  54,  72,  -1,  451, 709,  170.0,  27,  Nuc1869353,  3822,  0, 0, 0, , 0, 0, 0, 0, 0,
64,  1,  55,  73,  -1,  609, 748,  165.0,  27,  Nuc1869960,  4545,  0, 0, 0, , 0, 0, 0, 0, 0,
65,  1,  56,  74,  -1,  561, 732,  171.0,  29,  Nuc1883004,  4772,  0, 0, 0, , 0, 0, 0, 0, 0,
66,  1,  57,  75,  -1,  607, 618,  181.0,  57,  Nuc1892110,  17364,  0, 0, 0, , 0, 0, 0, 0, 0,
67,  1,  58,  76,  -1,  652, 636,  172.0,  27,  Nuc1892116,  4720,  0, 0, 0, , 0, 0, 0, 0, 0,
68,  1,  59,  77,  -1,  596, 618,  174.0,  27,  Nuc1921240,  4133,  0, 0, 0, , 0, 0, 0, 0, 0,
69,  1,  60,  -1,  -1,  614, 531,  166.0,  41,  Nuc1922042,  3107,  0, 0, 0, , 0, 0, 0, 0, 0,
70,  1,  60,  78,  -1,  624, 515,  178.0,  27,  Nuc1922043,  5141,  0, 0, 0, , 0, 0, 0, 0, 0,
71,  1,  61,  79,  -1,  442, 614,  178.0,  27,  Nuc1923254,  5322,  0, 0, 0, , 0, 0, 0, 0, 0,
72,  1,  62,  80,  -1,  552, 528,  168.0,  49,  Nuc1934213,  7522,  0, 0, 0, , 0, 0, 0, 0, 0,
73,  1,  62,  81,  -1,  482, 526,  168.0,  47,  Nuc1934220,  13150,  0, 0, 0, , 0, 0, 0, 0, 0,
74,  1,  63,  82,  -1,  502, 604,  170.0,  25,  Nuc1934225,  3079,  0, 0, 0, , 0, 0, 0, 0, 0,
75,  1,  64,  83,  -1,  389, 549,  184.0,  35,  Nuc1953693,  3334,  0, 0, 0, , 0, 0, 0, 0, 0,
76,  1,  65,  84,  -1,  391, 485,  181.0,  27,  Nuc1954666,  3860,  0, 0, 0, , 0, 0, 0, 0, 0,
77,  1,  66,  85,  86,  522, 559,  184.0,  29,  Nuc1954895,  4753,  0, 0, 0, , 0, 0, 0, 0, 0,
78,  1,  67,  87,  -1,  495, 501,  184.0,  29,  Nuc1968401,  4281,  0, 0, 0, , 0, 0, 0, 0, 0,
79,  1,  68,  88,  -1,  541, 620,  184.0,  55,  Nuc1968785,  5441,  0, 0, 0, , 0, 0, 0, 0, 0,
80,  1,  69,  89,  90,  354, 761,  134.0,  27,  Nuc2009198,  2037,  0, 0, 0, , 0, 0, 0, 0, 0,
81,  1,  70,  -1,  -1,  288, 716,  141.0,  29,  Nuc2012626,  1500,  0, 0, 0, , 0, 0, 0, 0, 0,
82,  1,  73,  91,  92,  397, 910,  102.0,  29,  Nuc2012674,  4421,  0, 0, 0, , 0, 0, 0, 0, 0,
83,  1,  74,  93,  -1,  452, 528,  186.0,  47,  Nuc2012731,  3459,  0, 0, 0, , 0, 0, 0, 0, 0,
84,  1,  75,  -1,  -1,  261, 633,  152.0,  29,  Nuc2012734,  2413,  0, 0, 0, , 0, 0, 0, 0, 0,
85,  1,  -1,  94,  -1,  581, 489,  169.0,  23,  Nuc2012735,  2018,  0, 0, 0, , 0, 0, 0, 0, 0,
