1,  1,  1,  1,  -1,  497, 960,  90.0,  29,  Nuc23,  4354,  0, 0, 0, , 0, 0, 0, 0, 0,
2,  1,  1,  2,  -1,  490, 945,  99.0,  29,  Nuc9481,  4018,  0, 0, 0, , 0, 0, 0, 0, 0,
3,  1,  2,  3,  4,  685, 935,  97.0,  35,  Nuc29630,  6388,  0, 0, 0, , 0, 0, 0, 0, 0,
4,  1,  3,  5,  -1,  617, 876,  120.0,  27,  Nuc63942,  3926,  0, 0, 0, , 0, 0, 0, 0, 0,
5,  1,  3,  6,  -1,  608, 906,  114.0,  27,  Nuc69303,  4079,  0, 0, 0, , 0, 0, 0, 0, 0,
6,  1,  4,  7,  -1,  507, 849,  120.0,  27,  Nuc90553,  3514,  0, 0, 0, , 0, 0, 0, 0, 0,
7,  1,  5,  8,  -1,  516, 899,  121.0,  27,  Nuc144275,  4198,  0, 0, 0, , 0, 0, 0, 0, 0,
8,  1,  7,  9,  10,  326, 254,  126.0,  27,  Nuc152725,  2584,  0, 0, 0, , 0, 0, 0, 0, 0,
9,  1,  8,  11,  -1,  711, 826,  127.0,  29,  Nuc152869,  4579,  0, 0, 0, , 0, 0, 0, 0, 0,
10,  1,  8,  12,  -1,  690, 818,  137.0,  29,  Nuc190524,  4427,  0, 0, 0, , 0, 0, 0, 0, 0,
11,  1,  9,  13,  -1,  830, 830,  107.0,  31,  Nuc209722,  9193,  0, 0, 0, , 0, 0, 0, 0, 0,
12,  1,  9,  14,  -1,  813, 837,  111.0,  37,  Nuc230337,  10296,  0, 0, 0, , 0, 0, 0, 0, 0,
13,  1,  10,  15,  -1,  730, 207,  113.0,  29,  Nuc251843,  4863,  0, 0, 0, , 0, 0, 0, 0, 0,
14,  1,  10,  16,  -1,  717, 216,  119.0,  29,  Nuc264716,  4932,  0, 0, 0, , 0, 0, 0, 0, 0,
15,  1,  11,  17,  -1,  606, 218,  129.0,  29,  Nuc274944,  3644,  0, 0, 0, , 0, 0, 0, 0, 0,
16,  1,  11,  18,  -1,  601, 191,  122.0,  31,  Nuc293716,  2944,  0, 0, 0, , 0, 0, 0, 0, 0,
17,  1,  12,  19,  20,  895, 373,  118.0,  39,  Nuc314282,  27326,  0, 0, 0, , 0, 0, 0, 0, 0,
18,  1,  13,  21,  -1,  768, 354,  140.0,  27,  Nuc370566,  3745,  0, 0, 0, , 0, 0, 0, 0, 0,
19,  1,  13,  22,  -1,  770, 318,  135.0,  29,  Nuc406933,  4442,  0, 0, 0, , 0, 0, 0, 0, 0,
20,  1,  14,  23,  24,  412, 221,  125.0,  27,  Nuc445471,  2789,  0, 0, 0, , 0, 0, 0, 0, 0,
21,  1,  15,  25,  -1,  506, 170,  120.0,  29,  Nuc454637,  3505,  0, 0, 0, , 0, 0, 0, 0, 0,
22,  1,  16,  26,  -1,  502, 200,  130.0,  29,  Nuc460113,  3411,  0, 0, 0, , 0, 0, 0, 0, 0,
23,  1,  17,  27,  28,  908, 707,  115.0,  49,  Nuc466255,  34399,  0, 0, 0, , 0, 0, 0, 0, 0,
24,  1,  18,  29,  -1,  784, 730,  135.0,  27,  Nuc546681,  4287,  0, 0, 0, , 0, 0, 0, 0, 0,
25,  1,  18,  30,  -1,  753, 725,  144.0,  27,  Nuc606095,  4594,  0, 0, 0, , 0, 0, 0, 0, 0,
26,  1,  19,  31,  -1,  374, 847,  124.0,  27,  Nuc681998,  3518,  0, 0, 0, , 0, 0, 0, 0, 0,
27,  1,  20,  32,  -1,  410, 857,  136.0,  29,  Nuc701639,  3646,  0, 0, 0, , 0, 0, 0, 0, 0,
28,  1,  22,  33,  -1,  911, 495,  128.0,  29,  Nuc701769,  4835,  0, 0, 0, , 0, 0, 0, 0, 0,
29,  1,  22,  34,  -1,  888, 498,  136.0,  29,  Nuc736731,  4308,  0, 0, 0, , 0, 0, 0, 0, 0,
30,  1,  23,  35,  -1,  762, 505,  142.0,  27,  Nuc765514,  4124,  0, 0, 0, , 0, 0, 0, 0, 0,
31,  1,  23,  36,  -1,  774, 474,  151.0,  27,  Nuc781786,  4183,  0, 0, 0, , 0, 0, 0, 0, 0,
32,  1,  24,  37,  -1,  899, 599,  129.0,  29,  Nuc799485,  5016,  0, 0, 0, , 0, 0, 0, 0, 0,
33,  1,  24,  38,  39,  929, 588,  124.0,  29,  Nuc895692,  6083,  0, 0, 0, , 0, 0, 0, 0, 0,
34,  1,  25,  -1,  -1,  748, 588,  135.0,  51,  Nuc911859,  15047,  0, 0, 0, , 0, 0, 0, 0, 0,
35,  1,  25,  40,  -1,  793, 616,  142.0,  27,  Nuc911860,  4128,  0, 0, 0, , 0, 0, 0, 0, 0,
36,  1,  26,  41,  -1,  783, 623,  154.0,  27,  Nuc952959,  4734,  0, 0, 0, , 0, 0, 0, 0, 0,
37,  1,  27,  42,  -1,  405, 645,  138.0,  27,  Nuc1024042,  2715,  0, 0, 0, , 0, 0, 0, 0, 0,
38,  1,  28,  43,  -1,  464, 625,  140.0,  29,  Nuc1024061,  1926,  0, 0, 0, , 0, 0, 0, 0, 0,
39,  1,  29,  44,  -1,  452, 765,  125.0,  27,  Nuc1057007,  5602,  0, 0, 0, , 0, 0, 0, 0, 0,
40,  1,  30,  45,  -1,  476, 730,  139.0,  27,  Nuc1057697,  4181,  0, 0, 0, , 0, 0, 0, 0, 0,
41,  1,  31,  46,  -1,  583, 700,  137.0,  27,  Nuc1057865,  4888,  0, 0, 0, , 0, 0, 0, 0, 0,
42,  1,  32,  47,  -1,  636, 724,  135.0,  27,  Nuc1102170,  4309,  0, 0, 0, , 0, 0, 0, 0, 0,
43,  1,  33,  48,  49,  469, 541,  140.0,  29,  Nuc1208080,  4803,  0, 0, 0, , 0, 0, 0, 0, 0,
44,  1,  35,  50,  -1,  556, 832,  144.0,  27,  Nuc1210574,  3630,  0, 0, 0, , 0, 0, 0, 0, 0,
45,  1,  36,  51,  -1,  504, 820,  152.0,  29,  Nuc1247413,  4003,  0, 0, 0, , 0, 0, 0, 0, 0,
46,  1,  37,  52,  -1,  652, 620,  143.0,  27,  Nuc1272726,  5213,  0, 0, 0, , 0, 0, 0, 0, 0,
47,  1,  37,  53,  -1,  612, 588,  143.0,  25,  Nuc1336634,  2937,  0, 0, 0, , 0, 0, 0, 0, 0,
48,  1,  38,  54,  55,  377, 425,  131.0,  27,  Nuc1418677,  3319,  0, 0, 0, , 0, 0, 0, 0, 0,
49,  1,  39,  56,  -1,  427, 457,  139.0,  27,  Nuc1418684,  3657,  0, 0, 0, , 0, 0, 0, 0, 0,
50,  1,  40,  57,  -1,  485, 390,  143.0,  27,  Nuc1418740,  3003,  0, 0, 0, , 0, 0, 0, 0, 0,
51,  1,  41,  58,  -1,  443, 345,  135.0,  27,  Nuc1418797,  3541,  0, 0, 0, , 0, 0, 0, 0, 0,
52,  1,  42,  59,  -1,  507, 471,  144.0,  31,  Nuc1418819,  5034,  0, 0, 0, , 0, 0, 0, 0, 0,
53,  1,  43,  60,  -1,  571, 465,  142.0,  29,  Nuc1431470,  4849,  0, 0, 0, , 0, 0, 0, 0, 0,
54,  1,  44,  61,  -1,  439, 320,  164.0,  29,  Nuc1483189,  4053,  0, 0, 0, , 0, 0, 0, 0, 0,
55,  1,  45,  62,  -1,  418, 273,  150.0,  29,  Nuc1494686,  4009,  0, 0, 0, , 0, 0, 0, 0, 0,
56,  1,  46,  63,  -1,  661, 358,  150.0,  27,  Nuc1500692,  3621,  0, 0, 0, , 0, 0, 0, 0, 0,
57,  1,  47,  64,  -1,  618, 361,  139.0,  27,  Nuc1514832,  3701,  0, 0, 0, , 0, 0, 0, 0, 0,
58,  1,  48,  65,  -1,  539, 273,  147.0,  27,  Nuc1553326,  3871,  0, 0, 0, , 0, 0, 0, 0, 0,
59,  1,  49,  66,  -1,  561, 308,  160.0,  29,  Nuc1577580,  4467,  0, 0, 0, , 0, 0, 0, 0, 0,
60,  1,  50,  67,  -1,  657, 459,  149.0,  29,  Nuc1584549,  5499,  0, 0, 0, , 0, 0, 0, 0, 0,
61,  1,  51,  68,  -1,  643, 525,  157.0,  25,  Nuc1640534,  5084,  0, 0, 0, , 0, 0, 0, 0, 0,
62,  1,  52,  69,  -1,  683, 565,  154.0,  27,  Nuc1640538,  3611,  0, 0, 0, , 0, 0, 0, 0, 0,
63,  1,  53,  70,  -1,  497, 514,  161.0,  29,  Nuc1740582,  5494,  0, 0, 0, , 0, 0, 0, 0, 0,
64,  1,  54,  -1,  -1,  557, 576,  164.0,  33,  Nuc1773117,  2695,  0, 0, 0, , 0, 0, 0, 0, 0,
65,  1,  55,  71,  -1,  547, 548,  156.0,  27,  Nuc1773119,  4785,  0, 0, 0, , 0, 0, 0, 0, 0,
66,  1,  56,  72,  -1,  367, 645,  171.0,  27,  Nuc1773139,  4554,  0, 0, 0, , 0, 0, 0, 0, 0,
67,  1,  58,  73,  -1,  465, 422,  177.0,  29,  Nuc1794082,  5089,  0, 0, 0, , 0, 0, 0, 0, 0,
68,  1,  59,  74,  -1,  535, 408,  174.0,  27,  Nuc1794427,  4737,  0, 0, 0, , 0, 0, 0, 0, 0,
69,  1,  60,  75,  -1,  677, 437,  165.0,  27,  Nuc1800292,  4631,  0, 0, 0, , 0, 0, 0, 0, 0,
70,  1,  61,  76,  -1,  730, 524,  171.0,  29,  Nuc1850266,  5062,  0, 0, 0, , 0, 0, 0, 0, 0,
71,  1,  62,  77,  -1,  739, 576,  170.0,  29,  Nuc1862178,  5626,  0, 0, 0, , 0, 0, 0, 0, 0,
72,  1,  63,  78,  -1,  447, 709,  170.0,  27,  Nuc1869354,  4284,  0, 0, 0, , 0, 0, 0, 0, 0,
73,  1,  64,  79,  -1,  606, 749,  167.0,  29,  Nuc1869961,  5451,  0, 0, 0, , 0, 0, 0, 0, 0,
74,  1,  65,  80,  -1,  548, 725,  172.0,  29,  Nuc1883005,  4709,  0, 0, 0, , 0, 0, 0, 0, 0,
75,  1,  66,  81,  -1,  615, 617,  180.0,  55,  Nuc1892111,  3980,  0, 0, 0, , 0, 0, 0, 0, 0,
76,  1,  67,  82,  -1,  652, 637,  173.0,  29,  Nuc1892117,  4567,  0, 0, 0, , 0, 0, 0, 0, 0,
77,  1,  68,  83,  -1,  585, 617,  174.0,  27,  Nuc1921241,  4268,  0, 0, 0, , 0, 0, 0, 0, 0,
78,  1,  70,  84,  -1,  624, 517,  178.0,  29,  Nuc1922044,  5938,  0, 0, 0, , 0, 0, 0, 0, 0,
79,  1,  71,  85,  -1,  446, 617,  178.0,  27,  Nuc1923255,  5115,  0, 0, 0, , 0, 0, 0, 0, 0,
80,  1,  72,  86,  -1,  546, 526,  168.0,  47,  Nuc1934214,  14189,  0, 0, 0, , 0, 0, 0, 0, 0,
81,  1,  73,  87,  -1,  476, 525,  168.0,  41,  Nuc1934221,  9989,  0, 0, 0, , 0, 0, 0, 0, 0,
82,  1,  74,  88,  -1,  503, 601,  168.0,  27,  Nuc1934226,  4335,  0, 0, 0, , 0, 0, 0, 0, 0,
83,  1,  75,  89,  -1,  394, 553,  181.0,  29,  Nuc1953694,  3859,  0, 0, 0, , 0, 0, 0, 0, 0,
84,  1,  76,  90,  -1,  390, 485,  181.0,  29,  Nuc1954667,  4144,  0, 0, 0, , 0, 0, 0, 0, 0,
85,  1,  77,  91,  -1,  500, 615,  184.0,  45,  Nuc1954896,  2087,  0, 0, 0, , 0, 0, 0, 0, 0,
86,  1,  77,  92,  -1,  520, 560,  183.0,  29,  Nuc1954898,  5918,  0, 0, 0, , 0, 0, 0, 0, 0,
87,  1,  78,  93,  -1,  496, 501,  183.0,  29,  Nuc1968402,  5624,  0, 0, 0, , 0, 0, 0, 0, 0,
88,  1,  79,  94,  -1,  545, 621,  183.0,  59,  Nuc1968786,  5741,  0, 0, 0, , 0, 0, 0, 0, 0,
89,  1,  80,  95,  -1,  377, 779,  148.0,  29,  Nuc2009199,  3585,  0, 0, 0, , 0, 0, 0, 0, 0,
90,  1,  80,  -1,  -1,  355, 757,  132.0,  29,  Nuc2012624,  2305,  0, 0, 0, , 0, 0, 0, 0, 0,
91,  1,  82,  96,  -1,  395, 922,  98.0,  29,  Nuc2012675,  3543,  0, 0, 0, , 0, 0, 0, 0, 0,
92,  1,  82,  97,  -1,  402, 900,  106.0,  29,  Nuc2012691,  4734,  0, 0, 0, , 0, 0, 0, 0, 0,
93,  1,  83,  -1,  -1,  447, 526,  186.0,  47,  Nuc2012732,  2237,  0, 0, 0, , 0, 0, 0, 0, 0,
94,  1,  85,  98,  99,  583, 499,  167.0,  25,  Nuc2012736,  4626,  0, 0, 0, , 0, 0, 0, 0, 0,
95,  1,  -1,  -1,  -1,  250, 338,  133.0,  27,  Nuc2064215,  1988,  0, 0, 0, , 0, 0, 0, 0, 0,
96,  1,  -1,  100,  -1,  323, 407,  153.0,  29,  Nuc2064216,  3840,  0, 0, 0, , 0, 0, 0, 0, 0,
97,  1,  -1,  -1,  -1,  466, 416,  160.0,  41,  Nuc2064218,  1581,  0, 0, 0, , 0, 0, 0, 0, 0,
98,  1,  -1,  101,  -1,  438, 418,  161.0,  37,  Nuc2064219,  1657,  0, 0, 0, , 0, 0, 0, 0, 0,
99,  1,  -1,  102,  -1,  362, 404,  168.0,  27,  Nuc2064224,  2200,  0, 0, 0, , 0, 0, 0, 0, 0,
