1,  1,  1,  1,  -1,  498, 964,  90.0,  31,  Nuc24,  4650,  0, 0, 0, , 0, 0, 0, 0, 0,
2,  1,  2,  2,  -1,  489, 939,  101.0,  31,  Nuc9482,  4622,  0, 0, 0, , 0, 0, 0, 0, 0,
3,  1,  3,  3,  -1,  705, 924,  98.0,  29,  Nuc29631,  4421,  0, 0, 0, , 0, 0, 0, 0, 0,
4,  1,  3,  4,  -1,  674, 944,  94.0,  29,  Nuc47846,  5029,  0, 0, 0, , 0, 0, 0, 0, 0,
5,  1,  4,  5,  -1,  620, 866,  122.0,  27,  Nuc63943,  3942,  0, 0, 0, , 0, 0, 0, 0, 0,
6,  1,  5,  6,  -1,  606, 911,  114.0,  29,  Nuc69304,  4202,  0, 0, 0, , 0, 0, 0, 0, 0,
7,  1,  6,  7,  -1,  505, 841,  121.0,  27,  Nuc90554,  3681,  0, 0, 0, , 0, 0, 0, 0, 0,
8,  1,  7,  8,  -1,  517, 901,  121.0,  29,  Nuc144276,  4422,  0, 0, 0, , 0, 0, 0, 0, 0,
9,  1,  8,  9,  -1,  324, 208,  118.0,  31,  Nuc152726,  995,  0, 0, 0, , 0, 0, 0, 0, 0,
10,  1,  8,  10,  -1,  323, 256,  126.0,  29,  Nuc152777,  2743,  0, 0, 0, , 0, 0, 0, 0, 0,
11,  1,  9,  11,  -1,  718, 826,  124.0,  29,  Nuc152870,  4496,  0, 0, 0, , 0, 0, 0, 0, 0,
12,  1,  10,  12,  -1,  693, 819,  139.0,  31,  Nuc190525,  5314,  0, 0, 0, , 0, 0, 0, 0, 0,
13,  1,  11,  13,  -1,  840, 829,  106.0,  31,  Nuc209723,  5857,  0, 0, 0, , 0, 0, 0, 0, 0,
14,  1,  12,  14,  -1,  801, 840,  111.0,  31,  Nuc230338,  5300,  0, 0, 0, , 0, 0, 0, 0, 0,
15,  1,  13,  15,  -1,  736, 203,  111.0,  31,  Nuc251844,  4535,  0, 0, 0, , 0, 0, 0, 0, 0,
16,  1,  14,  16,  -1,  713, 215,  120.0,  29,  Nuc264717,  4164,  0, 0, 0, , 0, 0, 0, 0, 0,
17,  1,  15,  17,  -1,  608, 220,  130.0,  29,  Nuc274945,  3890,  0, 0, 0, , 0, 0, 0, 0, 0,
18,  1,  16,  18,  -1,  599, 183,  119.0,  33,  Nuc293717,  3193,  0, 0, 0, , 0, 0, 0, 0, 0,
19,  1,  17,  19,  -1,  911, 371,  113.0,  31,  Nuc314283,  5643,  0, 0, 0, , 0, 0, 0, 0, 0,
20,  1,  17,  20,  -1,  880, 370,  120.0,  31,  Nuc343635,  4932,  0, 0, 0, , 0, 0, 0, 0, 0,
21,  1,  18,  21,  -1,  766, 358,  142.0,  27,  Nuc370567,  4025,  0, 0, 0, , 0, 0, 0, 0, 0,
22,  1,  19,  22,  -1,  769, 307,  134.0,  29,  Nuc406934,  4580,  0, 0, 0, , 0, 0, 0, 0, 0,
23,  1,  20,  23,  -1,  411, 175,  115.0,  31,  Nuc445472,  2654,  0, 0, 0, , 0, 0, 0, 0, 0,
24,  1,  20,  24,  -1,  409, 222,  125.0,  27,  Nuc451798,  3997,  0, 0, 0, , 0, 0, 0, 0, 0,
25,  1,  21,  25,  -1,  506, 164,  119.0,  29,  Nuc454638,  3674,  0, 0, 0, , 0, 0, 0, 0, 0,
26,  1,  22,  26,  -1,  500, 201,  131.0,  29,  Nuc460114,  3751,  0, 0, 0, , 0, 0, 0, 0, 0,
27,  1,  23,  27,  -1,  928, 685,  114.0,  31,  Nuc466256,  6648,  0, 0, 0, , 0, 0, 0, 0, 0,
28,  1,  23,  28,  -1,  894, 718,  115.0,  31,  Nuc497622,  7729,  0, 0, 0, , 0, 0, 0, 0, 0,
29,  1,  24,  29,  -1,  794, 732,  133.0,  27,  Nuc546682,  5002,  0, 0, 0, , 0, 0, 0, 0, 0,
30,  1,  25,  30,  -1,  751, 727,  146.0,  29,  Nuc606096,  5734,  0, 0, 0, , 0, 0, 0, 0, 0,
31,  1,  26,  31,  32,  374, 846,  124.0,  29,  Nuc681999,  4371,  0, 0, 0, , 0, 0, 0, 0, 0,
32,  1,  27,  33,  -1,  410, 854,  136.0,  31,  Nuc701640,  3091,  0, 0, 0, , 0, 0, 0, 0, 0,
33,  1,  28,  34,  -1,  920, 493,  128.0,  31,  Nuc701770,  5937,  0, 0, 0, , 0, 0, 0, 0, 0,
34,  1,  29,  35,  -1,  884, 495,  138.0,  29,  Nuc736732,  4908,  0, 0, 0, , 0, 0, 0, 0, 0,
35,  1,  30,  36,  -1,  757, 513,  140.0,  27,  Nuc765515,  4743,  0, 0, 0, , 0, 0, 0, 0, 0,
36,  1,  31,  37,  -1,  774, 467,  152.0,  27,  Nuc781787,  4268,  0, 0, 0, , 0, 0, 0, 0, 0,
37,  1,  32,  38,  -1,  891, 598,  131.0,  27,  Nuc799486,  5180,  0, 0, 0, , 0, 0, 0, 0, 0,
38,  1,  33,  39,  -1,  968, 572,  114.0,  57,  Nuc895693,  4592,  0, 0, 0, , 0, 0, 0, 0, 0,
39,  1,  33,  40,  -1,  938, 584,  123.0,  31,  Nuc895697,  6483,  0, 0, 0, , 0, 0, 0, 0, 0,
40,  1,  35,  41,  -1,  798, 616,  140.0,  29,  Nuc911861,  4637,  0, 0, 0, , 0, 0, 0, 0, 0,
41,  1,  36,  42,  -1,  786, 623,  156.0,  29,  Nuc952960,  5051,  0, 0, 0, , 0, 0, 0, 0, 0,
42,  1,  37,  43,  -1,  404, 645,  138.0,  27,  Nuc1024043,  3995,  0, 0, 0, , 0, 0, 0, 0, 0,
43,  1,  38,  44,  -1,  466, 621,  139.0,  29,  Nuc1024062,  3675,  0, 0, 0, , 0, 0, 0, 0, 0,
44,  1,  39,  45,  -1,  450, 766,  127.0,  27,  Nuc1057008,  3895,  0, 0, 0, , 0, 0, 0, 0, 0,
45,  1,  40,  46,  -1,  480, 723,  139.0,  29,  Nuc1057698,  4559,  0, 0, 0, , 0, 0, 0, 0, 0,
46,  1,  41,  47,  -1,  575, 696,  137.0,  29,  Nuc1057866,  4858,  0, 0, 0, , 0, 0, 0, 0, 0,
47,  1,  42,  48,  -1,  636, 724,  133.0,  27,  Nuc1102171,  4578,  0, 0, 0, , 0, 0, 0, 0, 0,
48,  1,  43,  49,  -1,  414, 553,  149.0,  29,  Nuc1208081,  2391,  0, 0, 0, , 0, 0, 0, 0, 0,
49,  1,  43,  50,  -1,  470, 541,  140.0,  27,  Nuc1208158,  5003,  0, 0, 0, , 0, 0, 0, 0, 0,
50,  1,  44,  51,  -1,  561, 832,  144.0,  29,  Nuc1210575,  4461,  0, 0, 0, , 0, 0, 0, 0, 0,
51,  1,  45,  52,  -1,  498, 815,  153.0,  29,  Nuc1247414,  4109,  0, 0, 0, , 0, 0, 0, 0, 0,
52,  1,  46,  53,  -1,  660, 629,  142.0,  27,  Nuc1272727,  5045,  0, 0, 0, , 0, 0, 0, 0, 0,
53,  1,  47,  54,  -1,  609, 581,  142.0,  27,  Nuc1336635,  4873,  0, 0, 0, , 0, 0, 0, 0, 0,
54,  1,  48,  55,  -1,  328, 369,  132.0,  29,  Nuc1418678,  2754,  0, 0, 0, , 0, 0, 0, 0, 0,
55,  1,  48,  56,  -1,  375, 423,  132.0,  27,  Nuc1418680,  3412,  0, 0, 0, , 0, 0, 0, 0, 0,
56,  1,  49,  57,  -1,  425, 459,  139.0,  27,  Nuc1418685,  4436,  0, 0, 0, , 0, 0, 0, 0, 0,
57,  1,  50,  58,  -1,  483, 392,  143.0,  27,  Nuc1418741,  3786,  0, 0, 0, , 0, 0, 0, 0, 0,
58,  1,  51,  -1,  -1,  438, 343,  135.0,  27,  Nuc1418798,  2947,  0, 0, 0, , 0, 0, 0, 0, 0,
59,  1,  52,  59,  -1,  506, 474,  145.0,  31,  Nuc1418820,  5168,  0, 0, 0, , 0, 0, 0, 0, 0,
60,  1,  53,  60,  -1,  569, 471,  142.0,  29,  Nuc1431471,  4981,  0, 0, 0, , 0, 0, 0, 0, 0,
61,  1,  54,  61,  -1,  443, 322,  164.0,  29,  Nuc1483190,  4471,  0, 0, 0, , 0, 0, 0, 0, 0,
62,  1,  55,  62,  -1,  420, 271,  151.0,  29,  Nuc1494687,  4662,  0, 0, 0, , 0, 0, 0, 0, 0,
63,  1,  56,  63,  -1,  660, 361,  151.0,  27,  Nuc1500693,  4448,  0, 0, 0, , 0, 0, 0, 0, 0,
64,  1,  57,  64,  -1,  607, 361,  138.0,  27,  Nuc1514833,  3487,  0, 0, 0, , 0, 0, 0, 0, 0,
65,  1,  58,  65,  -1,  539, 268,  147.0,  29,  Nuc1553327,  4298,  0, 0, 0, , 0, 0, 0, 0, 0,
66,  1,  59,  66,  -1,  565, 313,  161.0,  29,  Nuc1577581,  4764,  0, 0, 0, , 0, 0, 0, 0, 0,
67,  1,  60,  67,  -1,  655, 461,  147.0,  31,  Nuc1584550,  5048,  0, 0, 0, , 0, 0, 0, 0, 0,
68,  1,  61,  68,  -1,  637, 563,  161.0,  35,  Nuc1640535,  7547,  0, 0, 0, , 0, 0, 0, 0, 0,
69,  1,  62,  69,  70,  687, 569,  154.0,  27,  Nuc1640539,  5184,  0, 0, 0, , 0, 0, 0, 0, 0,
70,  1,  63,  71,  -1,  494, 515,  162.0,  29,  Nuc1740583,  6585,  0, 0, 0, , 0, 0, 0, 0, 0,
71,  1,  65,  -1,  -1,  546, 551,  155.0,  27,  Nuc1773120,  3503,  0, 0, 0, , 0, 0, 0, 0, 0,
72,  1,  66,  72,  -1,  368, 643,  171.0,  27,  Nuc1773140,  4548,  0, 0, 0, , 0, 0, 0, 0, 0,
73,  1,  67,  73,  -1,  466, 424,  177.0,  29,  Nuc1794083,  5410,  0, 0, 0, , 0, 0, 0, 0, 0,
74,  1,  68,  74,  -1,  536, 412,  174.0,  27,  Nuc1794428,  5268,  0, 0, 0, , 0, 0, 0, 0, 0,
75,  1,  69,  75,  -1,  675, 442,  165.0,  27,  Nuc1800293,  5666,  0, 0, 0, , 0, 0, 0, 0, 0,
76,  1,  70,  76,  -1,  728, 522,  171.0,  29,  Nuc1850267,  5941,  0, 0, 0, , 0, 0, 0, 0, 0,
77,  1,  71,  77,  -1,  740, 574,  169.0,  29,  Nuc1862179,  5296,  0, 0, 0, , 0, 0, 0, 0, 0,
78,  1,  72,  78,  -1,  446, 706,  170.0,  27,  Nuc1869355,  4939,  0, 0, 0, , 0, 0, 0, 0, 0,
79,  1,  73,  79,  -1,  605, 747,  166.0,  31,  Nuc1869962,  5835,  0, 0, 0, , 0, 0, 0, 0, 0,
80,  1,  74,  80,  -1,  545, 720,  173.0,  29,  Nuc1883006,  5775,  0, 0, 0, , 0, 0, 0, 0, 0,
81,  1,  75,  81,  -1,  613, 617,  180.0,  59,  Nuc1892112,  4101,  0, 0, 0, , 0, 0, 0, 0, 0,
82,  1,  76,  82,  -1,  656, 636,  172.0,  29,  Nuc1892118,  6254,  0, 0, 0, , 0, 0, 0, 0, 0,
83,  1,  77,  83,  -1,  586, 617,  174.0,  27,  Nuc1921242,  5223,  0, 0, 0, , 0, 0, 0, 0, 0,
84,  1,  78,  84,  -1,  623, 517,  178.0,  29,  Nuc1922045,  6319,  0, 0, 0, , 0, 0, 0, 0, 0,
85,  1,  79,  85,  -1,  451, 617,  178.0,  27,  Nuc1923256,  5495,  0, 0, 0, , 0, 0, 0, 0, 0,
86,  1,  80,  86,  -1,  550, 525,  166.0,  39,  Nuc1934215,  18375,  0, 0, 0, , 0, 0, 0, 0, 0,
87,  1,  81,  87,  -1,  480, 526,  168.0,  45,  Nuc1934222,  6585,  0, 0, 0, , 0, 0, 0, 0, 0,
88,  1,  82,  88,  -1,  504, 598,  168.0,  27,  Nuc1934227,  4747,  0, 0, 0, , 0, 0, 0, 0, 0,
89,  1,  83,  89,  -1,  396, 549,  181.0,  29,  Nuc1953695,  5131,  0, 0, 0, , 0, 0, 0, 0, 0,
90,  1,  84,  90,  -1,  391, 487,  180.0,  27,  Nuc1954668,  3884,  0, 0, 0, , 0, 0, 0, 0, 0,
91,  1,  85,  -1,  -1,  499, 615,  184.0,  47,  Nuc1954897,  4081,  0, 0, 0, , 0, 0, 0, 0, 0,
92,  1,  86,  91,  -1,  520, 557,  183.0,  29,  Nuc1954899,  5817,  0, 0, 0, , 0, 0, 0, 0, 0,
93,  1,  87,  92,  -1,  497, 503,  183.0,  29,  Nuc1968403,  6085,  0, 0, 0, , 0, 0, 0, 0, 0,
94,  1,  88,  93,  -1,  544, 620,  183.0,  61,  Nuc1968787,  4819,  0, 0, 0, , 0, 0, 0, 0, 0,
95,  1,  89,  94,  -1,  374, 779,  148.0,  29,  Nuc2009200,  4705,  0, 0, 0, , 0, 0, 0, 0, 0,
96,  1,  91,  95,  -1,  394, 923,  98.0,  31,  Nuc2012676,  4318,  0, 0, 0, , 0, 0, 0, 0, 0,
97,  1,  92,  96,  -1,  403, 896,  108.0,  31,  Nuc2012692,  3293,  0, 0, 0, , 0, 0, 0, 0, 0,
98,  1,  94,  97,  -1,  622, 531,  169.0,  43,  Nuc2012737,  2925,  0, 0, 0, , 0, 0, 0, 0, 0,
99,  1,  94,  98,  -1,  585, 493,  168.0,  23,  Nuc2021709,  3391,  0, 0, 0, , 0, 0, 0, 0, 0,
100,  1,  96,  -1,  -1,  322, 405,  152.0,  29,  Nuc2064217,  2680,  0, 0, 0, , 0, 0, 0, 0, 0,
101,  1,  98,  99,  -1,  450, 413,  161.0,  37,  Nuc2064220,  6463,  0, 0, 0, , 0, 0, 0, 0, 0,
102,  1,  99,  100,  -1,  361, 403,  167.0,  27,  Nuc2064225,  4097,  0, 0, 0, , 0, 0, 0, 0, 0,
103,  1,  -1,  101,  -1,  329, 326,  147.0,  27,  Nuc2064236,  2632,  0, 0, 0, , 0, 0, 0, 0, 0,
104,  1,  -1,  -1,  -1,  500, 665,  158.0,  27,  Nuc2064515,  1842,  0, 0, 0, , 0, 0, 0, 0, 0,
105,  1,  -1,  -1,  -1,  289, 490,  165.0,  29,  Nuc2064516,  2641,  0, 0, 0, , 0, 0, 0, 0, 0,
