1,  1,  1,  1,  -1,  498, 966,  89.0,  31,  Nuc25,  3864,  0, 0, 0, , 0, 0, 0, 0, 0,
2,  1,  2,  2,  -1,  486, 939,  102.0,  31,  Nuc9483,  4550,  0, 0, 0, , 0, 0, 0, 0, 0,
3,  1,  3,  3,  -1,  710, 921,  99.0,  29,  Nuc29632,  4246,  0, 0, 0, , 0, 0, 0, 0, 0,
4,  1,  4,  4,  -1,  672, 949,  93.0,  31,  Nuc47847,  4281,  0, 0, 0, , 0, 0, 0, 0, 0,
5,  1,  5,  5,  -1,  621, 862,  123.0,  27,  Nuc63944,  3333,  0, 0, 0, , 0, 0, 0, 0, 0,
6,  1,  6,  6,  -1,  603, 915,  113.0,  29,  Nuc69305,  4481,  0, 0, 0, , 0, 0, 0, 0, 0,
7,  1,  7,  7,  -1,  503, 838,  121.0,  27,  Nuc90555,  3012,  0, 0, 0, , 0, 0, 0, 0, 0,
8,  1,  8,  8,  -1,  517, 902,  121.0,  29,  Nuc144277,  4251,  0, 0, 0, , 0, 0, 0, 0, 0,
9,  1,  9,  9,  -1,  325, 204,  117.0,  29,  Nuc152727,  2020,  0, 0, 0, , 0, 0, 0, 0, 0,
10,  1,  10,  10,  -1,  322, 255,  127.0,  29,  Nuc152778,  2659,  0, 0, 0, , 0, 0, 0, 0, 0,
11,  1,  11,  11,  -1,  717, 828,  123.0,  29,  Nuc152871,  4551,  0, 0, 0, , 0, 0, 0, 0, 0,
12,  1,  12,  12,  -1,  691, 815,  140.0,  29,  Nuc190526,  4777,  0, 0, 0, , 0, 0, 0, 0, 0,
13,  1,  13,  13,  -1,  844, 832,  105.0,  31,  Nuc209724,  6462,  0, 0, 0, , 0, 0, 0, 0, 0,
14,  1,  14,  14,  -1,  797, 845,  112.0,  31,  Nuc230339,  5932,  0, 0, 0, , 0, 0, 0, 0, 0,
15,  1,  15,  15,  -1,  739, 198,  109.0,  31,  Nuc251845,  4420,  0, 0, 0, , 0, 0, 0, 0, 0,
16,  1,  16,  16,  -1,  710, 210,  121.0,  29,  Nuc264718,  2619,  0, 0, 0, , 0, 0, 0, 0, 0,
17,  1,  17,  17,  -1,  607, 221,  132.0,  27,  Nuc274946,  4317,  0, 0, 0, , 0, 0, 0, 0, 0,
18,  1,  18,  18,  -1,  598, 174,  118.0,  37,  Nuc293718,  2646,  0, 0, 0, , 0, 0, 0, 0, 0,
19,  1,  19,  19,  -1,  914, 370,  113.0,  33,  Nuc314284,  5738,  0, 0, 0, , 0, 0, 0, 0, 0,
20,  1,  20,  20,  -1,  873, 367,  122.0,  31,  Nuc343636,  4752,  0, 0, 0, , 0, 0, 0, 0, 0,
21,  1,  21,  21,  -1,  767, 360,  143.0,  27,  Nuc370568,  4517,  0, 0, 0, , 0, 0, 0, 0, 0,
22,  1,  22,  22,  -1,  766, 299,  133.0,  29,  Nuc406935,  4488,  0, 0, 0, , 0, 0, 0, 0, 0,
23,  1,  23,  23,  -1,  411, 173,  114.0,  31,  Nuc445473,  3546,  0, 0, 0, , 0, 0, 0, 0, 0,
24,  1,  24,  24,  -1,  407, 224,  126.0,  27,  Nuc451799,  3091,  0, 0, 0, , 0, 0, 0, 0, 0,
25,  1,  25,  25,  -1,  506, 160,  118.0,  29,  Nuc454639,  3493,  0, 0, 0, , 0, 0, 0, 0, 0,
26,  1,  26,  26,  -1,  498, 202,  132.0,  29,  Nuc460115,  3843,  0, 0, 0, , 0, 0, 0, 0, 0,
27,  1,  27,  27,  -1,  935, 681,  113.0,  31,  Nuc466257,  7340,  0, 0, 0, , 0, 0, 0, 0, 0,
28,  1,  28,  28,  -1,  895, 725,  116.0,  33,  Nuc497623,  6767,  0, 0, 0, , 0, 0, 0, 0, 0,
29,  1,  29,  29,  -1,  798, 732,  133.0,  27,  Nuc546683,  4278,  0, 0, 0, , 0, 0, 0, 0, 0,
30,  1,  30,  30,  -1,  747, 725,  148.0,  29,  Nuc606097,  5543,  0, 0, 0, , 0, 0, 0, 0, 0,
31,  1,  31,  31,  -1,  319, 835,  113.0,  33,  Nuc682000,  2515,  0, 0, 0, , 0, 0, 0, 0, 0,
32,  1,  31,  32,  -1,  376, 843,  124.0,  27,  Nuc682008,  4893,  0, 0, 0, , 0, 0, 0, 0, 0,
33,  1,  32,  33,  -1,  411, 852,  136.0,  29,  Nuc701641,  3651,  0, 0, 0, , 0, 0, 0, 0, 0,
34,  1,  33,  34,  -1,  925, 493,  128.0,  31,  Nuc701771,  5896,  0, 0, 0, , 0, 0, 0, 0, 0,
35,  1,  34,  35,  -1,  882, 492,  140.0,  29,  Nuc736733,  5085,  0, 0, 0, , 0, 0, 0, 0, 0,
36,  1,  35,  36,  -1,  756, 520,  139.0,  27,  Nuc765516,  5044,  0, 0, 0, , 0, 0, 0, 0, 0,
37,  1,  36,  37,  -1,  772, 466,  153.0,  27,  Nuc781788,  4342,  0, 0, 0, , 0, 0, 0, 0, 0,
38,  1,  37,  38,  -1,  889, 594,  132.0,  27,  Nuc799487,  4823,  0, 0, 0, , 0, 0, 0, 0, 0,
39,  1,  38,  39,  -1,  970, 569,  112.0,  51,  Nuc895694,  5442,  0, 0, 0, , 0, 0, 0, 0, 0,
40,  1,  39,  40,  -1,  943, 580,  123.0,  31,  Nuc895698,  6284,  0, 0, 0, , 0, 0, 0, 0, 0,
41,  1,  40,  41,  -1,  799, 616,  138.0,  27,  Nuc911862,  4671,  0, 0, 0, , 0, 0, 0, 0, 0,
42,  1,  41,  42,  -1,  786, 624,  157.0,  29,  Nuc952961,  5074,  0, 0, 0, , 0, 0, 0, 0, 0,
43,  1,  42,  43,  -1,  404, 643,  138.0,  27,  Nuc1024044,  4593,  0, 0, 0, , 0, 0, 0, 0, 0,
44,  1,  43,  44,  -1,  464, 621,  137.0,  29,  Nuc1024063,  3057,  0, 0, 0, , 0, 0, 0, 0, 0,
45,  1,  44,  45,  -1,  450, 760,  124.0,  29,  Nuc1057009,  2815,  0, 0, 0, , 0, 0, 0, 0, 0,
46,  1,  45,  46,  -1,  481, 719,  140.0,  29,  Nuc1057699,  4315,  0, 0, 0, , 0, 0, 0, 0, 0,
47,  1,  46,  47,  -1,  574, 693,  138.0,  27,  Nuc1057867,  4290,  0, 0, 0, , 0, 0, 0, 0, 0,
48,  1,  47,  48,  -1,  631, 723,  133.0,  27,  Nuc1102172,  4516,  0, 0, 0, , 0, 0, 0, 0, 0,
49,  1,  48,  49,  -1,  415, 553,  150.0,  27,  Nuc1208082,  3471,  0, 0, 0, , 0, 0, 0, 0, 0,
50,  1,  49,  50,  -1,  466, 539,  139.0,  29,  Nuc1208159,  4111,  0, 0, 0, , 0, 0, 0, 0, 0,
51,  1,  50,  51,  -1,  562, 830,  144.0,  29,  Nuc1210576,  4517,  0, 0, 0, , 0, 0, 0, 0, 0,
52,  1,  51,  52,  -1,  496, 812,  153.0,  29,  Nuc1247415,  4515,  0, 0, 0, , 0, 0, 0, 0, 0,
53,  1,  52,  53,  -1,  660, 629,  141.0,  27,  Nuc1272728,  4312,  0, 0, 0, , 0, 0, 0, 0, 0,
54,  1,  53,  54,  -1,  607, 576,  141.0,  27,  Nuc1336636,  4216,  0, 0, 0, , 0, 0, 0, 0, 0,
55,  1,  54,  -1,  -1,  327, 366,  132.0,  27,  Nuc1418679,  2089,  0, 0, 0, , 0, 0, 0, 0, 0,
56,  1,  55,  -1,  -1,  371, 422,  132.0,  29,  Nuc1418681,  2948,  0, 0, 0, , 0, 0, 0, 0, 0,
57,  1,  56,  55,  -1,  422, 460,  139.0,  27,  Nuc1418686,  4182,  0, 0, 0, , 0, 0, 0, 0, 0,
58,  1,  57,  56,  -1,  480, 390,  142.0,  27,  Nuc1418742,  3775,  0, 0, 0, , 0, 0, 0, 0, 0,
59,  1,  59,  57,  -1,  506, 471,  144.0,  29,  Nuc1418821,  5666,  0, 0, 0, , 0, 0, 0, 0, 0,
60,  1,  60,  58,  -1,  567, 473,  142.0,  29,  Nuc1431472,  4958,  0, 0, 0, , 0, 0, 0, 0, 0,
61,  1,  61,  59,  -1,  443, 327,  164.0,  29,  Nuc1483191,  4363,  0, 0, 0, , 0, 0, 0, 0, 0,
62,  1,  62,  60,  -1,  420, 271,  151.0,  29,  Nuc1494688,  4551,  0, 0, 0, , 0, 0, 0, 0, 0,
63,  1,  63,  61,  -1,  663, 361,  152.0,  27,  Nuc1500694,  3989,  0, 0, 0, , 0, 0, 0, 0, 0,
64,  1,  64,  62,  -1,  600, 363,  137.0,  29,  Nuc1514834,  3729,  0, 0, 0, , 0, 0, 0, 0, 0,
65,  1,  65,  63,  -1,  536, 267,  148.0,  29,  Nuc1553328,  4635,  0, 0, 0, , 0, 0, 0, 0, 0,
66,  1,  66,  64,  -1,  564, 318,  163.0,  29,  Nuc1577582,  4699,  0, 0, 0, , 0, 0, 0, 0, 0,
67,  1,  67,  65,  -1,  655, 459,  146.0,  29,  Nuc1584551,  5221,  0, 0, 0, , 0, 0, 0, 0, 0,
68,  1,  68,  -1,  -1,  636, 566,  163.0,  35,  Nuc1640536,  903,  0, 0, 0, , 0, 0, 0, 0, 0,
69,  1,  69,  66,  -1,  649, 529,  158.0,  27,  Nuc1640540,  3810,  0, 0, 0, , 0, 0, 0, 0, 0,
70,  1,  69,  67,  -1,  684, 571,  153.0,  29,  Nuc1703058,  4355,  0, 0, 0, , 0, 0, 0, 0, 0,
71,  1,  70,  68,  69,  492, 514,  162.0,  29,  Nuc1740584,  6634,  0, 0, 0, , 0, 0, 0, 0, 0,
72,  1,  72,  70,  -1,  372, 639,  171.0,  27,  Nuc1773141,  4289,  0, 0, 0, , 0, 0, 0, 0, 0,
73,  1,  73,  71,  -1,  463, 426,  176.0,  27,  Nuc1794084,  5372,  0, 0, 0, , 0, 0, 0, 0, 0,
74,  1,  74,  72,  -1,  536, 417,  174.0,  27,  Nuc1794429,  5311,  0, 0, 0, , 0, 0, 0, 0, 0,
75,  1,  75,  73,  -1,  671, 445,  165.0,  27,  Nuc1800294,  5024,  0, 0, 0, , 0, 0, 0, 0, 0,
76,  1,  76,  74,  -1,  727, 524,  170.0,  29,  Nuc1850268,  5882,  0, 0, 0, , 0, 0, 0, 0, 0,
77,  1,  77,  75,  -1,  739, 572,  169.0,  29,  Nuc1862180,  6051,  0, 0, 0, , 0, 0, 0, 0, 0,
78,  1,  78,  76,  -1,  445, 705,  170.0,  27,  Nuc1869356,  4696,  0, 0, 0, , 0, 0, 0, 0, 0,
79,  1,  79,  77,  -1,  606, 745,  165.0,  29,  Nuc1869963,  5831,  0, 0, 0, , 0, 0, 0, 0, 0,
80,  1,  80,  78,  -1,  545, 716,  172.0,  29,  Nuc1883007,  5507,  0, 0, 0, , 0, 0, 0, 0, 0,
81,  1,  81,  -1,  -1,  612, 618,  180.0,  61,  Nuc1892113,  1907,  0, 0, 0, , 0, 0, 0, 0, 0,
82,  1,  82,  79,  -1,  655, 637,  171.0,  27,  Nuc1892119,  5588,  0, 0, 0, , 0, 0, 0, 0, 0,
83,  1,  83,  80,  -1,  586, 618,  174.0,  27,  Nuc1921243,  5511,  0, 0, 0, , 0, 0, 0, 0, 0,
84,  1,  84,  81,  -1,  622, 519,  179.0,  29,  Nuc1922046,  6411,  0, 0, 0, , 0, 0, 0, 0, 0,
85,  1,  85,  82,  83,  453, 618,  178.0,  27,  Nuc1923257,  5719,  0, 0, 0, , 0, 0, 0, 0, 0,
86,  1,  86,  84,  -1,  554, 529,  168.0,  39,  Nuc1934216,  2359,  0, 0, 0, , 0, 0, 0, 0, 0,
87,  1,  87,  -1,  -1,  480, 525,  168.0,  43,  Nuc1934223,  1621,  0, 0, 0, , 0, 0, 0, 0, 0,
88,  1,  88,  85,  -1,  503, 592,  167.0,  27,  Nuc1934228,  4555,  0, 0, 0, , 0, 0, 0, 0, 0,
89,  1,  89,  86,  -1,  398, 547,  180.0,  27,  Nuc1953696,  4722,  0, 0, 0, , 0, 0, 0, 0, 0,
90,  1,  90,  87,  -1,  392, 489,  180.0,  27,  Nuc1954669,  3841,  0, 0, 0, , 0, 0, 0, 0, 0,
91,  1,  92,  88,  -1,  521, 557,  183.0,  29,  Nuc1954900,  6215,  0, 0, 0, , 0, 0, 0, 0, 0,
92,  1,  93,  89,  -1,  496, 504,  183.0,  29,  Nuc1968404,  5669,  0, 0, 0, , 0, 0, 0, 0, 0,
93,  1,  94,  90,  -1,  540, 613,  183.0,  31,  Nuc1968788,  3616,  0, 0, 0, , 0, 0, 0, 0, 0,
94,  1,  95,  91,  -1,  375, 777,  148.0,  27,  Nuc2009201,  4496,  0, 0, 0, , 0, 0, 0, 0, 0,
95,  1,  96,  92,  -1,  391, 924,  98.0,  31,  Nuc2012677,  4253,  0, 0, 0, , 0, 0, 0, 0, 0,
96,  1,  97,  93,  -1,  402, 891,  109.0,  31,  Nuc2012693,  3067,  0, 0, 0, , 0, 0, 0, 0, 0,
97,  1,  98,  94,  -1,  627, 531,  169.0,  43,  Nuc2012738,  2397,  0, 0, 0, , 0, 0, 0, 0, 0,
98,  1,  99,  95,  -1,  585, 497,  168.0,  23,  Nuc2021710,  3864,  0, 0, 0, , 0, 0, 0, 0, 0,
99,  1,  101,  96,  -1,  458, 411,  160.0,  41,  Nuc2064221,  5103,  0, 0, 0, , 0, 0, 0, 0, 0,
100,  1,  102,  97,  -1,  361, 405,  167.0,  27,  Nuc2064226,  3944,  0, 0, 0, , 0, 0, 0, 0, 0,
101,  1,  103,  98,  -1,  330, 326,  147.0,  27,  Nuc2064237,  2661,  0, 0, 0, , 0, 0, 0, 0, 0,
102,  1,  -1,  99,  -1,  287, 701,  142.0,  29,  Nuc2064517,  2232,  0, 0, 0, , 0, 0, 0, 0, 0,
