1,  1,  1,  1,  -1,  486, 967,  88.0,  29,  Nuc26,  4115,  0, 0, 0, , 0, 0, 0, 0, 0,
2,  1,  2,  2,  -1,  470, 938,  103.0,  29,  Nuc9484,  4256,  0, 0, 0, , 0, 0, 0, 0, 0,
3,  1,  3,  3,  -1,  701, 921,  99.0,  29,  Nuc29633,  4112,  0, 0, 0, , 0, 0, 0, 0, 0,
4,  1,  4,  4,  -1,  656, 953,  92.0,  29,  Nuc47848,  4007,  0, 0, 0, , 0, 0, 0, 0, 0,
5,  1,  5,  5,  -1,  608, 862,  123.0,  27,  Nuc63945,  3650,  0, 0, 0, , 0, 0, 0, 0, 0,
6,  1,  6,  6,  -1,  588, 919,  112.0,  29,  Nuc69306,  4216,  0, 0, 0, , 0, 0, 0, 0, 0,
7,  1,  7,  7,  -1,  491, 838,  121.0,  27,  Nuc90556,  3573,  0, 0, 0, , 0, 0, 0, 0, 0,
8,  1,  8,  8,  -1,  505, 905,  121.0,  29,  Nuc144278,  4223,  0, 0, 0, , 0, 0, 0, 0, 0,
9,  1,  9,  9,  -1,  313, 204,  116.0,  29,  Nuc152728,  3448,  0, 0, 0, , 0, 0, 0, 0, 0,
10,  1,  10,  10,  -1,  310, 254,  127.0,  27,  Nuc152779,  2525,  0, 0, 0, , 0, 0, 0, 0, 0,
11,  1,  11,  11,  -1,  702, 829,  123.0,  27,  Nuc152872,  4829,  0, 0, 0, , 0, 0, 0, 0, 0,
12,  1,  12,  12,  -1,  676, 815,  140.0,  29,  Nuc190527,  4678,  0, 0, 0, , 0, 0, 0, 0, 0,
13,  1,  13,  13,  -1,  835, 834,  103.0,  29,  Nuc209725,  6052,  0, 0, 0, , 0, 0, 0, 0, 0,
14,  1,  14,  14,  -1,  782, 848,  112.0,  29,  Nuc230340,  4902,  0, 0, 0, , 0, 0, 0, 0, 0,
15,  1,  15,  15,  -1,  730, 199,  109.0,  31,  Nuc251846,  4209,  0, 0, 0, , 0, 0, 0, 0, 0,
16,  1,  16,  16,  -1,  696, 210,  122.0,  29,  Nuc264719,  3047,  0, 0, 0, , 0, 0, 0, 0, 0,
17,  1,  17,  17,  -1,  593, 223,  133.0,  27,  Nuc274947,  3785,  0, 0, 0, , 0, 0, 0, 0, 0,
18,  1,  18,  18,  -1,  585, 171,  117.0,  33,  Nuc293719,  2908,  0, 0, 0, , 0, 0, 0, 0, 0,
19,  1,  19,  19,  -1,  902, 369,  113.0,  31,  Nuc314285,  5398,  0, 0, 0, , 0, 0, 0, 0, 0,
20,  1,  20,  20,  -1,  856, 364,  124.0,  29,  Nuc343637,  4623,  0, 0, 0, , 0, 0, 0, 0, 0,
21,  1,  21,  21,  -1,  754, 363,  144.0,  27,  Nuc370569,  4636,  0, 0, 0, , 0, 0, 0, 0, 0,
22,  1,  22,  22,  -1,  750, 294,  133.0,  29,  Nuc406936,  4560,  0, 0, 0, , 0, 0, 0, 0, 0,
23,  1,  23,  23,  -1,  398, 170,  114.0,  29,  Nuc445474,  3242,  0, 0, 0, , 0, 0, 0, 0, 0,
24,  1,  24,  24,  -1,  393, 229,  126.0,  27,  Nuc451800,  3288,  0, 0, 0, , 0, 0, 0, 0, 0,
25,  1,  25,  25,  -1,  492, 161,  118.0,  27,  Nuc454640,  3836,  0, 0, 0, , 0, 0, 0, 0, 0,
26,  1,  26,  26,  -1,  484, 205,  133.0,  29,  Nuc460116,  3658,  0, 0, 0, , 0, 0, 0, 0, 0,
27,  1,  27,  27,  -1,  927, 678,  113.0,  31,  Nuc466258,  6133,  0, 0, 0, , 0, 0, 0, 0, 0,
28,  1,  28,  28,  -1,  882, 729,  116.0,  31,  Nuc497624,  6265,  0, 0, 0, , 0, 0, 0, 0, 0,
29,  1,  29,  29,  -1,  787, 734,  133.0,  27,  Nuc546684,  4674,  0, 0, 0, , 0, 0, 0, 0, 0,
30,  1,  30,  30,  -1,  732, 725,  148.0,  27,  Nuc606098,  5513,  0, 0, 0, , 0, 0, 0, 0, 0,
31,  1,  31,  31,  -1,  308, 833,  114.0,  31,  Nuc682001,  2897,  0, 0, 0, , 0, 0, 0, 0, 0,
32,  1,  32,  32,  -1,  367, 841,  124.0,  27,  Nuc682009,  4505,  0, 0, 0, , 0, 0, 0, 0, 0,
33,  1,  33,  33,  -1,  404, 851,  136.0,  29,  Nuc701642,  3739,  0, 0, 0, , 0, 0, 0, 0, 0,
34,  1,  34,  34,  -1,  914, 494,  127.0,  29,  Nuc701772,  5639,  0, 0, 0, , 0, 0, 0, 0, 0,
35,  1,  35,  35,  -1,  865, 493,  141.0,  29,  Nuc736734,  5071,  0, 0, 0, , 0, 0, 0, 0, 0,
36,  1,  36,  36,  -1,  739, 526,  138.0,  27,  Nuc765517,  4736,  0, 0, 0, , 0, 0, 0, 0, 0,
37,  1,  37,  37,  -1,  758, 468,  154.0,  25,  Nuc781789,  4194,  0, 0, 0, , 0, 0, 0, 0, 0,
38,  1,  38,  38,  -1,  876, 594,  133.0,  27,  Nuc799488,  5011,  0, 0, 0, , 0, 0, 0, 0, 0,
39,  1,  39,  39,  -1,  958, 568,  111.0,  53,  Nuc895695,  5299,  0, 0, 0, , 0, 0, 0, 0, 0,
40,  1,  40,  40,  -1,  931, 577,  124.0,  31,  Nuc895699,  6103,  0, 0, 0, , 0, 0, 0, 0, 0,
41,  1,  41,  41,  -1,  784, 620,  138.0,  27,  Nuc911863,  4699,  0, 0, 0, , 0, 0, 0, 0, 0,
42,  1,  42,  42,  -1,  771, 624,  157.0,  29,  Nuc952962,  5217,  0, 0, 0, , 0, 0, 0, 0, 0,
43,  1,  43,  43,  -1,  390, 646,  137.0,  27,  Nuc1024045,  5577,  0, 0, 0, , 0, 0, 0, 0, 0,
44,  1,  44,  44,  -1,  452, 622,  137.0,  29,  Nuc1024064,  2984,  0, 0, 0, , 0, 0, 0, 0, 0,
45,  1,  45,  45,  -1,  436, 761,  123.0,  27,  Nuc1057010,  2129,  0, 0, 0, , 0, 0, 0, 0, 0,
46,  1,  46,  46,  -1,  467, 719,  138.0,  27,  Nuc1057700,  4214,  0, 0, 0, , 0, 0, 0, 0, 0,
47,  1,  47,  47,  -1,  560, 692,  138.0,  27,  Nuc1057868,  4292,  0, 0, 0, , 0, 0, 0, 0, 0,
48,  1,  48,  48,  -1,  618, 723,  133.0,  27,  Nuc1102173,  4678,  0, 0, 0, , 0, 0, 0, 0, 0,
49,  1,  49,  49,  -1,  402, 554,  149.0,  27,  Nuc1208083,  4846,  0, 0, 0, , 0, 0, 0, 0, 0,
50,  1,  50,  50,  -1,  451, 542,  137.0,  27,  Nuc1208160,  3387,  0, 0, 0, , 0, 0, 0, 0, 0,
51,  1,  51,  51,  -1,  548, 827,  144.0,  27,  Nuc1210577,  4212,  0, 0, 0, , 0, 0, 0, 0, 0,
52,  1,  52,  52,  -1,  484, 809,  153.0,  27,  Nuc1247416,  4343,  0, 0, 0, , 0, 0, 0, 0, 0,
53,  1,  53,  53,  -1,  646, 631,  141.0,  27,  Nuc1272729,  4360,  0, 0, 0, , 0, 0, 0, 0, 0,
54,  1,  54,  54,  -1,  592, 577,  141.0,  27,  Nuc1336637,  4002,  0, 0, 0, , 0, 0, 0, 0, 0,
55,  1,  57,  55,  -1,  410, 461,  139.0,  27,  Nuc1418687,  4025,  0, 0, 0, , 0, 0, 0, 0, 0,
56,  1,  58,  56,  -1,  467, 393,  142.0,  27,  Nuc1418743,  3986,  0, 0, 0, , 0, 0, 0, 0, 0,
57,  1,  59,  57,  -1,  493, 473,  144.0,  27,  Nuc1418822,  5913,  0, 0, 0, , 0, 0, 0, 0, 0,
58,  1,  60,  58,  -1,  554, 477,  141.0,  27,  Nuc1431473,  4733,  0, 0, 0, , 0, 0, 0, 0, 0,
59,  1,  61,  59,  -1,  431, 331,  165.0,  27,  Nuc1483192,  3991,  0, 0, 0, , 0, 0, 0, 0, 0,
60,  1,  62,  60,  -1,  406, 272,  151.0,  29,  Nuc1494689,  3869,  0, 0, 0, , 0, 0, 0, 0, 0,
61,  1,  63,  61,  -1,  651, 363,  153.0,  27,  Nuc1500695,  4009,  0, 0, 0, , 0, 0, 0, 0, 0,
62,  1,  64,  62,  -1,  582, 370,  137.0,  27,  Nuc1514835,  4056,  0, 0, 0, , 0, 0, 0, 0, 0,
63,  1,  65,  63,  -1,  518, 269,  148.0,  27,  Nuc1553329,  4226,  0, 0, 0, , 0, 0, 0, 0, 0,
64,  1,  66,  64,  -1,  550, 322,  163.0,  29,  Nuc1577583,  4681,  0, 0, 0, , 0, 0, 0, 0, 0,
65,  1,  67,  65,  -1,  642, 459,  145.0,  27,  Nuc1584552,  5507,  0, 0, 0, , 0, 0, 0, 0, 0,
66,  1,  69,  66,  -1,  633, 532,  158.0,  27,  Nuc1640541,  4895,  0, 0, 0, , 0, 0, 0, 0, 0,
67,  1,  70,  67,  -1,  666, 573,  154.0,  27,  Nuc1703059,  4013,  0, 0, 0, , 0, 0, 0, 0, 0,
68,  1,  71,  68,  -1,  535, 549,  153.0,  27,  Nuc1740585,  4065,  0, 0, 0, , 0, 0, 0, 0, 0,
69,  1,  71,  69,  -1,  475, 514,  162.0,  29,  Nuc1759730,  5756,  0, 0, 0, , 0, 0, 0, 0, 0,
70,  1,  72,  70,  71,  362, 637,  171.0,  27,  Nuc1773142,  3865,  0, 0, 0, , 0, 0, 0, 0, 0,
71,  1,  73,  72,  -1,  449, 425,  176.0,  27,  Nuc1794085,  6058,  0, 0, 0, , 0, 0, 0, 0, 0,
72,  1,  74,  73,  -1,  525, 421,  174.0,  27,  Nuc1794430,  5846,  0, 0, 0, , 0, 0, 0, 0, 0,
73,  1,  75,  74,  -1,  659, 445,  166.0,  27,  Nuc1800295,  5913,  0, 0, 0, , 0, 0, 0, 0, 0,
74,  1,  76,  75,  -1,  712, 524,  169.0,  27,  Nuc1850269,  6047,  0, 0, 0, , 0, 0, 0, 0, 0,
75,  1,  77,  76,  -1,  724, 573,  168.0,  27,  Nuc1862181,  5632,  0, 0, 0, , 0, 0, 0, 0, 0,
76,  1,  78,  77,  -1,  431, 707,  171.0,  27,  Nuc1869357,  5223,  0, 0, 0, , 0, 0, 0, 0, 0,
77,  1,  79,  78,  -1,  595, 742,  164.0,  27,  Nuc1869964,  5838,  0, 0, 0, , 0, 0, 0, 0, 0,
78,  1,  80,  79,  -1,  533, 714,  172.0,  27,  Nuc1883008,  5824,  0, 0, 0, , 0, 0, 0, 0, 0,
79,  1,  82,  80,  -1,  642, 640,  170.0,  27,  Nuc1892120,  5038,  0, 0, 0, , 0, 0, 0, 0, 0,
80,  1,  83,  81,  -1,  574, 622,  174.0,  27,  Nuc1921244,  5286,  0, 0, 0, , 0, 0, 0, 0, 0,
81,  1,  84,  82,  -1,  612, 525,  178.0,  29,  Nuc1922047,  6718,  0, 0, 0, , 0, 0, 0, 0, 0,
82,  1,  85,  -1,  -1,  488, 615,  184.0,  43,  Nuc1923258,  863,  0, 0, 0, , 0, 0, 0, 0, 0,
83,  1,  85,  83,  -1,  441, 616,  178.0,  27,  Nuc1923259,  6253,  0, 0, 0, , 0, 0, 0, 0, 0,
84,  1,  86,  84,  -1,  545, 536,  169.0,  35,  Nuc1934217,  801,  0, 0, 0, , 0, 0, 0, 0, 0,
85,  1,  88,  85,  -1,  492, 592,  167.0,  27,  Nuc1934229,  4149,  0, 0, 0, , 0, 0, 0, 0, 0,
86,  1,  89,  86,  -1,  387, 551,  179.0,  27,  Nuc1953697,  4864,  0, 0, 0, , 0, 0, 0, 0, 0,
87,  1,  90,  87,  -1,  381, 490,  178.0,  27,  Nuc1954670,  3960,  0, 0, 0, , 0, 0, 0, 0, 0,
88,  1,  91,  88,  -1,  509, 559,  183.0,  29,  Nuc1954901,  6582,  0, 0, 0, , 0, 0, 0, 0, 0,
89,  1,  92,  89,  -1,  483, 505,  183.0,  29,  Nuc1968405,  6503,  0, 0, 0, , 0, 0, 0, 0, 0,
90,  1,  93,  90,  -1,  530, 619,  183.0,  55,  Nuc1968789,  4172,  0, 0, 0, , 0, 0, 0, 0, 0,
91,  1,  94,  91,  -1,  370, 772,  149.0,  27,  Nuc2009202,  3992,  0, 0, 0, , 0, 0, 0, 0, 0,
92,  1,  95,  92,  -1,  377, 924,  98.0,  29,  Nuc2012678,  3977,  0, 0, 0, , 0, 0, 0, 0, 0,
93,  1,  96,  93,  -1,  386, 890,  111.0,  29,  Nuc2012694,  2379,  0, 0, 0, , 0, 0, 0, 0, 0,
94,  1,  97,  94,  -1,  614, 535,  169.0,  41,  Nuc2012739,  1899,  0, 0, 0, , 0, 0, 0, 0, 0,
95,  1,  98,  95,  -1,  572, 499,  168.0,  25,  Nuc2021711,  4470,  0, 0, 0, , 0, 0, 0, 0, 0,
96,  1,  99,  96,  -1,  449, 410,  160.0,  37,  Nuc2064222,  3809,  0, 0, 0, , 0, 0, 0, 0, 0,
97,  1,  100,  97,  -1,  350, 404,  166.0,  27,  Nuc2064227,  4096,  0, 0, 0, , 0, 0, 0, 0, 0,
98,  1,  101,  98,  99,  318, 326,  147.0,  25,  Nuc2064238,  2490,  0, 0, 0, , 0, 0, 0, 0, 0,
99,  1,  102,  100,  101,  274, 702,  142.0,  27,  Nuc2064518,  2553,  0, 0, 0, , 0, 0, 0, 0, 0,
100,  1,  -1,  102,  -1,  299, 495,  136.0,  29,  Nuc2064739,  1520,  0, 0, 0, , 0, 0, 0, 0, 0,
101,  1,  -1,  103,  -1,  287, 594,  156.0,  27,  Nuc2064750,  1426,  0, 0, 0, , 0, 0, 0, 0, 0,
102,  1,  -1,  104,  -1,  275, 493,  164.0,  27,  Nuc2064772,  2114,  0, 0, 0, , 0, 0, 0, 0, 0,
