1,  1,  1,  1,  -1,  488, 968,  87.0,  29,  Nuc27,  3778,  0, 0, 0, , 0, 0, 0, 0, 0,
2,  1,  2,  2,  -1,  466, 937,  104.0,  27,  Nuc9485,  4092,  0, 0, 0, , 0, 0, 0, 0, 0,
3,  1,  3,  3,  -1,  706, 919,  99.0,  29,  Nuc29634,  4201,  0, 0, 0, , 0, 0, 0, 0, 0,
4,  1,  4,  4,  -1,  654, 955,  91.0,  29,  Nuc47849,  3774,  0, 0, 0, , 0, 0, 0, 0, 0,
5,  1,  5,  5,  -1,  605, 862,  123.0,  27,  Nuc63946,  3539,  0, 0, 0, , 0, 0, 0, 0, 0,
6,  1,  6,  6,  -1,  587, 921,  111.0,  29,  Nuc69307,  3823,  0, 0, 0, , 0, 0, 0, 0, 0,
7,  1,  7,  7,  -1,  489, 838,  120.0,  27,  Nuc90557,  4010,  0, 0, 0, , 0, 0, 0, 0, 0,
8,  1,  8,  8,  -1,  504, 905,  122.0,  27,  Nuc144279,  4405,  0, 0, 0, , 0, 0, 0, 0, 0,
9,  1,  9,  9,  -1,  313, 202,  114.0,  29,  Nuc152729,  2780,  0, 0, 0, , 0, 0, 0, 0, 0,
10,  1,  10,  10,  -1,  311, 256,  126.0,  27,  Nuc152780,  2975,  0, 0, 0, , 0, 0, 0, 0, 0,
11,  1,  11,  11,  -1,  699, 827,  124.0,  27,  Nuc152873,  3993,  0, 0, 0, , 0, 0, 0, 0, 0,
12,  1,  12,  12,  -1,  672, 813,  141.0,  27,  Nuc190528,  4818,  0, 0, 0, , 0, 0, 0, 0, 0,
13,  1,  13,  13,  -1,  837, 834,  102.0,  29,  Nuc209726,  5219,  0, 0, 0, , 0, 0, 0, 0, 0,
14,  1,  14,  14,  -1,  779, 848,  112.0,  29,  Nuc230341,  4818,  0, 0, 0, , 0, 0, 0, 0, 0,
15,  1,  15,  15,  -1,  733, 199,  108.0,  29,  Nuc251847,  3519,  0, 0, 0, , 0, 0, 0, 0, 0,
16,  1,  16,  16,  -1,  690, 211,  123.0,  27,  Nuc264720,  3085,  0, 0, 0, , 0, 0, 0, 0, 0,
17,  1,  17,  17,  -1,  589, 231,  134.0,  27,  Nuc274948,  3783,  0, 0, 0, , 0, 0, 0, 0, 0,
18,  1,  18,  18,  -1,  587, 172,  116.0,  29,  Nuc293720,  3229,  0, 0, 0, , 0, 0, 0, 0, 0,
19,  1,  19,  19,  -1,  902, 365,  112.0,  29,  Nuc314286,  5094,  0, 0, 0, , 0, 0, 0, 0, 0,
20,  1,  20,  20,  -1,  850, 361,  125.0,  29,  Nuc343638,  4438,  0, 0, 0, , 0, 0, 0, 0, 0,
21,  1,  21,  21,  -1,  753, 368,  144.0,  27,  Nuc370570,  4216,  0, 0, 0, , 0, 0, 0, 0, 0,
22,  1,  22,  22,  -1,  746, 289,  132.0,  27,  Nuc406937,  4318,  0, 0, 0, , 0, 0, 0, 0, 0,
23,  1,  23,  23,  -1,  398, 167,  114.0,  29,  Nuc445475,  3501,  0, 0, 0, , 0, 0, 0, 0, 0,
24,  1,  24,  24,  -1,  394, 237,  126.0,  27,  Nuc451801,  3132,  0, 0, 0, , 0, 0, 0, 0, 0,
25,  1,  25,  25,  -1,  490, 159,  117.0,  27,  Nuc454641,  3956,  0, 0, 0, , 0, 0, 0, 0, 0,
26,  1,  26,  26,  -1,  483, 208,  133.0,  27,  Nuc460117,  3549,  0, 0, 0, , 0, 0, 0, 0, 0,
27,  1,  27,  27,  -1,  930, 675,  112.0,  29,  Nuc466259,  5719,  0, 0, 0, , 0, 0, 0, 0, 0,
28,  1,  28,  28,  -1,  879, 733,  116.0,  29,  Nuc497625,  5789,  0, 0, 0, , 0, 0, 0, 0, 0,
29,  1,  29,  29,  -1,  784, 734,  133.0,  27,  Nuc546685,  4605,  0, 0, 0, , 0, 0, 0, 0, 0,
30,  1,  30,  30,  -1,  729, 724,  148.0,  27,  Nuc606099,  4769,  0, 0, 0, , 0, 0, 0, 0, 0,
31,  1,  31,  31,  -1,  310, 828,  114.0,  27,  Nuc682002,  3137,  0, 0, 0, , 0, 0, 0, 0, 0,
32,  1,  32,  32,  -1,  366, 839,  125.0,  27,  Nuc682010,  4225,  0, 0, 0, , 0, 0, 0, 0, 0,
33,  1,  33,  33,  -1,  406, 850,  137.0,  27,  Nuc701643,  4029,  0, 0, 0, , 0, 0, 0, 0, 0,
34,  1,  34,  34,  -1,  916, 493,  126.0,  27,  Nuc701773,  4833,  0, 0, 0, , 0, 0, 0, 0, 0,
35,  1,  35,  35,  -1,  858, 497,  142.0,  27,  Nuc736735,  4967,  0, 0, 0, , 0, 0, 0, 0, 0,
36,  1,  36,  36,  -1,  734, 529,  138.0,  27,  Nuc765518,  4662,  0, 0, 0, , 0, 0, 0, 0, 0,
37,  1,  37,  37,  -1,  759, 469,  155.0,  27,  Nuc781790,  4449,  0, 0, 0, , 0, 0, 0, 0, 0,
38,  1,  38,  38,  -1,  875, 595,  133.0,  27,  Nuc799489,  4983,  0, 0, 0, , 0, 0, 0, 0, 0,
39,  1,  39,  -1,  -1,  959, 567,  111.0,  51,  Nuc895696,  5131,  0, 0, 0, , 0, 0, 0, 0, 0,
40,  1,  40,  39,  -1,  930, 576,  124.0,  29,  Nuc895700,  5048,  0, 0, 0, , 0, 0, 0, 0, 0,
41,  1,  41,  40,  -1,  777, 624,  137.0,  27,  Nuc911864,  5290,  0, 0, 0, , 0, 0, 0, 0, 0,
42,  1,  42,  41,  -1,  770, 624,  157.0,  27,  Nuc952963,  5394,  0, 0, 0, , 0, 0, 0, 0, 0,
43,  1,  43,  42,  -1,  384, 645,  137.0,  27,  Nuc1024046,  5953,  0, 0, 0, , 0, 0, 0, 0, 0,
44,  1,  44,  43,  -1,  454, 620,  137.0,  27,  Nuc1024065,  3226,  0, 0, 0, , 0, 0, 0, 0, 0,
45,  1,  45,  44,  45,  430, 760,  123.0,  27,  Nuc1057011,  3273,  0, 0, 0, , 0, 0, 0, 0, 0,
46,  1,  46,  46,  -1,  463, 717,  138.0,  27,  Nuc1057701,  4328,  0, 0, 0, , 0, 0, 0, 0, 0,
47,  1,  47,  47,  -1,  556, 691,  138.0,  27,  Nuc1057869,  3771,  0, 0, 0, , 0, 0, 0, 0, 0,
48,  1,  48,  48,  -1,  615, 722,  133.0,  27,  Nuc1102174,  5000,  0, 0, 0, , 0, 0, 0, 0, 0,
49,  1,  49,  49,  -1,  398, 552,  149.0,  27,  Nuc1208084,  4877,  0, 0, 0, , 0, 0, 0, 0, 0,
50,  1,  50,  50,  -1,  449, 545,  136.0,  27,  Nuc1208161,  3329,  0, 0, 0, , 0, 0, 0, 0, 0,
51,  1,  51,  51,  -1,  547, 827,  143.0,  27,  Nuc1210578,  4863,  0, 0, 0, , 0, 0, 0, 0, 0,
52,  1,  52,  52,  -1,  481, 806,  153.0,  27,  Nuc1247417,  4576,  0, 0, 0, , 0, 0, 0, 0, 0,
53,  1,  53,  53,  -1,  648, 633,  141.0,  27,  Nuc1272730,  4654,  0, 0, 0, , 0, 0, 0, 0, 0,
54,  1,  54,  54,  -1,  587, 579,  140.0,  27,  Nuc1336638,  3762,  0, 0, 0, , 0, 0, 0, 0, 0,
55,  1,  55,  55,  -1,  408, 464,  139.0,  27,  Nuc1418688,  3711,  0, 0, 0, , 0, 0, 0, 0, 0,
56,  1,  56,  56,  -1,  467, 396,  141.0,  27,  Nuc1418744,  4409,  0, 0, 0, , 0, 0, 0, 0, 0,
57,  1,  57,  57,  -1,  487, 475,  144.0,  27,  Nuc1418823,  5855,  0, 0, 0, , 0, 0, 0, 0, 0,
58,  1,  58,  58,  -1,  551, 481,  140.0,  27,  Nuc1431474,  4786,  0, 0, 0, , 0, 0, 0, 0, 0,
59,  1,  59,  59,  -1,  434, 332,  165.0,  27,  Nuc1483193,  3969,  0, 0, 0, , 0, 0, 0, 0, 0,
60,  1,  60,  60,  -1,  403, 272,  150.0,  27,  Nuc1494690,  3268,  0, 0, 0, , 0, 0, 0, 0, 0,
61,  1,  61,  61,  -1,  649, 361,  154.0,  27,  Nuc1500696,  4312,  0, 0, 0, , 0, 0, 0, 0, 0,
62,  1,  62,  62,  -1,  579, 373,  137.0,  27,  Nuc1514836,  4133,  0, 0, 0, , 0, 0, 0, 0, 0,
63,  1,  63,  63,  -1,  513, 270,  149.0,  27,  Nuc1553330,  4898,  0, 0, 0, , 0, 0, 0, 0, 0,
64,  1,  64,  64,  -1,  547, 327,  163.0,  27,  Nuc1577584,  4923,  0, 0, 0, , 0, 0, 0, 0, 0,
65,  1,  65,  65,  -1,  642, 462,  144.0,  27,  Nuc1584553,  5829,  0, 0, 0, , 0, 0, 0, 0, 0,
66,  1,  66,  66,  -1,  630, 530,  158.0,  25,  Nuc1640542,  6654,  0, 0, 0, , 0, 0, 0, 0, 0,
67,  1,  67,  67,  -1,  665, 575,  154.0,  27,  Nuc1703060,  4325,  0, 0, 0, , 0, 0, 0, 0, 0,
68,  1,  68,  68,  -1,  535, 547,  152.0,  27,  Nuc1740586,  5371,  0, 0, 0, , 0, 0, 0, 0, 0,
69,  1,  69,  69,  -1,  471, 510,  162.0,  27,  Nuc1759731,  5926,  0, 0, 0, , 0, 0, 0, 0, 0,
70,  1,  70,  70,  -1,  328, 691,  161.0,  27,  Nuc1773143,  3251,  0, 0, 0, , 0, 0, 0, 0, 0,
71,  1,  70,  71,  -1,  360, 631,  171.0,  27,  Nuc1785232,  4273,  0, 0, 0, , 0, 0, 0, 0, 0,
72,  1,  71,  72,  -1,  448, 425,  176.0,  27,  Nuc1794086,  6851,  0, 0, 0, , 0, 0, 0, 0, 0,
73,  1,  72,  73,  -1,  528, 422,  173.0,  27,  Nuc1794431,  6500,  0, 0, 0, , 0, 0, 0, 0, 0,
74,  1,  73,  74,  -1,  657, 443,  167.0,  27,  Nuc1800296,  6407,  0, 0, 0, , 0, 0, 0, 0, 0,
75,  1,  74,  75,  -1,  711, 522,  170.0,  27,  Nuc1850270,  6682,  0, 0, 0, , 0, 0, 0, 0, 0,
76,  1,  75,  76,  -1,  722, 573,  168.0,  27,  Nuc1862182,  6729,  0, 0, 0, , 0, 0, 0, 0, 0,
77,  1,  76,  77,  -1,  427, 704,  171.0,  27,  Nuc1869358,  5007,  0, 0, 0, , 0, 0, 0, 0, 0,
78,  1,  77,  78,  -1,  598, 741,  164.0,  27,  Nuc1869965,  6028,  0, 0, 0, , 0, 0, 0, 0, 0,
79,  1,  78,  79,  -1,  532, 713,  172.0,  27,  Nuc1883009,  5851,  0, 0, 0, , 0, 0, 0, 0, 0,
80,  1,  79,  80,  -1,  644, 641,  170.0,  27,  Nuc1892121,  5555,  0, 0, 0, , 0, 0, 0, 0, 0,
81,  1,  80,  81,  -1,  571, 619,  174.0,  27,  Nuc1921245,  5797,  0, 0, 0, , 0, 0, 0, 0, 0,
82,  1,  81,  82,  -1,  616, 529,  178.0,  27,  Nuc1922048,  7082,  0, 0, 0, , 0, 0, 0, 0, 0,
83,  1,  83,  83,  -1,  441, 614,  177.0,  27,  Nuc1923260,  6228,  0, 0, 0, , 0, 0, 0, 0, 0,
84,  1,  84,  84,  -1,  542, 534,  169.0,  33,  Nuc1934218,  2137,  0, 0, 0, , 0, 0, 0, 0, 0,
85,  1,  85,  85,  -1,  492, 588,  167.0,  25,  Nuc1934230,  4077,  0, 0, 0, , 0, 0, 0, 0, 0,
86,  1,  86,  86,  -1,  387, 552,  179.0,  27,  Nuc1953698,  5049,  0, 0, 0, , 0, 0, 0, 0, 0,
87,  1,  87,  87,  -1,  380, 490,  178.0,  27,  Nuc1954671,  3920,  0, 0, 0, , 0, 0, 0, 0, 0,
88,  1,  88,  88,  89,  511, 560,  182.0,  27,  Nuc1954902,  7651,  0, 0, 0, , 0, 0, 0, 0, 0,
89,  1,  89,  90,  -1,  481, 503,  183.0,  27,  Nuc1968406,  6438,  0, 0, 0, , 0, 0, 0, 0, 0,
90,  1,  90,  91,  -1,  534, 618,  183.0,  55,  Nuc1968790,  3900,  0, 0, 0, , 0, 0, 0, 0, 0,
91,  1,  91,  92,  -1,  376, 772,  150.0,  27,  Nuc2009203,  3823,  0, 0, 0, , 0, 0, 0, 0, 0,
92,  1,  92,  93,  -1,  378, 926,  97.0,  29,  Nuc2012679,  3714,  0, 0, 0, , 0, 0, 0, 0, 0,
93,  1,  93,  94,  -1,  388, 888,  111.0,  27,  Nuc2012695,  2796,  0, 0, 0, , 0, 0, 0, 0, 0,
94,  1,  94,  95,  -1,  609, 534,  169.0,  35,  Nuc2012740,  2453,  0, 0, 0, , 0, 0, 0, 0, 0,
95,  1,  95,  96,  -1,  569, 498,  169.0,  25,  Nuc2021712,  4985,  0, 0, 0, , 0, 0, 0, 0, 0,
96,  1,  96,  -1,  -1,  447, 411,  160.0,  41,  Nuc2064223,  2828,  0, 0, 0, , 0, 0, 0, 0, 0,
97,  1,  97,  97,  -1,  352, 403,  167.0,  27,  Nuc2064228,  3919,  0, 0, 0, , 0, 0, 0, 0, 0,
98,  1,  98,  98,  99,  313, 366,  131.0,  27,  Nuc2064239,  1003,  0, 0, 0, , 0, 0, 0, 0, 0,
99,  1,  98,  100,  -1,  318, 325,  147.0,  25,  Nuc2064258,  890,  0, 0, 0, , 0, 0, 0, 0, 0,
100,  1,  99,  101,  -1,  247, 626,  149.0,  27,  Nuc2064519,  859,  0, 0, 0, , 0, 0, 0, 0, 0,
101,  1,  99,  102,  103,  273, 704,  142.0,  27,  Nuc2064718,  3624,  0, 0, 0, , 0, 0, 0, 0, 0,
102,  1,  100,  104,  105,  298, 496,  135.0,  27,  Nuc2064740,  2528,  0, 0, 0, , 0, 0, 0, 0, 0,
103,  1,  101,  106,  107,  289, 594,  156.0,  25,  Nuc2064751,  2779,  0, 0, 0, , 0, 0, 0, 0, 0,
104,  1,  102,  108,  -1,  275, 491,  163.0,  27,  Nuc2064773,  4936,  0, 0, 0, , 0, 0, 0, 0, 0,
105,  1,  -1,  109,  -1,  214, 535,  147.0,  27,  Nuc2064783,  1935,  0, 0, 0, , 0, 0, 0, 0, 0,
