1,  1,  1,  1,  -1,  492, 968,  85.0,  27,  Nuc28,  3663,  0, 0, 0, , 0, 0, 0, 0, 0,
2,  1,  2,  2,  -1,  461, 933,  104.0,  27,  Nuc9486,  4171,  0, 0, 0, , 0, 0, 0, 0, 0,
3,  1,  3,  3,  -1,  710, 914,  100.0,  27,  Nuc29635,  3684,  0, 0, 0, , 0, 0, 0, 0, 0,
4,  1,  4,  4,  -1,  646, 956,  90.0,  29,  Nuc47850,  3561,  0, 0, 0, , 0, 0, 0, 0, 0,
5,  1,  5,  5,  -1,  604, 856,  122.0,  27,  Nuc63947,  4055,  0, 0, 0, , 0, 0, 0, 0, 0,
6,  1,  6,  6,  -1,  583, 921,  110.0,  27,  Nuc69308,  4272,  0, 0, 0, , 0, 0, 0, 0, 0,
7,  1,  7,  7,  -1,  491, 836,  120.0,  27,  Nuc90558,  4100,  0, 0, 0, , 0, 0, 0, 0, 0,
8,  1,  8,  8,  -1,  504, 904,  122.0,  27,  Nuc144280,  4270,  0, 0, 0, , 0, 0, 0, 0, 0,
9,  1,  9,  9,  -1,  310, 201,  114.0,  27,  Nuc152730,  2180,  0, 0, 0, , 0, 0, 0, 0, 0,
10,  1,  10,  10,  -1,  313, 260,  127.0,  27,  Nuc152781,  3137,  0, 0, 0, , 0, 0, 0, 0, 0,
11,  1,  11,  11,  -1,  697, 825,  124.0,  27,  Nuc152874,  4981,  0, 0, 0, , 0, 0, 0, 0, 0,
12,  1,  12,  12,  -1,  667, 808,  141.0,  27,  Nuc190529,  4908,  0, 0, 0, , 0, 0, 0, 0, 0,
13,  1,  13,  13,  -1,  841, 832,  100.0,  27,  Nuc209727,  5242,  0, 0, 0, , 0, 0, 0, 0, 0,
14,  1,  14,  14,  -1,  775, 847,  113.0,  27,  Nuc230342,  4922,  0, 0, 0, , 0, 0, 0, 0, 0,
15,  1,  15,  15,  -1,  738, 204,  107.0,  29,  Nuc251848,  3680,  0, 0, 0, , 0, 0, 0, 0, 0,
16,  1,  16,  16,  -1,  682, 215,  125.0,  27,  Nuc264721,  3359,  0, 0, 0, , 0, 0, 0, 0, 0,
17,  1,  17,  17,  -1,  589, 236,  135.0,  27,  Nuc274949,  3820,  0, 0, 0, , 0, 0, 0, 0, 0,
18,  1,  18,  18,  -1,  587, 169,  115.0,  29,  Nuc293721,  3248,  0, 0, 0, , 0, 0, 0, 0, 0,
19,  1,  19,  19,  -1,  902, 364,  111.0,  29,  Nuc314287,  5053,  0, 0, 0, , 0, 0, 0, 0, 0,
20,  1,  20,  20,  -1,  842, 359,  125.0,  27,  Nuc343639,  4454,  0, 0, 0, , 0, 0, 0, 0, 0,
21,  1,  21,  21,  -1,  753, 372,  144.0,  27,  Nuc370571,  4985,  0, 0, 0, , 0, 0, 0, 0, 0,
22,  1,  22,  22,  -1,  741, 287,  132.0,  27,  Nuc406938,  4386,  0, 0, 0, , 0, 0, 0, 0, 0,
23,  1,  23,  23,  -1,  398, 164,  113.0,  27,  Nuc445476,  2795,  0, 0, 0, , 0, 0, 0, 0, 0,
24,  1,  24,  24,  25,  393, 244,  126.0,  27,  Nuc451802,  3370,  0, 0, 0, , 0, 0, 0, 0, 0,
25,  1,  25,  26,  -1,  489, 157,  115.0,  27,  Nuc454642,  3156,  0, 0, 0, , 0, 0, 0, 0, 0,
26,  1,  26,  27,  -1,  483, 211,  133.0,  27,  Nuc460118,  4156,  0, 0, 0, , 0, 0, 0, 0, 0,
27,  1,  27,  28,  -1,  930, 670,  112.0,  29,  Nuc466260,  5075,  0, 0, 0, , 0, 0, 0, 0, 0,
28,  1,  28,  29,  -1,  876, 739,  115.0,  29,  Nuc497626,  5058,  0, 0, 0, , 0, 0, 0, 0, 0,
29,  1,  29,  30,  -1,  783, 734,  132.0,  27,  Nuc546686,  4976,  0, 0, 0, , 0, 0, 0, 0, 0,
30,  1,  30,  31,  -1,  726, 725,  148.0,  25,  Nuc606100,  5262,  0, 0, 0, , 0, 0, 0, 0, 0,
31,  1,  31,  32,  -1,  310, 820,  116.0,  27,  Nuc682003,  2396,  0, 0, 0, , 0, 0, 0, 0, 0,
32,  1,  32,  33,  -1,  367, 836,  124.0,  27,  Nuc682011,  3771,  0, 0, 0, , 0, 0, 0, 0, 0,
33,  1,  33,  34,  -1,  410, 848,  138.0,  27,  Nuc701644,  3603,  0, 0, 0, , 0, 0, 0, 0, 0,
34,  1,  34,  35,  -1,  915, 491,  125.0,  27,  Nuc701774,  4728,  0, 0, 0, , 0, 0, 0, 0, 0,
35,  1,  35,  36,  -1,  850, 497,  142.0,  27,  Nuc736736,  4370,  0, 0, 0, , 0, 0, 0, 0, 0,
36,  1,  36,  37,  -1,  733, 532,  138.0,  27,  Nuc765519,  4805,  0, 0, 0, , 0, 0, 0, 0, 0,
37,  1,  37,  38,  -1,  760, 471,  156.0,  25,  Nuc781791,  4792,  0, 0, 0, , 0, 0, 0, 0, 0,
38,  1,  38,  39,  -1,  870, 599,  133.0,  25,  Nuc799490,  4509,  0, 0, 0, , 0, 0, 0, 0, 0,
39,  1,  40,  40,  -1,  932, 575,  121.0,  29,  Nuc895701,  5489,  0, 0, 0, , 0, 0, 0, 0, 0,
40,  1,  41,  41,  -1,  773, 624,  136.0,  27,  Nuc911865,  5111,  0, 0, 0, , 0, 0, 0, 0, 0,
41,  1,  42,  42,  -1,  768, 625,  157.0,  27,  Nuc952964,  5636,  0, 0, 0, , 0, 0, 0, 0, 0,
42,  1,  43,  43,  -1,  383, 645,  136.0,  27,  Nuc1024047,  6679,  0, 0, 0, , 0, 0, 0, 0, 0,
43,  1,  44,  44,  -1,  457, 619,  137.0,  27,  Nuc1024066,  3571,  0, 0, 0, , 0, 0, 0, 0, 0,
44,  1,  45,  45,  -1,  343, 741,  127.0,  29,  Nuc1057012,  3128,  0, 0, 0, , 0, 0, 0, 0, 0,
45,  1,  45,  46,  -1,  429, 761,  122.0,  27,  Nuc1057304,  4014,  0, 0, 0, , 0, 0, 0, 0, 0,
46,  1,  46,  47,  -1,  462, 715,  138.0,  27,  Nuc1057702,  4690,  0, 0, 0, , 0, 0, 0, 0, 0,
47,  1,  47,  48,  -1,  553, 684,  138.0,  27,  Nuc1057870,  3875,  0, 0, 0, , 0, 0, 0, 0, 0,
48,  1,  48,  49,  -1,  617, 724,  133.0,  27,  Nuc1102175,  4992,  0, 0, 0, , 0, 0, 0, 0, 0,
49,  1,  49,  50,  -1,  394, 554,  149.0,  27,  Nuc1208085,  4966,  0, 0, 0, , 0, 0, 0, 0, 0,
50,  1,  50,  51,  -1,  450, 541,  136.0,  27,  Nuc1208162,  4241,  0, 0, 0, , 0, 0, 0, 0, 0,
51,  1,  51,  52,  -1,  549, 826,  143.0,  27,  Nuc1210579,  5312,  0, 0, 0, , 0, 0, 0, 0, 0,
52,  1,  52,  53,  -1,  482, 804,  154.0,  27,  Nuc1247418,  4863,  0, 0, 0, , 0, 0, 0, 0, 0,
53,  1,  53,  54,  -1,  649, 633,  141.0,  27,  Nuc1272731,  4374,  0, 0, 0, , 0, 0, 0, 0, 0,
54,  1,  54,  55,  -1,  585, 575,  140.0,  27,  Nuc1336639,  4092,  0, 0, 0, , 0, 0, 0, 0, 0,
55,  1,  55,  56,  -1,  407, 463,  139.0,  27,  Nuc1418689,  3733,  0, 0, 0, , 0, 0, 0, 0, 0,
56,  1,  56,  57,  -1,  468, 396,  141.0,  27,  Nuc1418745,  3991,  0, 0, 0, , 0, 0, 0, 0, 0,
57,  1,  57,  58,  -1,  482, 476,  143.0,  27,  Nuc1418824,  5005,  0, 0, 0, , 0, 0, 0, 0, 0,
58,  1,  58,  59,  -1,  549, 480,  140.0,  27,  Nuc1431475,  5667,  0, 0, 0, , 0, 0, 0, 0, 0,
59,  1,  59,  60,  -1,  436, 337,  164.0,  27,  Nuc1483194,  3997,  0, 0, 0, , 0, 0, 0, 0, 0,
60,  1,  60,  61,  -1,  402, 270,  149.0,  27,  Nuc1494691,  4373,  0, 0, 0, , 0, 0, 0, 0, 0,
61,  1,  61,  62,  -1,  649, 363,  154.0,  25,  Nuc1500697,  4593,  0, 0, 0, , 0, 0, 0, 0, 0,
62,  1,  62,  63,  -1,  577, 374,  137.0,  27,  Nuc1514837,  4179,  0, 0, 0, , 0, 0, 0, 0, 0,
63,  1,  63,  64,  -1,  512, 273,  147.0,  27,  Nuc1553331,  5108,  0, 0, 0, , 0, 0, 0, 0, 0,
64,  1,  64,  65,  -1,  546, 331,  161.0,  27,  Nuc1577585,  6330,  0, 0, 0, , 0, 0, 0, 0, 0,
65,  1,  65,  66,  -1,  639, 464,  144.0,  27,  Nuc1584554,  7102,  0, 0, 0, , 0, 0, 0, 0, 0,
66,  1,  66,  67,  -1,  627, 530,  158.0,  25,  Nuc1640543,  6826,  0, 0, 0, , 0, 0, 0, 0, 0,
67,  1,  67,  68,  -1,  662, 577,  154.0,  27,  Nuc1703061,  5592,  0, 0, 0, , 0, 0, 0, 0, 0,
68,  1,  68,  69,  -1,  535, 548,  151.0,  27,  Nuc1740587,  5410,  0, 0, 0, , 0, 0, 0, 0, 0,
69,  1,  69,  70,  -1,  466, 508,  162.0,  27,  Nuc1759732,  5550,  0, 0, 0, , 0, 0, 0, 0, 0,
70,  1,  70,  71,  -1,  329, 690,  160.0,  25,  Nuc1773144,  3180,  0, 0, 0, , 0, 0, 0, 0, 0,
71,  1,  71,  72,  -1,  361, 630,  171.0,  27,  Nuc1785233,  4716,  0, 0, 0, , 0, 0, 0, 0, 0,
72,  1,  72,  73,  -1,  444, 423,  175.0,  27,  Nuc1794087,  6143,  0, 0, 0, , 0, 0, 0, 0, 0,
73,  1,  73,  74,  -1,  531, 423,  173.0,  27,  Nuc1794432,  5999,  0, 0, 0, , 0, 0, 0, 0, 0,
74,  1,  74,  75,  -1,  656, 442,  168.0,  27,  Nuc1800297,  6941,  0, 0, 0, , 0, 0, 0, 0, 0,
75,  1,  75,  76,  -1,  708, 522,  170.0,  27,  Nuc1850271,  7603,  0, 0, 0, , 0, 0, 0, 0, 0,
76,  1,  76,  77,  -1,  720, 576,  169.0,  27,  Nuc1862183,  7629,  0, 0, 0, , 0, 0, 0, 0, 0,
77,  1,  77,  78,  -1,  425, 704,  172.0,  27,  Nuc1869359,  4751,  0, 0, 0, , 0, 0, 0, 0, 0,
78,  1,  78,  79,  -1,  597, 742,  163.0,  27,  Nuc1869966,  6309,  0, 0, 0, , 0, 0, 0, 0, 0,
79,  1,  79,  80,  -1,  530, 711,  172.0,  27,  Nuc1883010,  6044,  0, 0, 0, , 0, 0, 0, 0, 0,
80,  1,  80,  81,  -1,  647, 639,  170.0,  27,  Nuc1892122,  6793,  0, 0, 0, , 0, 0, 0, 0, 0,
81,  1,  81,  82,  -1,  568, 616,  174.0,  27,  Nuc1921246,  6092,  0, 0, 0, , 0, 0, 0, 0, 0,
82,  1,  82,  83,  -1,  614, 531,  178.0,  27,  Nuc1922049,  6872,  0, 0, 0, , 0, 0, 0, 0, 0,
83,  1,  83,  84,  -1,  439, 613,  178.0,  27,  Nuc1923261,  6759,  0, 0, 0, , 0, 0, 0, 0, 0,
84,  1,  84,  -1,  -1,  537, 532,  168.0,  33,  Nuc1934219,  1358,  0, 0, 0, , 0, 0, 0, 0, 0,
85,  1,  85,  85,  86,  492, 587,  166.0,  25,  Nuc1934231,  4245,  0, 0, 0, , 0, 0, 0, 0, 0,
86,  1,  86,  87,  -1,  386, 554,  179.0,  27,  Nuc1953699,  4507,  0, 0, 0, , 0, 0, 0, 0, 0,
87,  1,  87,  88,  -1,  378, 490,  178.0,  27,  Nuc1954672,  4572,  0, 0, 0, , 0, 0, 0, 0, 0,
88,  1,  88,  89,  -1,  489, 613,  184.0,  37,  Nuc1954903,  689,  0, 0, 0, , 0, 0, 0, 0, 0,
89,  1,  88,  90,  -1,  511, 560,  182.0,  27,  Nuc1954906,  7534,  0, 0, 0, , 0, 0, 0, 0, 0,
90,  1,  89,  91,  -1,  480, 502,  182.0,  27,  Nuc1968407,  7562,  0, 0, 0, , 0, 0, 0, 0, 0,
91,  1,  90,  92,  -1,  533, 618,  183.0,  53,  Nuc1968791,  3427,  0, 0, 0, , 0, 0, 0, 0, 0,
92,  1,  91,  93,  -1,  378, 771,  151.0,  25,  Nuc2009204,  3044,  0, 0, 0, , 0, 0, 0, 0, 0,
93,  1,  92,  94,  -1,  378, 928,  95.0,  29,  Nuc2012680,  2888,  0, 0, 0, , 0, 0, 0, 0, 0,
94,  1,  93,  95,  -1,  392, 885,  113.0,  27,  Nuc2012696,  2467,  0, 0, 0, , 0, 0, 0, 0, 0,
95,  1,  94,  96,  -1,  608, 533,  169.0,  37,  Nuc2012741,  1246,  0, 0, 0, , 0, 0, 0, 0, 0,
96,  1,  95,  97,  -1,  566, 500,  168.0,  25,  Nuc2021713,  4705,  0, 0, 0, , 0, 0, 0, 0, 0,
97,  1,  97,  98,  -1,  352, 403,  166.0,  25,  Nuc2064229,  4127,  0, 0, 0, , 0, 0, 0, 0, 0,
98,  1,  98,  99,  100,  242, 336,  136.0,  27,  Nuc2064240,  1150,  0, 0, 0, , 0, 0, 0, 0, 0,
99,  1,  98,  101,  -1,  311, 368,  130.0,  29,  Nuc2064252,  1925,  0, 0, 0, , 0, 0, 0, 0, 0,
100,  1,  99,  102,  103,  316, 327,  151.0,  27,  Nuc2064259,  2175,  0, 0, 0, , 0, 0, 0, 0, 0,
101,  1,  100,  104,  105,  245, 628,  149.0,  27,  Nuc2064520,  2200,  0, 0, 0, , 0, 0, 0, 0, 0,
102,  1,  101,  106,  -1,  261, 742,  126.0,  29,  Nuc2064719,  1433,  0, 0, 0, , 0, 0, 0, 0, 0,
103,  1,  101,  107,  -1,  272, 710,  144.0,  27,  Nuc2064729,  3636,  0, 0, 0, , 0, 0, 0, 0, 0,
104,  1,  102,  108,  -1,  338, 505,  145.0,  25,  Nuc2064741,  845,  0, 0, 0, , 0, 0, 0, 0, 0,
105,  1,  102,  109,  -1,  299, 496,  135.0,  27,  Nuc2064744,  2372,  0, 0, 0, , 0, 0, 0, 0, 0,
106,  1,  103,  110,  -1,  308, 550,  164.0,  27,  Nuc2064752,  2179,  0, 0, 0, , 0, 0, 0, 0, 0,
107,  1,  103,  111,  -1,  289, 594,  156.0,  27,  Nuc2064760,  3441,  0, 0, 0, , 0, 0, 0, 0, 0,
108,  1,  104,  112,  -1,  275, 489,  164.0,  27,  Nuc2064774,  3125,  0, 0, 0, , 0, 0, 0, 0, 0,
109,  1,  105,  113,  -1,  213, 535,  146.0,  27,  Nuc2064784,  2159,  0, 0, 0, , 0, 0, 0, 0, 0,
