1,  1,  1,  1,  -1,  496, 968,  84.0,  27,  Nuc29,  3821,  0, 0, 0, , 0, 0, 0, 0, 0,
2,  1,  2,  2,  -1,  456, 930,  104.0,  27,  Nuc9487,  4166,  0, 0, 0, , 0, 0, 0, 0, 0,
3,  1,  3,  3,  -1,  714, 911,  100.0,  27,  Nuc29636,  4334,  0, 0, 0, , 0, 0, 0, 0, 0,
4,  1,  4,  4,  -1,  642, 958,  90.0,  27,  Nuc47851,  3539,  0, 0, 0, , 0, 0, 0, 0, 0,
5,  1,  5,  5,  -1,  601, 853,  122.0,  25,  Nuc63948,  4238,  0, 0, 0, , 0, 0, 0, 0, 0,
6,  1,  6,  6,  -1,  577, 920,  109.0,  27,  Nuc69309,  4800,  0, 0, 0, , 0, 0, 0, 0, 0,
7,  1,  7,  7,  -1,  490, 836,  120.0,  27,  Nuc90559,  4922,  0, 0, 0, , 0, 0, 0, 0, 0,
8,  1,  8,  8,  -1,  503, 904,  122.0,  27,  Nuc144281,  4839,  0, 0, 0, , 0, 0, 0, 0, 0,
9,  1,  9,  9,  -1,  309, 202,  114.0,  27,  Nuc152731,  3100,  0, 0, 0, , 0, 0, 0, 0, 0,
10,  1,  10,  10,  -1,  314, 262,  127.0,  27,  Nuc152782,  3751,  0, 0, 0, , 0, 0, 0, 0, 0,
11,  1,  11,  11,  -1,  693, 823,  124.0,  27,  Nuc152875,  5012,  0, 0, 0, , 0, 0, 0, 0, 0,
12,  1,  12,  12,  -1,  660, 806,  141.0,  27,  Nuc190530,  6241,  0, 0, 0, , 0, 0, 0, 0, 0,
13,  1,  13,  13,  -1,  843, 830,  99.0,  27,  Nuc209728,  5337,  0, 0, 0, , 0, 0, 0, 0, 0,
14,  1,  14,  14,  -1,  769, 845,  113.0,  27,  Nuc230343,  4842,  0, 0, 0, , 0, 0, 0, 0, 0,
15,  1,  15,  15,  -1,  741, 203,  107.0,  29,  Nuc251849,  3676,  0, 0, 0, , 0, 0, 0, 0, 0,
16,  1,  16,  16,  -1,  677, 218,  126.0,  27,  Nuc264722,  3893,  0, 0, 0, , 0, 0, 0, 0, 0,
17,  1,  17,  17,  -1,  586, 239,  135.0,  25,  Nuc274950,  4330,  0, 0, 0, , 0, 0, 0, 0, 0,
18,  1,  18,  18,  -1,  587, 166,  113.0,  27,  Nuc293722,  3678,  0, 0, 0, , 0, 0, 0, 0, 0,
19,  1,  19,  19,  -1,  902, 364,  110.0,  29,  Nuc314288,  4534,  0, 0, 0, , 0, 0, 0, 0, 0,
20,  1,  20,  20,  -1,  835, 356,  125.0,  27,  Nuc343640,  4760,  0, 0, 0, , 0, 0, 0, 0, 0,
21,  1,  21,  21,  -1,  750, 376,  144.0,  25,  Nuc370572,  5186,  0, 0, 0, , 0, 0, 0, 0, 0,
22,  1,  22,  22,  -1,  737, 286,  131.0,  27,  Nuc406939,  4338,  0, 0, 0, , 0, 0, 0, 0, 0,
23,  1,  23,  23,  -1,  397, 161,  113.0,  27,  Nuc445477,  2666,  0, 0, 0, , 0, 0, 0, 0, 0,
24,  1,  24,  24,  -1,  420, 331,  130.0,  27,  Nuc451803,  2204,  0, 0, 0, , 0, 0, 0, 0, 0,
25,  1,  24,  25,  -1,  393, 247,  126.0,  25,  Nuc451812,  3913,  0, 0, 0, , 0, 0, 0, 0, 0,
26,  1,  25,  26,  -1,  488, 153,  113.0,  27,  Nuc454643,  3151,  0, 0, 0, , 0, 0, 0, 0, 0,
27,  1,  26,  27,  -1,  481, 211,  133.0,  27,  Nuc460119,  3912,  0, 0, 0, , 0, 0, 0, 0, 0,
28,  1,  27,  28,  -1,  930, 664,  112.0,  27,  Nuc466261,  5805,  0, 0, 0, , 0, 0, 0, 0, 0,
29,  1,  28,  29,  -1,  871, 741,  115.0,  27,  Nuc497627,  5199,  0, 0, 0, , 0, 0, 0, 0, 0,
30,  1,  29,  30,  -1,  781, 734,  131.0,  27,  Nuc546687,  5079,  0, 0, 0, , 0, 0, 0, 0, 0,
31,  1,  30,  31,  -1,  725, 725,  148.0,  27,  Nuc606101,  5907,  0, 0, 0, , 0, 0, 0, 0, 0,
32,  1,  31,  32,  -1,  312, 817,  116.0,  27,  Nuc682004,  2940,  0, 0, 0, , 0, 0, 0, 0, 0,
33,  1,  32,  33,  -1,  366, 833,  125.0,  27,  Nuc682012,  4660,  0, 0, 0, , 0, 0, 0, 0, 0,
34,  1,  33,  34,  -1,  412, 847,  138.0,  27,  Nuc701645,  4350,  0, 0, 0, , 0, 0, 0, 0, 0,
35,  1,  34,  35,  -1,  915, 489,  124.0,  25,  Nuc701775,  5169,  0, 0, 0, , 0, 0, 0, 0, 0,
36,  1,  35,  36,  -1,  844, 500,  142.0,  27,  Nuc736737,  5578,  0, 0, 0, , 0, 0, 0, 0, 0,
37,  1,  36,  37,  -1,  736, 533,  138.0,  25,  Nuc765520,  5205,  0, 0, 0, , 0, 0, 0, 0, 0,
38,  1,  37,  38,  -1,  759, 471,  156.0,  25,  Nuc781792,  5349,  0, 0, 0, , 0, 0, 0, 0, 0,
39,  1,  38,  39,  -1,  866, 603,  133.0,  27,  Nuc799491,  4878,  0, 0, 0, , 0, 0, 0, 0, 0,
40,  1,  39,  40,  -1,  935, 573,  120.0,  27,  Nuc895702,  5588,  0, 0, 0, , 0, 0, 0, 0, 0,
41,  1,  40,  41,  -1,  770, 624,  136.0,  27,  Nuc911866,  5833,  0, 0, 0, , 0, 0, 0, 0, 0,
42,  1,  41,  42,  -1,  767, 625,  157.0,  27,  Nuc952965,  6616,  0, 0, 0, , 0, 0, 0, 0, 0,
43,  1,  42,  43,  -1,  380, 644,  136.0,  27,  Nuc1024048,  7512,  0, 0, 0, , 0, 0, 0, 0, 0,
44,  1,  43,  44,  -1,  460, 620,  137.0,  27,  Nuc1024067,  4421,  0, 0, 0, , 0, 0, 0, 0, 0,
45,  1,  44,  45,  -1,  342, 738,  127.0,  27,  Nuc1057013,  4197,  0, 0, 0, , 0, 0, 0, 0, 0,
46,  1,  45,  46,  -1,  427, 761,  123.0,  27,  Nuc1057305,  4389,  0, 0, 0, , 0, 0, 0, 0, 0,
47,  1,  46,  47,  -1,  461, 714,  138.0,  27,  Nuc1057703,  5121,  0, 0, 0, , 0, 0, 0, 0, 0,
48,  1,  47,  48,  -1,  550, 683,  138.0,  27,  Nuc1057871,  4685,  0, 0, 0, , 0, 0, 0, 0, 0,
49,  1,  48,  49,  -1,  619, 721,  133.0,  27,  Nuc1102176,  5443,  0, 0, 0, , 0, 0, 0, 0, 0,
50,  1,  49,  50,  -1,  389, 554,  147.0,  27,  Nuc1208086,  4314,  0, 0, 0, , 0, 0, 0, 0, 0,
51,  1,  50,  51,  -1,  451, 540,  135.0,  27,  Nuc1208163,  4616,  0, 0, 0, , 0, 0, 0, 0, 0,
52,  1,  51,  52,  -1,  548, 825,  143.0,  27,  Nuc1210580,  5052,  0, 0, 0, , 0, 0, 0, 0, 0,
53,  1,  52,  53,  -1,  479, 803,  153.0,  27,  Nuc1247419,  5497,  0, 0, 0, , 0, 0, 0, 0, 0,
54,  1,  53,  54,  -1,  649, 633,  141.0,  25,  Nuc1272732,  4984,  0, 0, 0, , 0, 0, 0, 0, 0,
55,  1,  54,  55,  -1,  581, 570,  140.0,  27,  Nuc1336640,  4517,  0, 0, 0, , 0, 0, 0, 0, 0,
56,  1,  55,  56,  -1,  405, 459,  138.0,  27,  Nuc1418690,  3814,  0, 0, 0, , 0, 0, 0, 0, 0,
57,  1,  56,  57,  -1,  467, 394,  141.0,  25,  Nuc1418746,  4659,  0, 0, 0, , 0, 0, 0, 0, 0,
58,  1,  57,  58,  -1,  478, 474,  142.0,  27,  Nuc1418825,  5970,  0, 0, 0, , 0, 0, 0, 0, 0,
59,  1,  58,  59,  -1,  548, 479,  139.0,  27,  Nuc1431476,  6061,  0, 0, 0, , 0, 0, 0, 0, 0,
60,  1,  59,  60,  -1,  437, 339,  164.0,  27,  Nuc1483195,  4514,  0, 0, 0, , 0, 0, 0, 0, 0,
61,  1,  60,  61,  -1,  401, 267,  148.0,  27,  Nuc1494692,  4223,  0, 0, 0, , 0, 0, 0, 0, 0,
62,  1,  61,  62,  -1,  650, 362,  153.0,  27,  Nuc1500698,  5418,  0, 0, 0, , 0, 0, 0, 0, 0,
63,  1,  62,  63,  -1,  577, 374,  136.0,  27,  Nuc1514838,  4546,  0, 0, 0, , 0, 0, 0, 0, 0,
64,  1,  63,  64,  -1,  512, 273,  147.0,  27,  Nuc1553332,  6239,  0, 0, 0, , 0, 0, 0, 0, 0,
65,  1,  64,  65,  -1,  547, 330,  162.0,  27,  Nuc1577586,  6422,  0, 0, 0, , 0, 0, 0, 0, 0,
66,  1,  65,  66,  -1,  639, 463,  143.0,  27,  Nuc1584555,  7371,  0, 0, 0, , 0, 0, 0, 0, 0,
67,  1,  66,  67,  -1,  625, 528,  158.0,  25,  Nuc1640544,  7545,  0, 0, 0, , 0, 0, 0, 0, 0,
68,  1,  67,  68,  -1,  661, 579,  153.0,  27,  Nuc1703062,  6373,  0, 0, 0, , 0, 0, 0, 0, 0,
69,  1,  68,  69,  -1,  535, 547,  151.0,  27,  Nuc1740588,  6229,  0, 0, 0, , 0, 0, 0, 0, 0,
70,  1,  69,  70,  -1,  462, 505,  161.0,  27,  Nuc1759733,  6002,  0, 0, 0, , 0, 0, 0, 0, 0,
71,  1,  70,  71,  -1,  329, 690,  158.0,  25,  Nuc1773145,  3646,  0, 0, 0, , 0, 0, 0, 0, 0,
72,  1,  71,  72,  -1,  360, 630,  171.0,  27,  Nuc1785234,  4825,  0, 0, 0, , 0, 0, 0, 0, 0,
73,  1,  72,  73,  -1,  442, 421,  175.0,  25,  Nuc1794088,  6238,  0, 0, 0, , 0, 0, 0, 0, 0,
74,  1,  73,  74,  -1,  532, 422,  173.0,  27,  Nuc1794433,  6608,  0, 0, 0, , 0, 0, 0, 0, 0,
75,  1,  74,  75,  -1,  655, 438,  167.0,  27,  Nuc1800298,  7576,  0, 0, 0, , 0, 0, 0, 0, 0,
76,  1,  75,  76,  -1,  707, 519,  170.0,  27,  Nuc1850272,  8399,  0, 0, 0, , 0, 0, 0, 0, 0,
77,  1,  76,  77,  -1,  717, 577,  168.0,  27,  Nuc1862184,  8547,  0, 0, 0, , 0, 0, 0, 0, 0,
78,  1,  77,  78,  -1,  424, 703,  172.0,  27,  Nuc1869360,  4245,  0, 0, 0, , 0, 0, 0, 0, 0,
79,  1,  78,  79,  -1,  600, 743,  163.0,  27,  Nuc1869967,  7162,  0, 0, 0, , 0, 0, 0, 0, 0,
80,  1,  79,  80,  -1,  529, 708,  172.0,  27,  Nuc1883011,  6646,  0, 0, 0, , 0, 0, 0, 0, 0,
81,  1,  80,  81,  -1,  646, 635,  169.0,  27,  Nuc1892123,  7222,  0, 0, 0, , 0, 0, 0, 0, 0,
82,  1,  81,  82,  -1,  566, 613,  174.0,  27,  Nuc1921247,  7693,  0, 0, 0, , 0, 0, 0, 0, 0,
83,  1,  82,  83,  -1,  614, 530,  178.0,  27,  Nuc1922050,  7559,  0, 0, 0, , 0, 0, 0, 0, 0,
84,  1,  83,  84,  -1,  436, 608,  177.0,  27,  Nuc1923262,  7454,  0, 0, 0, , 0, 0, 0, 0, 0,
85,  1,  85,  85,  -1,  488, 659,  154.0,  25,  Nuc1934232,  3991,  0, 0, 0, , 0, 0, 0, 0, 0,
86,  1,  85,  86,  -1,  490, 582,  166.0,  25,  Nuc1934240,  3477,  0, 0, 0, , 0, 0, 0, 0, 0,
87,  1,  86,  87,  -1,  386, 551,  179.0,  27,  Nuc1953700,  5088,  0, 0, 0, , 0, 0, 0, 0, 0,
88,  1,  87,  88,  -1,  376, 488,  178.0,  27,  Nuc1954673,  5112,  0, 0, 0, , 0, 0, 0, 0, 0,
89,  1,  88,  89,  -1,  491, 612,  184.0,  41,  Nuc1954904,  844,  0, 0, 0, , 0, 0, 0, 0, 0,
90,  1,  89,  90,  -1,  511, 558,  182.0,  27,  Nuc1954907,  8852,  0, 0, 0, , 0, 0, 0, 0, 0,
91,  1,  90,  91,  -1,  480, 499,  182.0,  27,  Nuc1968408,  7394,  0, 0, 0, , 0, 0, 0, 0, 0,
92,  1,  91,  92,  -1,  533, 615,  183.0,  55,  Nuc1968792,  4097,  0, 0, 0, , 0, 0, 0, 0, 0,
93,  1,  92,  93,  -1,  379, 767,  153.0,  27,  Nuc2009205,  4529,  0, 0, 0, , 0, 0, 0, 0, 0,
94,  1,  93,  94,  95,  376, 930,  93.0,  27,  Nuc2012681,  2424,  0, 0, 0, , 0, 0, 0, 0, 0,
95,  1,  94,  96,  -1,  392, 880,  112.0,  27,  Nuc2012697,  2948,  0, 0, 0, , 0, 0, 0, 0, 0,
96,  1,  95,  97,  -1,  604, 531,  168.0,  31,  Nuc2012742,  1787,  0, 0, 0, , 0, 0, 0, 0, 0,
97,  1,  96,  98,  -1,  563, 504,  167.0,  25,  Nuc2021714,  5482,  0, 0, 0, , 0, 0, 0, 0, 0,
98,  1,  97,  99,  -1,  353, 401,  166.0,  27,  Nuc2064230,  4723,  0, 0, 0, , 0, 0, 0, 0, 0,
99,  1,  98,  100,  -1,  225, 426,  143.0,  27,  Nuc2064241,  2840,  0, 0, 0, , 0, 0, 0, 0, 0,
100,  1,  98,  101,  -1,  243, 337,  136.0,  25,  Nuc2064247,  1132,  0, 0, 0, , 0, 0, 0, 0, 0,
101,  1,  99,  102,  -1,  306, 364,  129.0,  29,  Nuc2064253,  2367,  0, 0, 0, , 0, 0, 0, 0, 0,
102,  1,  100,  103,  -1,  313, 415,  151.0,  25,  Nuc2064260,  3057,  0, 0, 0, , 0, 0, 0, 0, 0,
103,  1,  100,  104,  -1,  319, 322,  150.0,  27,  Nuc2064264,  2811,  0, 0, 0, , 0, 0, 0, 0, 0,
104,  1,  101,  105,  -1,  291, 594,  137.0,  27,  Nuc2064521,  2591,  0, 0, 0, , 0, 0, 0, 0, 0,
105,  1,  101,  106,  -1,  244, 627,  149.0,  27,  Nuc2064526,  3431,  0, 0, 0, , 0, 0, 0, 0, 0,
106,  1,  102,  107,  -1,  262, 739,  125.0,  29,  Nuc2064720,  1774,  0, 0, 0, , 0, 0, 0, 0, 0,
107,  1,  103,  108,  -1,  273, 710,  144.0,  25,  Nuc2064730,  4763,  0, 0, 0, , 0, 0, 0, 0, 0,
108,  1,  104,  109,  -1,  336, 505,  145.0,  23,  Nuc2064742,  1188,  0, 0, 0, , 0, 0, 0, 0, 0,
109,  1,  105,  110,  -1,  295, 496,  135.0,  27,  Nuc2064745,  2924,  0, 0, 0, , 0, 0, 0, 0, 0,
110,  1,  106,  111,  -1,  310, 548,  165.0,  27,  Nuc2064753,  3628,  0, 0, 0, , 0, 0, 0, 0, 0,
111,  1,  107,  112,  -1,  288, 592,  157.0,  27,  Nuc2064761,  3927,  0, 0, 0, , 0, 0, 0, 0, 0,
112,  1,  108,  113,  -1,  271, 487,  160.0,  25,  Nuc2064775,  2970,  0, 0, 0, , 0, 0, 0, 0, 0,
113,  1,  109,  114,  -1,  213, 536,  146.0,  27,  Nuc2064785,  2166,  0, 0, 0, , 0, 0, 0, 0, 0,
