1,  1,  1,  1,  -1,  496, 966,  83.0,  27,  Nuc30,  4109,  0, 0, 0, , 0, 0, 0, 0, 0,
2,  1,  2,  2,  -1,  450, 927,  105.0,  27,  Nuc9488,  4535,  0, 0, 0, , 0, 0, 0, 0, 0,
3,  1,  3,  3,  -1,  715, 908,  101.0,  27,  Nuc29637,  4490,  0, 0, 0, , 0, 0, 0, 0, 0,
4,  1,  4,  4,  -1,  634, 956,  89.0,  27,  Nuc47852,  4081,  0, 0, 0, , 0, 0, 0, 0, 0,
5,  1,  5,  5,  -1,  598, 852,  121.0,  27,  Nuc63949,  4689,  0, 0, 0, , 0, 0, 0, 0, 0,
6,  1,  6,  6,  -1,  574, 922,  108.0,  27,  Nuc69310,  4633,  0, 0, 0, , 0, 0, 0, 0, 0,
7,  1,  7,  7,  -1,  486, 836,  119.0,  27,  Nuc90560,  4951,  0, 0, 0, , 0, 0, 0, 0, 0,
8,  1,  8,  8,  -1,  502, 904,  121.0,  27,  Nuc144282,  5043,  0, 0, 0, , 0, 0, 0, 0, 0,
9,  1,  9,  9,  -1,  309, 202,  115.0,  27,  Nuc152732,  3978,  0, 0, 0, , 0, 0, 0, 0, 0,
10,  1,  10,  10,  -1,  312, 264,  127.0,  27,  Nuc152783,  3757,  0, 0, 0, , 0, 0, 0, 0, 0,
11,  1,  11,  11,  -1,  690, 820,  124.0,  27,  Nuc152876,  5845,  0, 0, 0, , 0, 0, 0, 0, 0,
12,  1,  12,  12,  -1,  657, 804,  142.0,  27,  Nuc190531,  5952,  0, 0, 0, , 0, 0, 0, 0, 0,
13,  1,  13,  13,  -1,  845, 828,  98.0,  27,  Nuc209729,  5197,  0, 0, 0, , 0, 0, 0, 0, 0,
14,  1,  14,  14,  -1,  765, 844,  114.0,  27,  Nuc230344,  5586,  0, 0, 0, , 0, 0, 0, 0, 0,
15,  1,  15,  15,  -1,  747, 206,  107.0,  27,  Nuc251850,  4078,  0, 0, 0, , 0, 0, 0, 0, 0,
16,  1,  16,  16,  -1,  672, 222,  127.0,  27,  Nuc264723,  4996,  0, 0, 0, , 0, 0, 0, 0, 0,
17,  1,  17,  17,  -1,  585, 240,  135.0,  27,  Nuc274951,  4720,  0, 0, 0, , 0, 0, 0, 0, 0,
18,  1,  18,  18,  -1,  589, 165,  112.0,  27,  Nuc293723,  4151,  0, 0, 0, , 0, 0, 0, 0, 0,
19,  1,  19,  19,  -1,  901, 361,  109.0,  29,  Nuc314289,  4928,  0, 0, 0, , 0, 0, 0, 0, 0,
20,  1,  20,  20,  -1,  829, 354,  126.0,  27,  Nuc343641,  4656,  0, 0, 0, , 0, 0, 0, 0, 0,
21,  1,  21,  21,  -1,  750, 377,  143.0,  27,  Nuc370573,  5309,  0, 0, 0, , 0, 0, 0, 0, 0,
22,  1,  22,  22,  -1,  732, 287,  132.0,  27,  Nuc406940,  4852,  0, 0, 0, , 0, 0, 0, 0, 0,
23,  1,  23,  23,  -1,  397, 159,  112.0,  27,  Nuc445478,  3678,  0, 0, 0, , 0, 0, 0, 0, 0,
24,  1,  24,  24,  -1,  420, 330,  129.0,  27,  Nuc451804,  3345,  0, 0, 0, , 0, 0, 0, 0, 0,
25,  1,  25,  25,  -1,  393, 246,  126.0,  27,  Nuc451813,  4167,  0, 0, 0, , 0, 0, 0, 0, 0,
26,  1,  26,  26,  -1,  489, 151,  112.0,  27,  Nuc454644,  3393,  0, 0, 0, , 0, 0, 0, 0, 0,
27,  1,  27,  27,  -1,  482, 213,  133.0,  27,  Nuc460120,  4709,  0, 0, 0, , 0, 0, 0, 0, 0,
28,  1,  28,  28,  -1,  929, 660,  112.0,  27,  Nuc466262,  6301,  0, 0, 0, , 0, 0, 0, 0, 0,
29,  1,  29,  29,  -1,  871, 741,  115.0,  27,  Nuc497628,  5708,  0, 0, 0, , 0, 0, 0, 0, 0,
30,  1,  30,  30,  -1,  783, 732,  131.0,  25,  Nuc546688,  5537,  0, 0, 0, , 0, 0, 0, 0, 0,
31,  1,  31,  31,  -1,  720, 724,  148.0,  27,  Nuc606102,  6426,  0, 0, 0, , 0, 0, 0, 0, 0,
32,  1,  32,  32,  -1,  310, 815,  116.0,  25,  Nuc682005,  2759,  0, 0, 0, , 0, 0, 0, 0, 0,
33,  1,  33,  33,  -1,  363, 831,  125.0,  25,  Nuc682013,  5925,  0, 0, 0, , 0, 0, 0, 0, 0,
34,  1,  34,  34,  -1,  413, 846,  138.0,  27,  Nuc701646,  4916,  0, 0, 0, , 0, 0, 0, 0, 0,
35,  1,  35,  35,  -1,  917, 486,  123.0,  25,  Nuc701776,  5625,  0, 0, 0, , 0, 0, 0, 0, 0,
36,  1,  36,  36,  -1,  841, 499,  142.0,  27,  Nuc736738,  5354,  0, 0, 0, , 0, 0, 0, 0, 0,
37,  1,  37,  37,  -1,  735, 533,  139.0,  27,  Nuc765521,  5418,  0, 0, 0, , 0, 0, 0, 0, 0,
38,  1,  38,  38,  -1,  759, 472,  156.0,  25,  Nuc781793,  6016,  0, 0, 0, , 0, 0, 0, 0, 0,
39,  1,  39,  39,  -1,  863, 605,  133.0,  27,  Nuc799492,  5967,  0, 0, 0, , 0, 0, 0, 0, 0,
40,  1,  40,  40,  -1,  938, 569,  118.0,  27,  Nuc895703,  5870,  0, 0, 0, , 0, 0, 0, 0, 0,
41,  1,  41,  41,  -1,  769, 625,  136.0,  27,  Nuc911867,  7414,  0, 0, 0, , 0, 0, 0, 0, 0,
42,  1,  42,  42,  -1,  766, 623,  158.0,  27,  Nuc952966,  6902,  0, 0, 0, , 0, 0, 0, 0, 0,
43,  1,  43,  43,  -1,  377, 644,  135.0,  27,  Nuc1024049,  7751,  0, 0, 0, , 0, 0, 0, 0, 0,
44,  1,  44,  44,  -1,  464, 620,  138.0,  27,  Nuc1024068,  4686,  0, 0, 0, , 0, 0, 0, 0, 0,
45,  1,  45,  45,  -1,  341, 737,  127.0,  27,  Nuc1057014,  4108,  0, 0, 0, , 0, 0, 0, 0, 0,
46,  1,  46,  46,  -1,  423, 762,  122.0,  25,  Nuc1057306,  5021,  0, 0, 0, , 0, 0, 0, 0, 0,
47,  1,  47,  47,  -1,  460, 716,  138.0,  27,  Nuc1057704,  5482,  0, 0, 0, , 0, 0, 0, 0, 0,
48,  1,  48,  48,  -1,  547, 685,  138.0,  27,  Nuc1057872,  5323,  0, 0, 0, , 0, 0, 0, 0, 0,
49,  1,  49,  49,  -1,  620, 722,  134.0,  27,  Nuc1102177,  6409,  0, 0, 0, , 0, 0, 0, 0, 0,
50,  1,  50,  50,  -1,  386, 556,  148.0,  27,  Nuc1208087,  5328,  0, 0, 0, , 0, 0, 0, 0, 0,
51,  1,  51,  51,  -1,  451, 536,  134.0,  27,  Nuc1208164,  4406,  0, 0, 0, , 0, 0, 0, 0, 0,
52,  1,  52,  52,  -1,  547, 826,  143.0,  27,  Nuc1210581,  5594,  0, 0, 0, , 0, 0, 0, 0, 0,
53,  1,  53,  53,  -1,  476, 803,  153.0,  27,  Nuc1247420,  5918,  0, 0, 0, , 0, 0, 0, 0, 0,
54,  1,  54,  54,  -1,  651, 634,  141.0,  25,  Nuc1272733,  5392,  0, 0, 0, , 0, 0, 0, 0, 0,
55,  1,  55,  55,  -1,  580, 567,  140.0,  27,  Nuc1336641,  5505,  0, 0, 0, , 0, 0, 0, 0, 0,
56,  1,  56,  56,  -1,  402, 458,  138.0,  27,  Nuc1418691,  4140,  0, 0, 0, , 0, 0, 0, 0, 0,
57,  1,  57,  57,  -1,  466, 396,  141.0,  27,  Nuc1418747,  4815,  0, 0, 0, , 0, 0, 0, 0, 0,
58,  1,  58,  58,  -1,  475, 473,  142.0,  27,  Nuc1418826,  5537,  0, 0, 0, , 0, 0, 0, 0, 0,
59,  1,  59,  59,  -1,  549, 479,  139.0,  27,  Nuc1431477,  7102,  0, 0, 0, , 0, 0, 0, 0, 0,
60,  1,  60,  60,  -1,  436, 337,  165.0,  27,  Nuc1483196,  5007,  0, 0, 0, , 0, 0, 0, 0, 0,
61,  1,  61,  61,  -1,  403, 265,  147.0,  27,  Nuc1494693,  5375,  0, 0, 0, , 0, 0, 0, 0, 0,
62,  1,  62,  62,  -1,  650, 360,  152.0,  27,  Nuc1500699,  5710,  0, 0, 0, , 0, 0, 0, 0, 0,
63,  1,  63,  63,  -1,  580, 373,  136.0,  27,  Nuc1514839,  5671,  0, 0, 0, , 0, 0, 0, 0, 0,
64,  1,  64,  64,  -1,  512, 274,  146.0,  27,  Nuc1553333,  6233,  0, 0, 0, , 0, 0, 0, 0, 0,
65,  1,  65,  65,  -1,  549, 329,  161.0,  27,  Nuc1577587,  6047,  0, 0, 0, , 0, 0, 0, 0, 0,
66,  1,  66,  66,  -1,  636, 462,  143.0,  27,  Nuc1584556,  7735,  0, 0, 0, , 0, 0, 0, 0, 0,
67,  1,  67,  67,  -1,  624, 527,  158.0,  25,  Nuc1640545,  8219,  0, 0, 0, , 0, 0, 0, 0, 0,
68,  1,  68,  68,  -1,  661, 578,  153.0,  27,  Nuc1703063,  6712,  0, 0, 0, , 0, 0, 0, 0, 0,
69,  1,  69,  69,  -1,  535, 547,  151.0,  27,  Nuc1740589,  5671,  0, 0, 0, , 0, 0, 0, 0, 0,
70,  1,  70,  70,  -1,  459, 503,  161.0,  25,  Nuc1759734,  7605,  0, 0, 0, , 0, 0, 0, 0, 0,
71,  1,  71,  71,  -1,  327, 688,  158.0,  25,  Nuc1773146,  3829,  0, 0, 0, , 0, 0, 0, 0, 0,
72,  1,  72,  72,  -1,  358, 627,  172.0,  27,  Nuc1785235,  4767,  0, 0, 0, , 0, 0, 0, 0, 0,
73,  1,  73,  73,  -1,  441, 424,  175.0,  27,  Nuc1794089,  6410,  0, 0, 0, , 0, 0, 0, 0, 0,
74,  1,  74,  74,  -1,  534, 418,  174.0,  27,  Nuc1794434,  7578,  0, 0, 0, , 0, 0, 0, 0, 0,
75,  1,  75,  75,  -1,  658, 433,  167.0,  27,  Nuc1800299,  7296,  0, 0, 0, , 0, 0, 0, 0, 0,
76,  1,  76,  76,  -1,  704, 518,  170.0,  27,  Nuc1850273,  8940,  0, 0, 0, , 0, 0, 0, 0, 0,
77,  1,  77,  77,  -1,  716, 578,  168.0,  27,  Nuc1862185,  9213,  0, 0, 0, , 0, 0, 0, 0, 0,
78,  1,  78,  78,  -1,  424, 703,  172.0,  27,  Nuc1869361,  5096,  0, 0, 0, , 0, 0, 0, 0, 0,
79,  1,  79,  79,  -1,  602, 742,  163.0,  27,  Nuc1869968,  7445,  0, 0, 0, , 0, 0, 0, 0, 0,
80,  1,  80,  80,  -1,  526, 710,  172.0,  27,  Nuc1883012,  7336,  0, 0, 0, , 0, 0, 0, 0, 0,
81,  1,  81,  81,  -1,  649, 637,  169.0,  27,  Nuc1892124,  7775,  0, 0, 0, , 0, 0, 0, 0, 0,
82,  1,  82,  82,  -1,  566, 611,  174.0,  27,  Nuc1921248,  7689,  0, 0, 0, , 0, 0, 0, 0, 0,
83,  1,  83,  83,  -1,  614, 531,  178.0,  27,  Nuc1922051,  8171,  0, 0, 0, , 0, 0, 0, 0, 0,
84,  1,  84,  84,  -1,  435, 608,  178.0,  27,  Nuc1923263,  7645,  0, 0, 0, , 0, 0, 0, 0, 0,
85,  1,  85,  85,  -1,  488, 660,  153.0,  27,  Nuc1934233,  4568,  0, 0, 0, , 0, 0, 0, 0, 0,
86,  1,  86,  86,  -1,  490, 570,  164.0,  25,  Nuc1934241,  4083,  0, 0, 0, , 0, 0, 0, 0, 0,
87,  1,  87,  87,  -1,  387, 551,  178.0,  27,  Nuc1953701,  5219,  0, 0, 0, , 0, 0, 0, 0, 0,
88,  1,  88,  88,  -1,  375, 485,  178.0,  27,  Nuc1954674,  4739,  0, 0, 0, , 0, 0, 0, 0, 0,
89,  1,  89,  -1,  -1,  488, 611,  184.0,  39,  Nuc1954905,  723,  0, 0, 0, , 0, 0, 0, 0, 0,
90,  1,  90,  89,  -1,  512, 557,  181.0,  27,  Nuc1954908,  8505,  0, 0, 0, , 0, 0, 0, 0, 0,
91,  1,  91,  90,  -1,  479, 498,  182.0,  27,  Nuc1968409,  8648,  0, 0, 0, , 0, 0, 0, 0, 0,
92,  1,  92,  91,  -1,  532, 616,  183.0,  55,  Nuc1968793,  4176,  0, 0, 0, , 0, 0, 0, 0, 0,
93,  1,  93,  92,  -1,  377, 769,  153.0,  27,  Nuc2009206,  4717,  0, 0, 0, , 0, 0, 0, 0, 0,
94,  1,  94,  -1,  -1,  292, 871,  92.0,  29,  Nuc2012682,  1312,  0, 0, 0, , 0, 0, 0, 0, 0,
95,  1,  94,  93,  -1,  377, 932,  93.0,  27,  Nuc2012683,  3204,  0, 0, 0, , 0, 0, 0, 0, 0,
96,  1,  95,  94,  -1,  391, 878,  113.0,  27,  Nuc2012698,  3238,  0, 0, 0, , 0, 0, 0, 0, 0,
97,  1,  96,  95,  -1,  606, 531,  168.0,  33,  Nuc2012743,  1272,  0, 0, 0, , 0, 0, 0, 0, 0,
98,  1,  97,  96,  -1,  561, 504,  167.0,  25,  Nuc2021715,  8608,  0, 0, 0, , 0, 0, 0, 0, 0,
99,  1,  98,  97,  -1,  354, 400,  164.0,  25,  Nuc2064231,  5028,  0, 0, 0, , 0, 0, 0, 0, 0,
100,  1,  99,  98,  -1,  227, 424,  143.0,  25,  Nuc2064242,  3810,  0, 0, 0, , 0, 0, 0, 0, 0,
101,  1,  100,  99,  -1,  244, 338,  138.0,  27,  Nuc2064248,  1987,  0, 0, 0, , 0, 0, 0, 0, 0,
102,  1,  101,  100,  -1,  306, 363,  129.0,  29,  Nuc2064254,  2271,  0, 0, 0, , 0, 0, 0, 0, 0,
103,  1,  102,  101,  -1,  313, 412,  152.0,  25,  Nuc2064261,  4753,  0, 0, 0, , 0, 0, 0, 0, 0,
104,  1,  103,  102,  -1,  320, 318,  149.0,  27,  Nuc2064265,  3329,  0, 0, 0, , 0, 0, 0, 0, 0,
105,  1,  104,  103,  -1,  289, 592,  137.0,  27,  Nuc2064522,  3081,  0, 0, 0, , 0, 0, 0, 0, 0,
106,  1,  105,  104,  -1,  243, 629,  149.0,  27,  Nuc2064527,  4412,  0, 0, 0, , 0, 0, 0, 0, 0,
107,  1,  106,  105,  -1,  262, 740,  125.0,  27,  Nuc2064721,  2710,  0, 0, 0, , 0, 0, 0, 0, 0,
108,  1,  107,  106,  -1,  274, 710,  144.0,  27,  Nuc2064731,  5157,  0, 0, 0, , 0, 0, 0, 0, 0,
109,  1,  108,  -1,  -1,  334, 503,  145.0,  25,  Nuc2064743,  1632,  0, 0, 0, , 0, 0, 0, 0, 0,
110,  1,  109,  107,  -1,  293, 497,  135.0,  27,  Nuc2064746,  2459,  0, 0, 0, , 0, 0, 0, 0, 0,
111,  1,  110,  108,  -1,  309, 549,  165.0,  27,  Nuc2064754,  3886,  0, 0, 0, , 0, 0, 0, 0, 0,
112,  1,  111,  109,  -1,  288, 592,  157.0,  27,  Nuc2064762,  4339,  0, 0, 0, , 0, 0, 0, 0, 0,
113,  1,  112,  110,  -1,  271, 486,  160.0,  23,  Nuc2064776,  3057,  0, 0, 0, , 0, 0, 0, 0, 0,
114,  1,  113,  111,  -1,  212, 535,  146.0,  27,  Nuc2064786,  3088,  0, 0, 0, , 0, 0, 0, 0, 0,
