1,  1,  1,  1,  -1,  496, 965,  83.0,  29,  Nuc31,  3813,  0, 0, 0, , 0, 0, 0, 0, 0,
2,  1,  2,  2,  -1,  444, 923,  103.0,  27,  Nuc9489,  4454,  0, 0, 0, , 0, 0, 0, 0, 0,
3,  1,  3,  3,  -1,  715, 907,  101.0,  27,  Nuc29638,  4982,  0, 0, 0, , 0, 0, 0, 0, 0,
4,  1,  4,  4,  -1,  627, 957,  88.0,  29,  Nuc47853,  3673,  0, 0, 0, , 0, 0, 0, 0, 0,
5,  1,  5,  5,  -1,  597, 850,  121.0,  27,  Nuc63950,  5331,  0, 0, 0, , 0, 0, 0, 0, 0,
6,  1,  6,  6,  -1,  571, 923,  107.0,  27,  Nuc69311,  5145,  0, 0, 0, , 0, 0, 0, 0, 0,
7,  1,  7,  7,  -1,  483, 835,  120.0,  27,  Nuc90561,  4788,  0, 0, 0, , 0, 0, 0, 0, 0,
8,  1,  8,  8,  -1,  501, 902,  121.0,  27,  Nuc144283,  4984,  0, 0, 0, , 0, 0, 0, 0, 0,
9,  1,  9,  9,  -1,  309, 201,  113.0,  27,  Nuc152733,  3239,  0, 0, 0, , 0, 0, 0, 0, 0,
10,  1,  10,  10,  -1,  311, 266,  127.0,  25,  Nuc152784,  4010,  0, 0, 0, , 0, 0, 0, 0, 0,
11,  1,  11,  11,  -1,  690, 819,  123.0,  27,  Nuc152877,  6258,  0, 0, 0, , 0, 0, 0, 0, 0,
12,  1,  12,  12,  -1,  656, 804,  142.0,  27,  Nuc190532,  6717,  0, 0, 0, , 0, 0, 0, 0, 0,
13,  1,  13,  13,  -1,  844, 828,  98.0,  27,  Nuc209730,  5147,  0, 0, 0, , 0, 0, 0, 0, 0,
14,  1,  14,  14,  -1,  765, 840,  115.0,  27,  Nuc230345,  5053,  0, 0, 0, , 0, 0, 0, 0, 0,
15,  1,  15,  15,  -1,  747, 206,  106.0,  27,  Nuc251851,  4447,  0, 0, 0, , 0, 0, 0, 0, 0,
16,  1,  16,  16,  -1,  672, 223,  127.0,  27,  Nuc264724,  4198,  0, 0, 0, , 0, 0, 0, 0, 0,
17,  1,  17,  17,  -1,  584, 239,  135.0,  27,  Nuc274952,  4675,  0, 0, 0, , 0, 0, 0, 0, 0,
18,  1,  18,  18,  -1,  591, 165,  111.0,  27,  Nuc293724,  3850,  0, 0, 0, , 0, 0, 0, 0, 0,
19,  1,  19,  19,  -1,  901, 364,  107.0,  29,  Nuc314290,  4953,  0, 0, 0, , 0, 0, 0, 0, 0,
20,  1,  20,  20,  -1,  826, 352,  126.0,  27,  Nuc343642,  4983,  0, 0, 0, , 0, 0, 0, 0, 0,
21,  1,  21,  21,  -1,  750, 379,  142.0,  27,  Nuc370574,  5286,  0, 0, 0, , 0, 0, 0, 0, 0,
22,  1,  22,  22,  -1,  733, 289,  132.0,  27,  Nuc406941,  4606,  0, 0, 0, , 0, 0, 0, 0, 0,
23,  1,  23,  23,  -1,  399, 158,  111.0,  27,  Nuc445479,  3154,  0, 0, 0, , 0, 0, 0, 0, 0,
24,  1,  24,  24,  -1,  418, 330,  129.0,  25,  Nuc451805,  3193,  0, 0, 0, , 0, 0, 0, 0, 0,
25,  1,  25,  25,  -1,  393, 247,  126.0,  27,  Nuc451814,  4259,  0, 0, 0, , 0, 0, 0, 0, 0,
26,  1,  26,  26,  -1,  490, 151,  110.0,  27,  Nuc454645,  3444,  0, 0, 0, , 0, 0, 0, 0, 0,
27,  1,  27,  27,  -1,  482, 214,  132.0,  25,  Nuc460121,  5048,  0, 0, 0, , 0, 0, 0, 0, 0,
28,  1,  28,  28,  -1,  931, 661,  111.0,  27,  Nuc466263,  6238,  0, 0, 0, , 0, 0, 0, 0, 0,
29,  1,  29,  29,  -1,  869, 739,  116.0,  27,  Nuc497629,  5759,  0, 0, 0, , 0, 0, 0, 0, 0,
30,  1,  30,  30,  -1,  783, 731,  131.0,  27,  Nuc546689,  5571,  0, 0, 0, , 0, 0, 0, 0, 0,
31,  1,  31,  31,  -1,  717, 722,  149.0,  27,  Nuc606103,  6647,  0, 0, 0, , 0, 0, 0, 0, 0,
32,  1,  32,  32,  -1,  309, 812,  116.0,  27,  Nuc682006,  1998,  0, 0, 0, , 0, 0, 0, 0, 0,
33,  1,  33,  33,  -1,  360, 830,  124.0,  27,  Nuc682014,  4964,  0, 0, 0, , 0, 0, 0, 0, 0,
34,  1,  34,  34,  -1,  414, 846,  138.0,  27,  Nuc701647,  4782,  0, 0, 0, , 0, 0, 0, 0, 0,
35,  1,  35,  35,  -1,  917, 483,  123.0,  27,  Nuc701777,  5648,  0, 0, 0, , 0, 0, 0, 0, 0,
36,  1,  36,  36,  -1,  841, 498,  142.0,  27,  Nuc736739,  6124,  0, 0, 0, , 0, 0, 0, 0, 0,
37,  1,  37,  37,  -1,  739, 532,  139.0,  27,  Nuc765522,  5622,  0, 0, 0, , 0, 0, 0, 0, 0,
38,  1,  38,  38,  -1,  761, 470,  157.0,  25,  Nuc781794,  6858,  0, 0, 0, , 0, 0, 0, 0, 0,
39,  1,  39,  39,  -1,  863, 606,  134.0,  27,  Nuc799493,  5790,  0, 0, 0, , 0, 0, 0, 0, 0,
40,  1,  40,  40,  -1,  944, 568,  117.0,  27,  Nuc895704,  6418,  0, 0, 0, , 0, 0, 0, 0, 0,
41,  1,  41,  41,  -1,  768, 625,  136.0,  27,  Nuc911868,  6440,  0, 0, 0, , 0, 0, 0, 0, 0,
42,  1,  42,  42,  -1,  766, 623,  158.0,  27,  Nuc952967,  7019,  0, 0, 0, , 0, 0, 0, 0, 0,
43,  1,  43,  43,  -1,  375, 641,  135.0,  27,  Nuc1024050,  7123,  0, 0, 0, , 0, 0, 0, 0, 0,
44,  1,  44,  44,  -1,  467, 618,  139.0,  27,  Nuc1024069,  4266,  0, 0, 0, , 0, 0, 0, 0, 0,
45,  1,  45,  45,  -1,  339, 734,  126.0,  27,  Nuc1057015,  3789,  0, 0, 0, , 0, 0, 0, 0, 0,
46,  1,  46,  46,  -1,  421, 762,  122.0,  27,  Nuc1057307,  3819,  0, 0, 0, , 0, 0, 0, 0, 0,
47,  1,  47,  47,  -1,  459, 716,  138.0,  27,  Nuc1057705,  5293,  0, 0, 0, , 0, 0, 0, 0, 0,
48,  1,  48,  48,  -1,  546, 683,  138.0,  27,  Nuc1057873,  5065,  0, 0, 0, , 0, 0, 0, 0, 0,
49,  1,  49,  49,  -1,  619, 725,  135.0,  27,  Nuc1102178,  5986,  0, 0, 0, , 0, 0, 0, 0, 0,
50,  1,  50,  50,  -1,  385, 552,  147.0,  27,  Nuc1208088,  4078,  0, 0, 0, , 0, 0, 0, 0, 0,
51,  1,  51,  51,  -1,  452, 533,  136.0,  27,  Nuc1208165,  5292,  0, 0, 0, , 0, 0, 0, 0, 0,
52,  1,  52,  52,  -1,  547, 827,  143.0,  27,  Nuc1210582,  6235,  0, 0, 0, , 0, 0, 0, 0, 0,
53,  1,  53,  53,  -1,  471, 802,  153.0,  27,  Nuc1247421,  5794,  0, 0, 0, , 0, 0, 0, 0, 0,
54,  1,  54,  54,  -1,  650, 634,  142.0,  25,  Nuc1272734,  6738,  0, 0, 0, , 0, 0, 0, 0, 0,
55,  1,  55,  55,  -1,  580, 562,  139.0,  27,  Nuc1336642,  4822,  0, 0, 0, , 0, 0, 0, 0, 0,
56,  1,  56,  56,  -1,  402, 456,  138.0,  27,  Nuc1418692,  3734,  0, 0, 0, , 0, 0, 0, 0, 0,
57,  1,  57,  57,  -1,  469, 396,  141.0,  27,  Nuc1418748,  4241,  0, 0, 0, , 0, 0, 0, 0, 0,
58,  1,  58,  58,  -1,  476, 474,  140.0,  27,  Nuc1418827,  5211,  0, 0, 0, , 0, 0, 0, 0, 0,
59,  1,  59,  59,  -1,  550, 478,  139.0,  27,  Nuc1431478,  6358,  0, 0, 0, , 0, 0, 0, 0, 0,
60,  1,  60,  60,  -1,  435, 338,  165.0,  27,  Nuc1483197,  4866,  0, 0, 0, , 0, 0, 0, 0, 0,
61,  1,  61,  61,  -1,  403, 263,  147.0,  27,  Nuc1494694,  5128,  0, 0, 0, , 0, 0, 0, 0, 0,
62,  1,  62,  62,  -1,  652, 358,  151.0,  27,  Nuc1500700,  6164,  0, 0, 0, , 0, 0, 0, 0, 0,
63,  1,  63,  63,  64,  579, 372,  137.0,  27,  Nuc1514840,  5508,  0, 0, 0, , 0, 0, 0, 0, 0,
64,  1,  64,  65,  -1,  516, 276,  146.0,  27,  Nuc1553334,  5826,  0, 0, 0, , 0, 0, 0, 0, 0,
65,  1,  65,  66,  -1,  552, 328,  161.0,  27,  Nuc1577588,  5550,  0, 0, 0, , 0, 0, 0, 0, 0,
66,  1,  66,  67,  -1,  638, 463,  143.0,  27,  Nuc1584557,  6926,  0, 0, 0, , 0, 0, 0, 0, 0,
67,  1,  67,  68,  -1,  624, 527,  158.0,  27,  Nuc1640546,  9565,  0, 0, 0, , 0, 0, 0, 0, 0,
68,  1,  68,  69,  -1,  662, 578,  153.0,  27,  Nuc1703064,  7298,  0, 0, 0, , 0, 0, 0, 0, 0,
69,  1,  69,  70,  -1,  538, 548,  152.0,  27,  Nuc1740590,  5636,  0, 0, 0, , 0, 0, 0, 0, 0,
70,  1,  70,  71,  -1,  459, 501,  161.0,  27,  Nuc1759735,  7897,  0, 0, 0, , 0, 0, 0, 0, 0,
71,  1,  71,  72,  -1,  326, 689,  159.0,  27,  Nuc1773147,  3446,  0, 0, 0, , 0, 0, 0, 0, 0,
72,  1,  72,  73,  -1,  359, 626,  172.0,  27,  Nuc1785236,  4368,  0, 0, 0, , 0, 0, 0, 0, 0,
73,  1,  73,  74,  -1,  438, 426,  175.0,  27,  Nuc1794090,  6215,  0, 0, 0, , 0, 0, 0, 0, 0,
74,  1,  74,  75,  -1,  537, 416,  174.0,  27,  Nuc1794435,  6529,  0, 0, 0, , 0, 0, 0, 0, 0,
75,  1,  75,  76,  -1,  658, 428,  167.0,  27,  Nuc1800300,  7800,  0, 0, 0, , 0, 0, 0, 0, 0,
76,  1,  76,  77,  -1,  701, 518,  170.0,  27,  Nuc1850274,  9009,  0, 0, 0, , 0, 0, 0, 0, 0,
77,  1,  77,  78,  -1,  717, 579,  168.0,  27,  Nuc1862186,  9080,  0, 0, 0, , 0, 0, 0, 0, 0,
78,  1,  78,  79,  -1,  425, 703,  172.0,  27,  Nuc1869362,  4768,  0, 0, 0, , 0, 0, 0, 0, 0,
79,  1,  79,  80,  -1,  604, 743,  162.0,  27,  Nuc1869969,  7081,  0, 0, 0, , 0, 0, 0, 0, 0,
80,  1,  80,  81,  -1,  522, 710,  172.0,  27,  Nuc1883013,  7023,  0, 0, 0, , 0, 0, 0, 0, 0,
81,  1,  81,  82,  -1,  649, 636,  169.0,  27,  Nuc1892125,  7436,  0, 0, 0, , 0, 0, 0, 0, 0,
82,  1,  82,  83,  -1,  564, 609,  174.0,  27,  Nuc1921249,  8644,  0, 0, 0, , 0, 0, 0, 0, 0,
83,  1,  83,  84,  -1,  614, 529,  179.0,  27,  Nuc1922052,  7534,  0, 0, 0, , 0, 0, 0, 0, 0,
84,  1,  84,  85,  -1,  437, 607,  178.0,  29,  Nuc1923264,  6680,  0, 0, 0, , 0, 0, 0, 0, 0,
85,  1,  85,  86,  -1,  487, 659,  153.0,  27,  Nuc1934234,  5959,  0, 0, 0, , 0, 0, 0, 0, 0,
86,  1,  86,  87,  -1,  491, 568,  164.0,  25,  Nuc1934242,  4044,  0, 0, 0, , 0, 0, 0, 0, 0,
87,  1,  87,  88,  -1,  388, 551,  179.0,  27,  Nuc1953702,  5388,  0, 0, 0, , 0, 0, 0, 0, 0,
88,  1,  88,  89,  -1,  376, 483,  178.0,  27,  Nuc1954675,  4189,  0, 0, 0, , 0, 0, 0, 0, 0,
89,  1,  90,  90,  -1,  513, 557,  181.0,  27,  Nuc1954909,  9179,  0, 0, 0, , 0, 0, 0, 0, 0,
90,  1,  91,  91,  -1,  478, 497,  182.0,  27,  Nuc1968410,  7543,  0, 0, 0, , 0, 0, 0, 0, 0,
91,  1,  92,  92,  -1,  528, 616,  183.0,  53,  Nuc1968794,  2770,  0, 0, 0, , 0, 0, 0, 0, 0,
92,  1,  93,  93,  -1,  377, 772,  153.0,  27,  Nuc2009207,  5032,  0, 0, 0, , 0, 0, 0, 0, 0,
93,  1,  95,  94,  -1,  376, 933,  91.0,  25,  Nuc2012684,  2788,  0, 0, 0, , 0, 0, 0, 0, 0,
94,  1,  96,  95,  -1,  390, 875,  111.0,  27,  Nuc2012699,  3894,  0, 0, 0, , 0, 0, 0, 0, 0,
95,  1,  97,  96,  -1,  605, 532,  169.0,  31,  Nuc2012744,  1218,  0, 0, 0, , 0, 0, 0, 0, 0,
96,  1,  98,  97,  -1,  562, 503,  166.0,  27,  Nuc2021716,  8487,  0, 0, 0, , 0, 0, 0, 0, 0,
97,  1,  99,  98,  -1,  355, 399,  164.0,  27,  Nuc2064232,  3896,  0, 0, 0, , 0, 0, 0, 0, 0,
98,  1,  100,  99,  -1,  227, 426,  144.0,  25,  Nuc2064243,  4222,  0, 0, 0, , 0, 0, 0, 0, 0,
99,  1,  101,  100,  -1,  245, 342,  138.0,  27,  Nuc2064249,  1906,  0, 0, 0, , 0, 0, 0, 0, 0,
100,  1,  102,  101,  -1,  306, 365,  129.0,  29,  Nuc2064255,  2156,  0, 0, 0, , 0, 0, 0, 0, 0,
101,  1,  103,  102,  -1,  312, 414,  151.0,  27,  Nuc2064262,  4183,  0, 0, 0, , 0, 0, 0, 0, 0,
102,  1,  104,  103,  -1,  320, 320,  150.0,  27,  Nuc2064266,  3440,  0, 0, 0, , 0, 0, 0, 0, 0,
103,  1,  105,  104,  -1,  288, 590,  137.0,  27,  Nuc2064523,  3089,  0, 0, 0, , 0, 0, 0, 0, 0,
104,  1,  106,  105,  -1,  242, 630,  150.0,  27,  Nuc2064528,  4156,  0, 0, 0, , 0, 0, 0, 0, 0,
105,  1,  107,  106,  -1,  261, 739,  124.0,  27,  Nuc2064722,  1614,  0, 0, 0, , 0, 0, 0, 0, 0,
106,  1,  108,  107,  -1,  273, 711,  144.0,  27,  Nuc2064732,  5116,  0, 0, 0, , 0, 0, 0, 0, 0,
107,  1,  110,  108,  -1,  290, 497,  135.0,  27,  Nuc2064747,  2342,  0, 0, 0, , 0, 0, 0, 0, 0,
108,  1,  111,  109,  -1,  305, 547,  165.0,  27,  Nuc2064755,  3768,  0, 0, 0, , 0, 0, 0, 0, 0,
109,  1,  112,  110,  -1,  287, 593,  158.0,  27,  Nuc2064763,  4149,  0, 0, 0, , 0, 0, 0, 0, 0,
110,  1,  113,  111,  -1,  272, 487,  163.0,  27,  Nuc2064777,  2705,  0, 0, 0, , 0, 0, 0, 0, 0,
111,  1,  114,  112,  -1,  213, 539,  146.0,  27,  Nuc2064787,  4023,  0, 0, 0, , 0, 0, 0, 0, 0,
