1,  1,  1,  1,  -1,  495, 964,  83.0,  29,  Nuc32,  3653,  0, 0, 0, , 0, 0, 0, 0, 0,
2,  1,  2,  2,  -1,  439, 922,  103.0,  27,  Nuc9490,  5076,  0, 0, 0, , 0, 0, 0, 0, 0,
3,  1,  3,  3,  -1,  716, 906,  102.0,  27,  Nuc29639,  5647,  0, 0, 0, , 0, 0, 0, 0, 0,
4,  1,  4,  4,  -1,  627, 958,  87.0,  29,  Nuc47854,  3992,  0, 0, 0, , 0, 0, 0, 0, 0,
5,  1,  5,  5,  -1,  594, 850,  121.0,  27,  Nuc63951,  4974,  0, 0, 0, , 0, 0, 0, 0, 0,
6,  1,  6,  6,  -1,  570, 924,  107.0,  27,  Nuc69312,  5523,  0, 0, 0, , 0, 0, 0, 0, 0,
7,  1,  7,  7,  -1,  484, 835,  120.0,  27,  Nuc90562,  4488,  0, 0, 0, , 0, 0, 0, 0, 0,
8,  1,  8,  8,  -1,  502, 900,  122.0,  27,  Nuc144284,  4666,  0, 0, 0, , 0, 0, 0, 0, 0,
9,  1,  9,  9,  -1,  310, 200,  112.0,  27,  Nuc152734,  3753,  0, 0, 0, , 0, 0, 0, 0, 0,
10,  1,  10,  10,  -1,  311, 266,  127.0,  25,  Nuc152785,  4481,  0, 0, 0, , 0, 0, 0, 0, 0,
11,  1,  11,  11,  -1,  689, 820,  124.0,  27,  Nuc152878,  6782,  0, 0, 0, , 0, 0, 0, 0, 0,
12,  1,  12,  12,  -1,  657, 803,  143.0,  27,  Nuc190533,  7519,  0, 0, 0, , 0, 0, 0, 0, 0,
13,  1,  13,  13,  -1,  845, 828,  98.0,  27,  Nuc209731,  5629,  0, 0, 0, , 0, 0, 0, 0, 0,
14,  1,  14,  14,  -1,  768, 839,  114.0,  27,  Nuc230346,  6312,  0, 0, 0, , 0, 0, 0, 0, 0,
15,  1,  15,  15,  -1,  745, 206,  106.0,  27,  Nuc251852,  4266,  0, 0, 0, , 0, 0, 0, 0, 0,
16,  1,  16,  16,  -1,  668, 225,  127.0,  27,  Nuc264725,  4732,  0, 0, 0, , 0, 0, 0, 0, 0,
17,  1,  17,  17,  -1,  582, 238,  135.0,  25,  Nuc274953,  4911,  0, 0, 0, , 0, 0, 0, 0, 0,
18,  1,  18,  18,  -1,  592, 165,  111.0,  27,  Nuc293725,  4058,  0, 0, 0, , 0, 0, 0, 0, 0,
19,  1,  19,  19,  -1,  904, 366,  107.0,  29,  Nuc314291,  5302,  0, 0, 0, , 0, 0, 0, 0, 0,
20,  1,  20,  20,  -1,  826, 349,  126.0,  27,  Nuc343643,  5695,  0, 0, 0, , 0, 0, 0, 0, 0,
21,  1,  21,  21,  -1,  751, 378,  142.0,  27,  Nuc370575,  5856,  0, 0, 0, , 0, 0, 0, 0, 0,
22,  1,  22,  22,  -1,  730, 288,  132.0,  27,  Nuc406942,  5371,  0, 0, 0, , 0, 0, 0, 0, 0,
23,  1,  23,  23,  -1,  400, 159,  111.0,  27,  Nuc445480,  3747,  0, 0, 0, , 0, 0, 0, 0, 0,
24,  1,  24,  24,  -1,  418, 331,  129.0,  27,  Nuc451806,  4485,  0, 0, 0, , 0, 0, 0, 0, 0,
25,  1,  25,  25,  -1,  394, 247,  126.0,  27,  Nuc451815,  4580,  0, 0, 0, , 0, 0, 0, 0, 0,
26,  1,  26,  26,  -1,  490, 154,  112.0,  27,  Nuc454646,  4578,  0, 0, 0, , 0, 0, 0, 0, 0,
27,  1,  27,  27,  -1,  482, 215,  132.0,  27,  Nuc460122,  5197,  0, 0, 0, , 0, 0, 0, 0, 0,
28,  1,  28,  28,  -1,  930, 661,  111.0,  27,  Nuc466264,  7590,  0, 0, 0, , 0, 0, 0, 0, 0,
29,  1,  29,  29,  -1,  868, 737,  116.0,  27,  Nuc497630,  6994,  0, 0, 0, , 0, 0, 0, 0, 0,
30,  1,  30,  30,  -1,  782, 732,  131.0,  27,  Nuc546690,  6310,  0, 0, 0, , 0, 0, 0, 0, 0,
31,  1,  31,  31,  -1,  713, 722,  150.0,  27,  Nuc606104,  7435,  0, 0, 0, , 0, 0, 0, 0, 0,
32,  1,  32,  -1,  -1,  306, 809,  117.0,  27,  Nuc682007,  1190,  0, 0, 0, , 0, 0, 0, 0, 0,
33,  1,  33,  32,  -1,  357, 831,  124.0,  27,  Nuc682015,  5522,  0, 0, 0, , 0, 0, 0, 0, 0,
34,  1,  34,  33,  -1,  415, 846,  139.0,  27,  Nuc701648,  5454,  0, 0, 0, , 0, 0, 0, 0, 0,
35,  1,  35,  34,  -1,  917, 481,  123.0,  27,  Nuc701778,  6096,  0, 0, 0, , 0, 0, 0, 0, 0,
36,  1,  36,  35,  -1,  842, 497,  142.0,  27,  Nuc736740,  6808,  0, 0, 0, , 0, 0, 0, 0, 0,
37,  1,  37,  36,  -1,  743, 533,  139.0,  27,  Nuc765523,  6495,  0, 0, 0, , 0, 0, 0, 0, 0,
38,  1,  38,  37,  -1,  763, 470,  157.0,  27,  Nuc781795,  6553,  0, 0, 0, , 0, 0, 0, 0, 0,
39,  1,  39,  38,  -1,  864, 606,  134.0,  27,  Nuc799494,  6561,  0, 0, 0, , 0, 0, 0, 0, 0,
40,  1,  40,  39,  -1,  946, 567,  116.0,  27,  Nuc895705,  7139,  0, 0, 0, , 0, 0, 0, 0, 0,
41,  1,  41,  40,  -1,  767, 626,  136.0,  27,  Nuc911869,  6799,  0, 0, 0, , 0, 0, 0, 0, 0,
42,  1,  42,  41,  -1,  766, 624,  158.0,  27,  Nuc952968,  7254,  0, 0, 0, , 0, 0, 0, 0, 0,
43,  1,  43,  42,  -1,  377, 641,  135.0,  27,  Nuc1024051,  7659,  0, 0, 0, , 0, 0, 0, 0, 0,
44,  1,  44,  43,  -1,  470, 616,  139.0,  27,  Nuc1024070,  5243,  0, 0, 0, , 0, 0, 0, 0, 0,
45,  1,  45,  44,  -1,  338, 730,  127.0,  27,  Nuc1057016,  3942,  0, 0, 0, , 0, 0, 0, 0, 0,
46,  1,  46,  45,  -1,  420, 765,  121.0,  27,  Nuc1057308,  3827,  0, 0, 0, , 0, 0, 0, 0, 0,
47,  1,  47,  46,  -1,  459, 712,  139.0,  27,  Nuc1057706,  6438,  0, 0, 0, , 0, 0, 0, 0, 0,
48,  1,  48,  47,  -1,  545, 681,  138.0,  27,  Nuc1057874,  5293,  0, 0, 0, , 0, 0, 0, 0, 0,
49,  1,  49,  48,  -1,  619, 727,  134.0,  27,  Nuc1102179,  5983,  0, 0, 0, , 0, 0, 0, 0, 0,
50,  1,  50,  49,  -1,  387, 552,  147.0,  27,  Nuc1208089,  5469,  0, 0, 0, , 0, 0, 0, 0, 0,
51,  1,  51,  50,  -1,  454, 534,  135.0,  29,  Nuc1208166,  5317,  0, 0, 0, , 0, 0, 0, 0, 0,
52,  1,  52,  51,  -1,  549, 826,  143.0,  27,  Nuc1210583,  6692,  0, 0, 0, , 0, 0, 0, 0, 0,
53,  1,  53,  52,  -1,  471, 801,  153.0,  27,  Nuc1247422,  6320,  0, 0, 0, , 0, 0, 0, 0, 0,
54,  1,  54,  53,  -1,  650, 639,  142.0,  27,  Nuc1272735,  7087,  0, 0, 0, , 0, 0, 0, 0, 0,
55,  1,  55,  54,  -1,  585, 559,  139.0,  27,  Nuc1336643,  5596,  0, 0, 0, , 0, 0, 0, 0, 0,
56,  1,  56,  55,  -1,  403, 458,  137.0,  27,  Nuc1418693,  3573,  0, 0, 0, , 0, 0, 0, 0, 0,
57,  1,  57,  56,  -1,  472, 396,  142.0,  27,  Nuc1418749,  4443,  0, 0, 0, , 0, 0, 0, 0, 0,
58,  1,  58,  57,  -1,  479, 474,  139.0,  27,  Nuc1418828,  5740,  0, 0, 0, , 0, 0, 0, 0, 0,
59,  1,  59,  58,  -1,  556, 479,  139.0,  27,  Nuc1431479,  6607,  0, 0, 0, , 0, 0, 0, 0, 0,
60,  1,  60,  59,  -1,  435, 341,  166.0,  27,  Nuc1483198,  5553,  0, 0, 0, , 0, 0, 0, 0, 0,
61,  1,  61,  60,  -1,  404, 263,  147.0,  27,  Nuc1494695,  5274,  0, 0, 0, , 0, 0, 0, 0, 0,
62,  1,  62,  61,  -1,  653, 355,  151.0,  27,  Nuc1500701,  6534,  0, 0, 0, , 0, 0, 0, 0, 0,
63,  1,  63,  62,  -1,  580, 374,  126.0,  45,  Nuc1514841,  1065,  0, 0, 0, , 0, 0, 0, 0, 0,
64,  1,  63,  63,  -1,  577, 372,  137.0,  27,  Nuc1514844,  5719,  0, 0, 0, , 0, 0, 0, 0, 0,
65,  1,  64,  64,  -1,  516, 280,  146.0,  27,  Nuc1553335,  6603,  0, 0, 0, , 0, 0, 0, 0, 0,
66,  1,  65,  65,  -1,  550, 330,  162.0,  27,  Nuc1577589,  6988,  0, 0, 0, , 0, 0, 0, 0, 0,
67,  1,  66,  66,  -1,  641, 461,  142.0,  27,  Nuc1584558,  7513,  0, 0, 0, , 0, 0, 0, 0, 0,
68,  1,  67,  67,  -1,  623, 528,  158.0,  27,  Nuc1640547,  8437,  0, 0, 0, , 0, 0, 0, 0, 0,
69,  1,  68,  68,  -1,  662, 577,  153.0,  27,  Nuc1703065,  8056,  0, 0, 0, , 0, 0, 0, 0, 0,
70,  1,  69,  69,  -1,  542, 550,  151.0,  27,  Nuc1740591,  5833,  0, 0, 0, , 0, 0, 0, 0, 0,
71,  1,  70,  70,  -1,  463, 505,  161.0,  27,  Nuc1759736,  8804,  0, 0, 0, , 0, 0, 0, 0, 0,
72,  1,  71,  71,  -1,  328, 688,  157.0,  25,  Nuc1773148,  4199,  0, 0, 0, , 0, 0, 0, 0, 0,
73,  1,  72,  72,  -1,  358, 624,  171.0,  27,  Nuc1785237,  4017,  0, 0, 0, , 0, 0, 0, 0, 0,
74,  1,  73,  73,  -1,  436, 427,  174.0,  27,  Nuc1794091,  6566,  0, 0, 0, , 0, 0, 0, 0, 0,
75,  1,  74,  74,  -1,  537, 416,  174.0,  27,  Nuc1794436,  7233,  0, 0, 0, , 0, 0, 0, 0, 0,
76,  1,  75,  75,  -1,  658, 427,  168.0,  27,  Nuc1800301,  7739,  0, 0, 0, , 0, 0, 0, 0, 0,
77,  1,  76,  76,  -1,  700, 518,  170.0,  27,  Nuc1850275,  9813,  0, 0, 0, , 0, 0, 0, 0, 0,
78,  1,  77,  77,  -1,  717, 580,  168.0,  27,  Nuc1862187,  9543,  0, 0, 0, , 0, 0, 0, 0, 0,
79,  1,  78,  78,  -1,  427, 705,  172.0,  27,  Nuc1869363,  4316,  0, 0, 0, , 0, 0, 0, 0, 0,
80,  1,  79,  79,  -1,  606, 743,  162.0,  27,  Nuc1869970,  8174,  0, 0, 0, , 0, 0, 0, 0, 0,
81,  1,  80,  80,  -1,  521, 711,  172.0,  27,  Nuc1883014,  8348,  0, 0, 0, , 0, 0, 0, 0, 0,
82,  1,  81,  81,  -1,  650, 637,  169.0,  27,  Nuc1892126,  7487,  0, 0, 0, , 0, 0, 0, 0, 0,
83,  1,  82,  82,  -1,  563, 609,  175.0,  27,  Nuc1921250,  9256,  0, 0, 0, , 0, 0, 0, 0, 0,
84,  1,  83,  83,  -1,  616, 528,  179.0,  29,  Nuc1922053,  7538,  0, 0, 0, , 0, 0, 0, 0, 0,
85,  1,  84,  84,  85,  437, 607,  178.0,  27,  Nuc1923265,  6184,  0, 0, 0, , 0, 0, 0, 0, 0,
86,  1,  85,  86,  -1,  485, 657,  154.0,  25,  Nuc1934235,  4616,  0, 0, 0, , 0, 0, 0, 0, 0,
87,  1,  86,  87,  -1,  489, 571,  165.0,  23,  Nuc1934243,  2876,  0, 0, 0, , 0, 0, 0, 0, 0,
88,  1,  87,  88,  -1,  390, 551,  180.0,  27,  Nuc1953703,  4245,  0, 0, 0, , 0, 0, 0, 0, 0,
89,  1,  88,  89,  -1,  378, 485,  178.0,  25,  Nuc1954676,  3771,  0, 0, 0, , 0, 0, 0, 0, 0,
90,  1,  89,  90,  -1,  514, 558,  181.0,  27,  Nuc1954910,  9247,  0, 0, 0, , 0, 0, 0, 0, 0,
91,  1,  90,  91,  -1,  478, 495,  182.0,  27,  Nuc1968411,  7449,  0, 0, 0, , 0, 0, 0, 0, 0,
92,  1,  91,  92,  -1,  526, 616,  183.0,  53,  Nuc1968795,  1326,  0, 0, 0, , 0, 0, 0, 0, 0,
93,  1,  92,  93,  -1,  376, 774,  153.0,  27,  Nuc2009208,  5915,  0, 0, 0, , 0, 0, 0, 0, 0,
94,  1,  93,  94,  -1,  376, 931,  90.0,  27,  Nuc2012685,  3146,  0, 0, 0, , 0, 0, 0, 0, 0,
95,  1,  94,  95,  -1,  386, 872,  110.0,  25,  Nuc2012700,  4272,  0, 0, 0, , 0, 0, 0, 0, 0,
96,  1,  95,  96,  -1,  610, 532,  169.0,  35,  Nuc2012745,  1721,  0, 0, 0, , 0, 0, 0, 0, 0,
97,  1,  96,  97,  -1,  561, 504,  165.0,  27,  Nuc2021717,  7481,  0, 0, 0, , 0, 0, 0, 0, 0,
98,  1,  97,  98,  -1,  356, 399,  164.0,  25,  Nuc2064233,  3056,  0, 0, 0, , 0, 0, 0, 0, 0,
99,  1,  98,  99,  -1,  229, 426,  144.0,  27,  Nuc2064244,  4121,  0, 0, 0, , 0, 0, 0, 0, 0,
100,  1,  99,  100,  -1,  245, 341,  138.0,  27,  Nuc2064250,  3149,  0, 0, 0, , 0, 0, 0, 0, 0,
101,  1,  100,  101,  -1,  307, 363,  129.0,  29,  Nuc2064256,  2724,  0, 0, 0, , 0, 0, 0, 0, 0,
102,  1,  101,  -1,  -1,  313, 417,  151.0,  25,  Nuc2064263,  2054,  0, 0, 0, , 0, 0, 0, 0, 0,
103,  1,  102,  102,  -1,  323, 320,  150.0,  27,  Nuc2064267,  3768,  0, 0, 0, , 0, 0, 0, 0, 0,
104,  1,  103,  103,  -1,  290, 587,  138.0,  27,  Nuc2064524,  3685,  0, 0, 0, , 0, 0, 0, 0, 0,
105,  1,  104,  104,  -1,  241, 632,  148.0,  27,  Nuc2064529,  4529,  0, 0, 0, , 0, 0, 0, 0, 0,
106,  1,  105,  105,  -1,  258, 738,  125.0,  27,  Nuc2064723,  2584,  0, 0, 0, , 0, 0, 0, 0, 0,
107,  1,  106,  106,  -1,  275, 711,  144.0,  27,  Nuc2064733,  5203,  0, 0, 0, , 0, 0, 0, 0, 0,
108,  1,  107,  107,  -1,  288, 499,  135.0,  29,  Nuc2064748,  2344,  0, 0, 0, , 0, 0, 0, 0, 0,
109,  1,  108,  108,  -1,  307, 547,  166.0,  27,  Nuc2064756,  2980,  0, 0, 0, , 0, 0, 0, 0, 0,
110,  1,  109,  109,  -1,  287, 592,  156.0,  27,  Nuc2064764,  3944,  0, 0, 0, , 0, 0, 0, 0, 0,
111,  1,  110,  110,  -1,  273, 487,  163.0,  27,  Nuc2064778,  3162,  0, 0, 0, , 0, 0, 0, 0, 0,
112,  1,  111,  111,  -1,  214, 539,  146.0,  27,  Nuc2064788,  4508,  0, 0, 0, , 0, 0, 0, 0, 0,
