1,  1,  1,  1,  -1,  494, 965,  83.0,  29,  Nuc33,  4596,  0, 0, 0, , 0, 0, 0, 0, 0,
2,  1,  2,  2,  -1,  438, 923,  103.0,  27,  Nuc9491,  5912,  0, 0, 0, , 0, 0, 0, 0, 0,
3,  1,  3,  3,  -1,  712, 904,  103.0,  27,  Nuc29640,  6246,  0, 0, 0, , 0, 0, 0, 0, 0,
4,  1,  4,  4,  -1,  628, 956,  87.0,  29,  Nuc47855,  4810,  0, 0, 0, , 0, 0, 0, 0, 0,
5,  1,  5,  5,  -1,  596, 851,  122.0,  27,  Nuc63952,  5891,  0, 0, 0, , 0, 0, 0, 0, 0,
6,  1,  6,  6,  -1,  572, 925,  107.0,  27,  Nuc69313,  5522,  0, 0, 0, , 0, 0, 0, 0, 0,
7,  1,  7,  7,  -1,  487, 835,  120.0,  27,  Nuc90563,  5236,  0, 0, 0, , 0, 0, 0, 0, 0,
8,  1,  8,  8,  -1,  503, 901,  122.0,  27,  Nuc144285,  5176,  0, 0, 0, , 0, 0, 0, 0, 0,
9,  1,  9,  9,  -1,  311, 200,  113.0,  27,  Nuc152735,  4261,  0, 0, 0, , 0, 0, 0, 0, 0,
10,  1,  10,  10,  -1,  313, 263,  127.0,  27,  Nuc152786,  4525,  0, 0, 0, , 0, 0, 0, 0, 0,
11,  1,  11,  11,  -1,  688, 822,  124.0,  27,  Nuc152879,  6023,  0, 0, 0, , 0, 0, 0, 0, 0,
12,  1,  12,  12,  -1,  656, 804,  144.0,  27,  Nuc190534,  7364,  0, 0, 0, , 0, 0, 0, 0, 0,
13,  1,  13,  13,  -1,  846, 829,  99.0,  27,  Nuc209732,  6899,  0, 0, 0, , 0, 0, 0, 0, 0,
14,  1,  14,  14,  -1,  768, 837,  114.0,  27,  Nuc230347,  6496,  0, 0, 0, , 0, 0, 0, 0, 0,
15,  1,  15,  15,  -1,  745, 206,  106.0,  29,  Nuc251853,  4559,  0, 0, 0, , 0, 0, 0, 0, 0,
16,  1,  16,  16,  -1,  667, 225,  128.0,  27,  Nuc264726,  4991,  0, 0, 0, , 0, 0, 0, 0, 0,
17,  1,  17,  17,  -1,  580, 239,  135.0,  27,  Nuc274954,  5965,  0, 0, 0, , 0, 0, 0, 0, 0,
18,  1,  18,  18,  -1,  594, 164,  111.0,  27,  Nuc293726,  4434,  0, 0, 0, , 0, 0, 0, 0, 0,
19,  1,  19,  19,  -1,  903, 365,  106.0,  31,  Nuc314292,  5705,  0, 0, 0, , 0, 0, 0, 0, 0,
20,  1,  20,  20,  -1,  825, 344,  125.0,  29,  Nuc343644,  6021,  0, 0, 0, , 0, 0, 0, 0, 0,
21,  1,  21,  21,  -1,  754, 374,  142.0,  27,  Nuc370576,  6607,  0, 0, 0, , 0, 0, 0, 0, 0,
22,  1,  22,  22,  -1,  730, 288,  132.0,  27,  Nuc406943,  6435,  0, 0, 0, , 0, 0, 0, 0, 0,
23,  1,  23,  23,  -1,  400, 163,  112.0,  27,  Nuc445481,  3680,  0, 0, 0, , 0, 0, 0, 0, 0,
24,  1,  24,  24,  -1,  418, 330,  130.0,  25,  Nuc451807,  4567,  0, 0, 0, , 0, 0, 0, 0, 0,
25,  1,  25,  25,  -1,  397, 246,  126.0,  27,  Nuc451816,  4095,  0, 0, 0, , 0, 0, 0, 0, 0,
26,  1,  26,  26,  -1,  489, 154,  112.0,  27,  Nuc454647,  4869,  0, 0, 0, , 0, 0, 0, 0, 0,
27,  1,  27,  27,  -1,  482, 216,  132.0,  27,  Nuc460123,  5790,  0, 0, 0, , 0, 0, 0, 0, 0,
28,  1,  28,  28,  -1,  930, 660,  111.0,  27,  Nuc466265,  7364,  0, 0, 0, , 0, 0, 0, 0, 0,
29,  1,  29,  29,  -1,  869, 735,  116.0,  27,  Nuc497631,  7348,  0, 0, 0, , 0, 0, 0, 0, 0,
30,  1,  30,  30,  -1,  783, 729,  131.0,  27,  Nuc546691,  6381,  0, 0, 0, , 0, 0, 0, 0, 0,
31,  1,  31,  31,  -1,  712, 720,  151.0,  27,  Nuc606105,  7749,  0, 0, 0, , 0, 0, 0, 0, 0,
32,  1,  33,  32,  -1,  358, 830,  124.0,  27,  Nuc682016,  5072,  0, 0, 0, , 0, 0, 0, 0, 0,
33,  1,  34,  33,  -1,  417, 846,  139.0,  27,  Nuc701649,  5074,  0, 0, 0, , 0, 0, 0, 0, 0,
34,  1,  35,  34,  -1,  917, 480,  123.0,  27,  Nuc701779,  6324,  0, 0, 0, , 0, 0, 0, 0, 0,
35,  1,  36,  35,  -1,  843, 495,  141.0,  27,  Nuc736741,  7155,  0, 0, 0, , 0, 0, 0, 0, 0,
36,  1,  37,  36,  -1,  746, 530,  139.0,  27,  Nuc765524,  7098,  0, 0, 0, , 0, 0, 0, 0, 0,
37,  1,  38,  37,  -1,  762, 469,  157.0,  27,  Nuc781796,  8053,  0, 0, 0, , 0, 0, 0, 0, 0,
38,  1,  39,  38,  -1,  863, 604,  133.0,  27,  Nuc799495,  7135,  0, 0, 0, , 0, 0, 0, 0, 0,
39,  1,  40,  39,  -1,  946, 567,  116.0,  29,  Nuc895706,  7478,  0, 0, 0, , 0, 0, 0, 0, 0,
40,  1,  41,  40,  -1,  767, 626,  136.0,  27,  Nuc911870,  7871,  0, 0, 0, , 0, 0, 0, 0, 0,
41,  1,  42,  41,  -1,  768, 624,  158.0,  29,  Nuc952969,  8371,  0, 0, 0, , 0, 0, 0, 0, 0,
42,  1,  43,  42,  -1,  382, 640,  134.0,  27,  Nuc1024052,  7990,  0, 0, 0, , 0, 0, 0, 0, 0,
43,  1,  44,  43,  -1,  473, 614,  138.0,  27,  Nuc1024071,  4200,  0, 0, 0, , 0, 0, 0, 0, 0,
44,  1,  45,  44,  -1,  338, 726,  128.0,  27,  Nuc1057017,  2274,  0, 0, 0, , 0, 0, 0, 0, 0,
45,  1,  46,  45,  -1,  421, 762,  121.0,  27,  Nuc1057309,  5120,  0, 0, 0, , 0, 0, 0, 0, 0,
46,  1,  47,  46,  -1,  459, 712,  139.0,  27,  Nuc1057707,  6156,  0, 0, 0, , 0, 0, 0, 0, 0,
47,  1,  48,  47,  -1,  548, 680,  137.0,  27,  Nuc1057875,  4193,  0, 0, 0, , 0, 0, 0, 0, 0,
48,  1,  49,  48,  -1,  620, 726,  133.0,  27,  Nuc1102180,  5439,  0, 0, 0, , 0, 0, 0, 0, 0,
49,  1,  50,  49,  -1,  391, 550,  147.0,  27,  Nuc1208090,  5972,  0, 0, 0, , 0, 0, 0, 0, 0,
50,  1,  51,  50,  -1,  457, 535,  135.0,  29,  Nuc1208167,  5572,  0, 0, 0, , 0, 0, 0, 0, 0,
51,  1,  52,  51,  -1,  550, 824,  142.0,  27,  Nuc1210584,  5608,  0, 0, 0, , 0, 0, 0, 0, 0,
52,  1,  53,  52,  -1,  471, 799,  153.0,  27,  Nuc1247423,  5893,  0, 0, 0, , 0, 0, 0, 0, 0,
53,  1,  54,  53,  -1,  652, 640,  142.0,  27,  Nuc1272736,  8517,  0, 0, 0, , 0, 0, 0, 0, 0,
54,  1,  55,  54,  -1,  587, 558,  138.0,  29,  Nuc1336644,  6078,  0, 0, 0, , 0, 0, 0, 0, 0,
55,  1,  56,  55,  -1,  405, 460,  138.0,  27,  Nuc1418694,  3247,  0, 0, 0, , 0, 0, 0, 0, 0,
56,  1,  57,  56,  -1,  470, 392,  141.0,  27,  Nuc1418750,  3666,  0, 0, 0, , 0, 0, 0, 0, 0,
57,  1,  58,  57,  -1,  482, 471,  139.0,  29,  Nuc1418829,  5106,  0, 0, 0, , 0, 0, 0, 0, 0,
58,  1,  59,  58,  -1,  558, 478,  138.0,  27,  Nuc1431480,  6130,  0, 0, 0, , 0, 0, 0, 0, 0,
59,  1,  60,  59,  -1,  432, 342,  166.0,  27,  Nuc1483199,  4688,  0, 0, 0, , 0, 0, 0, 0, 0,
60,  1,  61,  60,  -1,  402, 267,  147.0,  27,  Nuc1494696,  4666,  0, 0, 0, , 0, 0, 0, 0, 0,
61,  1,  62,  61,  -1,  652, 356,  152.0,  27,  Nuc1500702,  5471,  0, 0, 0, , 0, 0, 0, 0, 0,
62,  1,  63,  62,  -1,  575, 372,  126.0,  45,  Nuc1514842,  775,  0, 0, 0, , 0, 0, 0, 0, 0,
63,  1,  64,  63,  -1,  575, 372,  136.0,  29,  Nuc1514845,  5880,  0, 0, 0, , 0, 0, 0, 0, 0,
64,  1,  65,  64,  -1,  516, 284,  147.0,  25,  Nuc1553336,  5929,  0, 0, 0, , 0, 0, 0, 0, 0,
65,  1,  66,  65,  -1,  547, 329,  161.0,  27,  Nuc1577590,  6372,  0, 0, 0, , 0, 0, 0, 0, 0,
66,  1,  67,  66,  -1,  644, 457,  142.0,  27,  Nuc1584559,  7315,  0, 0, 0, , 0, 0, 0, 0, 0,
67,  1,  68,  67,  -1,  624, 525,  158.0,  27,  Nuc1640548,  8609,  0, 0, 0, , 0, 0, 0, 0, 0,
68,  1,  69,  68,  -1,  664, 577,  152.0,  27,  Nuc1703066,  7870,  0, 0, 0, , 0, 0, 0, 0, 0,
69,  1,  70,  69,  -1,  541, 550,  152.0,  27,  Nuc1740592,  5252,  0, 0, 0, , 0, 0, 0, 0, 0,
70,  1,  71,  70,  -1,  467, 506,  161.0,  27,  Nuc1759737,  9598,  0, 0, 0, , 0, 0, 0, 0, 0,
71,  1,  72,  71,  -1,  331, 688,  161.0,  25,  Nuc1773149,  3646,  0, 0, 0, , 0, 0, 0, 0, 0,
72,  1,  73,  72,  -1,  357, 624,  170.0,  27,  Nuc1785238,  3804,  0, 0, 0, , 0, 0, 0, 0, 0,
73,  1,  74,  73,  -1,  432, 425,  173.0,  27,  Nuc1794092,  6515,  0, 0, 0, , 0, 0, 0, 0, 0,
74,  1,  75,  74,  -1,  536, 415,  172.0,  27,  Nuc1794437,  6435,  0, 0, 0, , 0, 0, 0, 0, 0,
75,  1,  76,  75,  -1,  655, 426,  168.0,  27,  Nuc1800302,  6741,  0, 0, 0, , 0, 0, 0, 0, 0,
76,  1,  77,  76,  -1,  700, 517,  170.0,  27,  Nuc1850276,  10048,  0, 0, 0, , 0, 0, 0, 0, 0,
77,  1,  78,  77,  -1,  715, 582,  167.0,  27,  Nuc1862188,  9743,  0, 0, 0, , 0, 0, 0, 0, 0,
78,  1,  79,  78,  -1,  431, 705,  171.0,  27,  Nuc1869364,  5259,  0, 0, 0, , 0, 0, 0, 0, 0,
79,  1,  80,  79,  -1,  606, 743,  162.0,  27,  Nuc1869971,  7534,  0, 0, 0, , 0, 0, 0, 0, 0,
80,  1,  81,  80,  -1,  521, 709,  172.0,  27,  Nuc1883015,  7757,  0, 0, 0, , 0, 0, 0, 0, 0,
81,  1,  82,  81,  -1,  650, 635,  169.0,  25,  Nuc1892127,  6254,  0, 0, 0, , 0, 0, 0, 0, 0,
82,  1,  83,  82,  -1,  563, 608,  174.0,  27,  Nuc1921251,  7071,  0, 0, 0, , 0, 0, 0, 0, 0,
83,  1,  84,  83,  -1,  616, 527,  178.0,  25,  Nuc1922054,  6605,  0, 0, 0, , 0, 0, 0, 0, 0,
84,  1,  85,  84,  -1,  489, 613,  184.0,  41,  Nuc1923266,  910,  0, 0, 0, , 0, 0, 0, 0, 0,
85,  1,  85,  85,  -1,  439, 609,  177.0,  27,  Nuc1923268,  6429,  0, 0, 0, , 0, 0, 0, 0, 0,
86,  1,  86,  86,  -1,  488, 655,  154.0,  25,  Nuc1934236,  4993,  0, 0, 0, , 0, 0, 0, 0, 0,
87,  1,  87,  87,  -1,  488, 574,  164.0,  25,  Nuc1934244,  3634,  0, 0, 0, , 0, 0, 0, 0, 0,
88,  1,  88,  88,  -1,  391, 553,  180.0,  27,  Nuc1953704,  4677,  0, 0, 0, , 0, 0, 0, 0, 0,
89,  1,  89,  89,  -1,  380, 485,  178.0,  25,  Nuc1954677,  3873,  0, 0, 0, , 0, 0, 0, 0, 0,
90,  1,  90,  90,  -1,  516, 558,  181.0,  27,  Nuc1954911,  6894,  0, 0, 0, , 0, 0, 0, 0, 0,
91,  1,  91,  91,  -1,  479, 494,  182.0,  25,  Nuc1968412,  6029,  0, 0, 0, , 0, 0, 0, 0, 0,
92,  1,  92,  92,  -1,  528, 618,  183.0,  57,  Nuc1968796,  4100,  0, 0, 0, , 0, 0, 0, 0, 0,
93,  1,  93,  93,  -1,  376, 773,  152.0,  27,  Nuc2009209,  5099,  0, 0, 0, , 0, 0, 0, 0, 0,
94,  1,  94,  94,  -1,  376, 930,  92.0,  27,  Nuc2012686,  3321,  0, 0, 0, , 0, 0, 0, 0, 0,
95,  1,  95,  95,  -1,  385, 870,  112.0,  27,  Nuc2012701,  4411,  0, 0, 0, , 0, 0, 0, 0, 0,
96,  1,  96,  96,  -1,  606, 532,  168.0,  31,  Nuc2012746,  1627,  0, 0, 0, , 0, 0, 0, 0, 0,
97,  1,  97,  97,  -1,  562, 504,  165.0,  25,  Nuc2021718,  7892,  0, 0, 0, , 0, 0, 0, 0, 0,
98,  1,  98,  98,  -1,  356, 398,  164.0,  25,  Nuc2064234,  2542,  0, 0, 0, , 0, 0, 0, 0, 0,
99,  1,  99,  99,  -1,  229, 426,  145.0,  27,  Nuc2064245,  2603,  0, 0, 0, , 0, 0, 0, 0, 0,
100,  1,  100,  -1,  -1,  247, 343,  139.0,  27,  Nuc2064251,  2896,  0, 0, 0, , 0, 0, 0, 0, 0,
101,  1,  101,  -1,  -1,  305, 360,  132.0,  25,  Nuc2064257,  3534,  0, 0, 0, , 0, 0, 0, 0, 0,
102,  1,  103,  100,  -1,  324, 318,  151.0,  27,  Nuc2064268,  3161,  0, 0, 0, , 0, 0, 0, 0, 0,
103,  1,  104,  -1,  -1,  293, 585,  138.0,  27,  Nuc2064525,  2919,  0, 0, 0, , 0, 0, 0, 0, 0,
104,  1,  105,  101,  -1,  241, 636,  152.0,  29,  Nuc2064530,  3082,  0, 0, 0, , 0, 0, 0, 0, 0,
105,  1,  106,  102,  103,  258, 737,  124.0,  27,  Nuc2064724,  2844,  0, 0, 0, , 0, 0, 0, 0, 0,
106,  1,  107,  104,  -1,  275, 710,  143.0,  27,  Nuc2064734,  4946,  0, 0, 0, , 0, 0, 0, 0, 0,
107,  1,  108,  -1,  -1,  290, 500,  135.0,  29,  Nuc2064749,  2797,  0, 0, 0, , 0, 0, 0, 0, 0,
108,  1,  109,  105,  -1,  307, 545,  166.0,  25,  Nuc2064757,  3511,  0, 0, 0, , 0, 0, 0, 0, 0,
109,  1,  110,  106,  -1,  289, 591,  156.0,  27,  Nuc2064765,  3883,  0, 0, 0, , 0, 0, 0, 0, 0,
110,  1,  111,  107,  -1,  271, 490,  164.0,  29,  Nuc2064779,  3541,  0, 0, 0, , 0, 0, 0, 0, 0,
111,  1,  112,  108,  -1,  213, 537,  146.0,  27,  Nuc2064789,  3754,  0, 0, 0, , 0, 0, 0, 0, 0,
