1,  1,  1,  1,  -1,  494, 966,  83.0,  29,  Nuc34,  4500,  0, 0, 0, , 0, 0, 0, 0, 0,
2,  1,  2,  2,  -1,  439, 921,  102.0,  29,  Nuc9492,  5335,  0, 0, 0, , 0, 0, 0, 0, 0,
3,  1,  3,  3,  -1,  711, 903,  103.0,  29,  Nuc29641,  6528,  0, 0, 0, , 0, 0, 0, 0, 0,
4,  1,  4,  4,  -1,  630, 956,  86.0,  29,  Nuc47856,  5004,  0, 0, 0, , 0, 0, 0, 0, 0,
5,  1,  5,  5,  -1,  598, 850,  122.0,  27,  Nuc63953,  5631,  0, 0, 0, , 0, 0, 0, 0, 0,
6,  1,  6,  6,  -1,  575, 924,  107.0,  27,  Nuc69314,  5854,  0, 0, 0, , 0, 0, 0, 0, 0,
7,  1,  7,  7,  -1,  488, 836,  119.0,  27,  Nuc90564,  4634,  0, 0, 0, , 0, 0, 0, 0, 0,
8,  1,  8,  8,  -1,  504, 900,  122.0,  29,  Nuc144286,  4442,  0, 0, 0, , 0, 0, 0, 0, 0,
9,  1,  9,  9,  -1,  313, 198,  113.0,  27,  Nuc152736,  4722,  0, 0, 0, , 0, 0, 0, 0, 0,
10,  1,  10,  10,  -1,  313, 261,  127.0,  27,  Nuc152787,  3940,  0, 0, 0, , 0, 0, 0, 0, 0,
11,  1,  11,  11,  -1,  685, 820,  124.0,  27,  Nuc152880,  6138,  0, 0, 0, , 0, 0, 0, 0, 0,
12,  1,  12,  12,  -1,  655, 807,  144.0,  27,  Nuc190535,  6449,  0, 0, 0, , 0, 0, 0, 0, 0,
13,  1,  13,  13,  -1,  845, 828,  99.0,  27,  Nuc209733,  6334,  0, 0, 0, , 0, 0, 0, 0, 0,
14,  1,  14,  14,  -1,  771, 837,  114.0,  27,  Nuc230348,  6755,  0, 0, 0, , 0, 0, 0, 0, 0,
15,  1,  15,  15,  -1,  743, 205,  105.0,  29,  Nuc251854,  5559,  0, 0, 0, , 0, 0, 0, 0, 0,
16,  1,  16,  16,  -1,  666, 225,  129.0,  27,  Nuc264727,  5924,  0, 0, 0, , 0, 0, 0, 0, 0,
17,  1,  17,  17,  -1,  582, 241,  135.0,  27,  Nuc274955,  5911,  0, 0, 0, , 0, 0, 0, 0, 0,
18,  1,  18,  18,  -1,  594, 165,  111.0,  29,  Nuc293727,  4580,  0, 0, 0, , 0, 0, 0, 0, 0,
19,  1,  19,  19,  -1,  902, 364,  106.0,  31,  Nuc314293,  6241,  0, 0, 0, , 0, 0, 0, 0, 0,
20,  1,  20,  20,  -1,  824, 344,  125.0,  29,  Nuc343645,  6162,  0, 0, 0, , 0, 0, 0, 0, 0,
21,  1,  21,  21,  -1,  752, 373,  141.0,  27,  Nuc370577,  5529,  0, 0, 0, , 0, 0, 0, 0, 0,
22,  1,  22,  22,  -1,  730, 288,  132.0,  29,  Nuc406944,  6499,  0, 0, 0, , 0, 0, 0, 0, 0,
23,  1,  23,  23,  -1,  400, 162,  113.0,  29,  Nuc445482,  4335,  0, 0, 0, , 0, 0, 0, 0, 0,
24,  1,  24,  24,  -1,  416, 328,  130.0,  23,  Nuc451808,  4084,  0, 0, 0, , 0, 0, 0, 0, 0,
25,  1,  25,  25,  -1,  396, 245,  126.0,  27,  Nuc451817,  3791,  0, 0, 0, , 0, 0, 0, 0, 0,
26,  1,  26,  26,  -1,  487, 153,  113.0,  29,  Nuc454648,  4598,  0, 0, 0, , 0, 0, 0, 0, 0,
27,  1,  27,  27,  -1,  483, 218,  133.0,  27,  Nuc460124,  4888,  0, 0, 0, , 0, 0, 0, 0, 0,
28,  1,  28,  28,  -1,  930, 660,  112.0,  27,  Nuc466266,  7446,  0, 0, 0, , 0, 0, 0, 0, 0,
29,  1,  29,  29,  -1,  869, 735,  116.0,  27,  Nuc497632,  6979,  0, 0, 0, , 0, 0, 0, 0, 0,
30,  1,  30,  30,  -1,  781, 727,  131.0,  27,  Nuc546692,  6128,  0, 0, 0, , 0, 0, 0, 0, 0,
31,  1,  31,  31,  -1,  712, 719,  151.0,  27,  Nuc606106,  7599,  0, 0, 0, , 0, 0, 0, 0, 0,
32,  1,  32,  32,  -1,  358, 828,  123.0,  25,  Nuc682017,  4146,  0, 0, 0, , 0, 0, 0, 0, 0,
33,  1,  33,  33,  -1,  418, 849,  139.0,  27,  Nuc701650,  3901,  0, 0, 0, , 0, 0, 0, 0, 0,
34,  1,  34,  34,  -1,  918, 478,  123.0,  29,  Nuc701780,  7214,  0, 0, 0, , 0, 0, 0, 0, 0,
35,  1,  35,  35,  -1,  843, 493,  141.0,  29,  Nuc736742,  7025,  0, 0, 0, , 0, 0, 0, 0, 0,
36,  1,  36,  36,  -1,  749, 527,  139.0,  27,  Nuc765525,  6595,  0, 0, 0, , 0, 0, 0, 0, 0,
37,  1,  37,  37,  -1,  764, 468,  157.0,  25,  Nuc781797,  6930,  0, 0, 0, , 0, 0, 0, 0, 0,
38,  1,  38,  38,  -1,  864, 603,  133.0,  27,  Nuc799496,  7261,  0, 0, 0, , 0, 0, 0, 0, 0,
39,  1,  39,  39,  -1,  946, 568,  116.0,  29,  Nuc895707,  7876,  0, 0, 0, , 0, 0, 0, 0, 0,
40,  1,  40,  40,  -1,  764, 628,  136.0,  27,  Nuc911871,  6743,  0, 0, 0, , 0, 0, 0, 0, 0,
41,  1,  41,  41,  -1,  771, 624,  158.0,  27,  Nuc952970,  7447,  0, 0, 0, , 0, 0, 0, 0, 0,
42,  1,  42,  42,  43,  390, 634,  135.0,  27,  Nuc1024053,  4811,  0, 0, 0, , 0, 0, 0, 0, 0,
43,  1,  43,  44,  -1,  474, 613,  138.0,  27,  Nuc1024072,  3534,  0, 0, 0, , 0, 0, 0, 0, 0,
44,  1,  44,  45,  -1,  336, 723,  129.0,  25,  Nuc1057018,  1777,  0, 0, 0, , 0, 0, 0, 0, 0,
45,  1,  45,  46,  -1,  422, 759,  123.0,  25,  Nuc1057310,  5550,  0, 0, 0, , 0, 0, 0, 0, 0,
46,  1,  46,  47,  -1,  457, 714,  138.0,  27,  Nuc1057708,  4330,  0, 0, 0, , 0, 0, 0, 0, 0,
47,  1,  47,  48,  -1,  556, 681,  136.0,  27,  Nuc1057876,  3646,  0, 0, 0, , 0, 0, 0, 0, 0,
48,  1,  48,  49,  -1,  617, 723,  131.0,  25,  Nuc1102181,  4788,  0, 0, 0, , 0, 0, 0, 0, 0,
49,  1,  49,  50,  -1,  398, 548,  149.0,  27,  Nuc1208091,  4778,  0, 0, 0, , 0, 0, 0, 0, 0,
50,  1,  50,  51,  -1,  460, 538,  135.0,  27,  Nuc1208168,  4738,  0, 0, 0, , 0, 0, 0, 0, 0,
51,  1,  51,  52,  -1,  551, 823,  142.0,  27,  Nuc1210585,  4936,  0, 0, 0, , 0, 0, 0, 0, 0,
52,  1,  52,  53,  -1,  471, 799,  153.0,  27,  Nuc1247424,  4614,  0, 0, 0, , 0, 0, 0, 0, 0,
53,  1,  53,  54,  -1,  651, 639,  141.0,  27,  Nuc1272737,  7251,  0, 0, 0, , 0, 0, 0, 0, 0,
54,  1,  54,  55,  -1,  591, 560,  137.0,  27,  Nuc1336645,  5489,  0, 0, 0, , 0, 0, 0, 0, 0,
55,  1,  55,  56,  -1,  406, 460,  138.0,  27,  Nuc1418695,  3071,  0, 0, 0, , 0, 0, 0, 0, 0,
56,  1,  56,  57,  -1,  470, 391,  141.0,  27,  Nuc1418751,  3459,  0, 0, 0, , 0, 0, 0, 0, 0,
57,  1,  57,  58,  -1,  487, 471,  139.0,  29,  Nuc1418830,  5283,  0, 0, 0, , 0, 0, 0, 0, 0,
58,  1,  58,  59,  -1,  564, 481,  138.0,  27,  Nuc1431481,  5183,  0, 0, 0, , 0, 0, 0, 0, 0,
59,  1,  59,  60,  -1,  433, 344,  166.0,  27,  Nuc1483200,  4868,  0, 0, 0, , 0, 0, 0, 0, 0,
60,  1,  60,  61,  -1,  401, 265,  148.0,  27,  Nuc1494697,  4620,  0, 0, 0, , 0, 0, 0, 0, 0,
61,  1,  61,  62,  -1,  653, 355,  150.0,  27,  Nuc1500703,  5128,  0, 0, 0, , 0, 0, 0, 0, 0,
62,  1,  62,  -1,  -1,  575, 371,  126.0,  49,  Nuc1514843,  976,  0, 0, 0, , 0, 0, 0, 0, 0,
63,  1,  63,  63,  -1,  576, 372,  137.0,  25,  Nuc1514846,  4608,  0, 0, 0, , 0, 0, 0, 0, 0,
64,  1,  64,  64,  -1,  520, 290,  148.0,  25,  Nuc1553337,  5482,  0, 0, 0, , 0, 0, 0, 0, 0,
65,  1,  65,  65,  -1,  546, 328,  161.0,  25,  Nuc1577591,  6894,  0, 0, 0, , 0, 0, 0, 0, 0,
66,  1,  66,  66,  -1,  649, 455,  142.0,  27,  Nuc1584560,  6306,  0, 0, 0, , 0, 0, 0, 0, 0,
67,  1,  67,  67,  -1,  630, 527,  157.0,  27,  Nuc1640549,  8960,  0, 0, 0, , 0, 0, 0, 0, 0,
68,  1,  68,  68,  -1,  667, 577,  152.0,  27,  Nuc1703067,  7192,  0, 0, 0, , 0, 0, 0, 0, 0,
69,  1,  69,  69,  -1,  548, 553,  152.0,  25,  Nuc1740593,  5547,  0, 0, 0, , 0, 0, 0, 0, 0,
70,  1,  70,  70,  71,  475, 505,  160.0,  27,  Nuc1759738,  7554,  0, 0, 0, , 0, 0, 0, 0, 0,
71,  1,  71,  72,  -1,  331, 692,  157.0,  25,  Nuc1773150,  5147,  0, 0, 0, , 0, 0, 0, 0, 0,
72,  1,  72,  73,  -1,  361, 627,  170.0,  25,  Nuc1785239,  4643,  0, 0, 0, , 0, 0, 0, 0, 0,
73,  1,  73,  74,  -1,  434, 425,  173.0,  27,  Nuc1794093,  6985,  0, 0, 0, , 0, 0, 0, 0, 0,
74,  1,  74,  75,  -1,  538, 416,  172.0,  27,  Nuc1794438,  6178,  0, 0, 0, , 0, 0, 0, 0, 0,
75,  1,  75,  76,  -1,  654, 423,  167.0,  25,  Nuc1800303,  6409,  0, 0, 0, , 0, 0, 0, 0, 0,
76,  1,  76,  77,  -1,  700, 518,  171.0,  27,  Nuc1850277,  8931,  0, 0, 0, , 0, 0, 0, 0, 0,
77,  1,  77,  78,  -1,  716, 583,  167.0,  27,  Nuc1862189,  9700,  0, 0, 0, , 0, 0, 0, 0, 0,
78,  1,  78,  79,  -1,  431, 705,  171.0,  27,  Nuc1869365,  5355,  0, 0, 0, , 0, 0, 0, 0, 0,
79,  1,  79,  80,  -1,  607, 745,  163.0,  27,  Nuc1869972,  6945,  0, 0, 0, , 0, 0, 0, 0, 0,
80,  1,  80,  81,  -1,  521, 710,  173.0,  27,  Nuc1883016,  7272,  0, 0, 0, , 0, 0, 0, 0, 0,
81,  1,  81,  82,  -1,  653, 636,  168.0,  25,  Nuc1892128,  6209,  0, 0, 0, , 0, 0, 0, 0, 0,
82,  1,  82,  83,  -1,  564, 606,  174.0,  27,  Nuc1921252,  7702,  0, 0, 0, , 0, 0, 0, 0, 0,
83,  1,  83,  84,  -1,  616, 526,  178.0,  25,  Nuc1922055,  6753,  0, 0, 0, , 0, 0, 0, 0, 0,
84,  1,  84,  -1,  -1,  488, 611,  184.0,  39,  Nuc1923267,  762,  0, 0, 0, , 0, 0, 0, 0, 0,
85,  1,  85,  85,  -1,  438, 611,  178.0,  27,  Nuc1923269,  6416,  0, 0, 0, , 0, 0, 0, 0, 0,
86,  1,  86,  86,  -1,  490, 657,  153.0,  25,  Nuc1934237,  4597,  0, 0, 0, , 0, 0, 0, 0, 0,
87,  1,  87,  87,  -1,  490, 574,  165.0,  23,  Nuc1934245,  3721,  0, 0, 0, , 0, 0, 0, 0, 0,
88,  1,  88,  88,  -1,  392, 554,  180.0,  27,  Nuc1953705,  4873,  0, 0, 0, , 0, 0, 0, 0, 0,
89,  1,  89,  89,  -1,  377, 485,  178.0,  25,  Nuc1954678,  3975,  0, 0, 0, , 0, 0, 0, 0, 0,
90,  1,  90,  90,  -1,  516, 558,  181.0,  27,  Nuc1954912,  7026,  0, 0, 0, , 0, 0, 0, 0, 0,
91,  1,  91,  91,  -1,  478, 494,  183.0,  27,  Nuc1968413,  6743,  0, 0, 0, , 0, 0, 0, 0, 0,
92,  1,  92,  92,  -1,  529, 615,  183.0,  57,  Nuc1968797,  4253,  0, 0, 0, , 0, 0, 0, 0, 0,
93,  1,  93,  93,  -1,  378, 776,  152.0,  27,  Nuc2009210,  4910,  0, 0, 0, , 0, 0, 0, 0, 0,
94,  1,  94,  94,  -1,  377, 930,  93.0,  27,  Nuc2012687,  3505,  0, 0, 0, , 0, 0, 0, 0, 0,
95,  1,  95,  95,  -1,  386, 868,  112.0,  27,  Nuc2012702,  4458,  0, 0, 0, , 0, 0, 0, 0, 0,
96,  1,  96,  96,  -1,  607, 532,  168.0,  33,  Nuc2012747,  791,  0, 0, 0, , 0, 0, 0, 0, 0,
97,  1,  97,  97,  -1,  563, 505,  164.0,  23,  Nuc2021719,  6933,  0, 0, 0, , 0, 0, 0, 0, 0,
98,  1,  98,  -1,  -1,  355, 397,  165.0,  23,  Nuc2064235,  2340,  0, 0, 0, , 0, 0, 0, 0, 0,
99,  1,  99,  -1,  -1,  230, 426,  145.0,  25,  Nuc2064246,  1917,  0, 0, 0, , 0, 0, 0, 0, 0,
100,  1,  102,  98,  -1,  328, 314,  151.0,  27,  Nuc2064269,  3135,  0, 0, 0, , 0, 0, 0, 0, 0,
101,  1,  104,  99,  -1,  243, 637,  153.0,  27,  Nuc2064531,  1769,  0, 0, 0, , 0, 0, 0, 0, 0,
102,  1,  105,  100,  -1,  307, 806,  117.0,  29,  Nuc2064725,  1393,  0, 0, 0, , 0, 0, 0, 0, 0,
103,  1,  105,  101,  -1,  256, 735,  124.0,  27,  Nuc2064727,  2257,  0, 0, 0, , 0, 0, 0, 0, 0,
104,  1,  106,  102,  -1,  275, 712,  144.0,  27,  Nuc2064735,  4420,  0, 0, 0, , 0, 0, 0, 0, 0,
105,  1,  108,  103,  -1,  311, 546,  167.0,  25,  Nuc2064758,  2533,  0, 0, 0, , 0, 0, 0, 0, 0,
106,  1,  109,  104,  105,  288, 594,  155.0,  25,  Nuc2064766,  3276,  0, 0, 0, , 0, 0, 0, 0, 0,
107,  1,  110,  106,  -1,  271, 491,  166.0,  29,  Nuc2064780,  2659,  0, 0, 0, , 0, 0, 0, 0, 0,
108,  1,  111,  107,  -1,  210, 539,  147.0,  27,  Nuc2064790,  2002,  0, 0, 0, , 0, 0, 0, 0, 0,
