1,  1,  1,  1,  -1,  493, 966,  83.0,  29,  Nuc35,  4937,  0, 0, 0, , 0, 0, 0, 0, 0,
2,  1,  2,  2,  -1,  441, 921,  103.0,  29,  Nuc9493,  5039,  0, 0, 0, , 0, 0, 0, 0, 0,
3,  1,  3,  3,  -1,  712, 901,  103.0,  27,  Nuc29642,  6421,  0, 0, 0, , 0, 0, 0, 0, 0,
4,  1,  4,  4,  -1,  633, 956,  87.0,  29,  Nuc47857,  5003,  0, 0, 0, , 0, 0, 0, 0, 0,
5,  1,  5,  5,  -1,  603, 846,  121.0,  25,  Nuc63954,  4669,  0, 0, 0, , 0, 0, 0, 0, 0,
6,  1,  6,  6,  -1,  576, 923,  106.0,  27,  Nuc69315,  4687,  0, 0, 0, , 0, 0, 0, 0, 0,
7,  1,  7,  7,  -1,  490, 838,  120.0,  25,  Nuc90565,  4406,  0, 0, 0, , 0, 0, 0, 0, 0,
8,  1,  8,  8,  -1,  504, 899,  122.0,  29,  Nuc144287,  4538,  0, 0, 0, , 0, 0, 0, 0, 0,
9,  1,  9,  9,  -1,  311, 198,  113.0,  27,  Nuc152737,  3341,  0, 0, 0, , 0, 0, 0, 0, 0,
10,  1,  10,  10,  11,  316, 257,  127.0,  27,  Nuc152788,  3658,  0, 0, 0, , 0, 0, 0, 0, 0,
11,  1,  11,  12,  -1,  683, 818,  124.0,  25,  Nuc152881,  5829,  0, 0, 0, , 0, 0, 0, 0, 0,
12,  1,  12,  13,  -1,  654, 808,  145.0,  25,  Nuc190536,  5929,  0, 0, 0, , 0, 0, 0, 0, 0,
13,  1,  13,  14,  -1,  844, 825,  101.0,  29,  Nuc209734,  6337,  0, 0, 0, , 0, 0, 0, 0, 0,
14,  1,  14,  15,  -1,  773, 836,  114.0,  27,  Nuc230349,  6110,  0, 0, 0, , 0, 0, 0, 0, 0,
15,  1,  15,  16,  -1,  742, 203,  106.0,  29,  Nuc251855,  5335,  0, 0, 0, , 0, 0, 0, 0, 0,
16,  1,  16,  17,  -1,  666, 225,  129.0,  27,  Nuc264728,  4699,  0, 0, 0, , 0, 0, 0, 0, 0,
17,  1,  17,  18,  -1,  583, 242,  134.0,  25,  Nuc274956,  4577,  0, 0, 0, , 0, 0, 0, 0, 0,
18,  1,  18,  19,  -1,  596, 165,  112.0,  27,  Nuc293728,  3920,  0, 0, 0, , 0, 0, 0, 0, 0,
19,  1,  19,  20,  -1,  904, 363,  107.0,  31,  Nuc314294,  6682,  0, 0, 0, , 0, 0, 0, 0, 0,
20,  1,  20,  21,  -1,  826, 344,  126.0,  27,  Nuc343646,  5211,  0, 0, 0, , 0, 0, 0, 0, 0,
21,  1,  21,  22,  -1,  753, 369,  140.0,  27,  Nuc370578,  4703,  0, 0, 0, , 0, 0, 0, 0, 0,
22,  1,  22,  23,  -1,  729, 291,  133.0,  27,  Nuc406945,  5000,  0, 0, 0, , 0, 0, 0, 0, 0,
23,  1,  23,  24,  -1,  399, 159,  113.0,  27,  Nuc445483,  3429,  0, 0, 0, , 0, 0, 0, 0, 0,
24,  1,  24,  25,  -1,  415, 329,  129.0,  25,  Nuc451809,  3998,  0, 0, 0, , 0, 0, 0, 0, 0,
25,  1,  25,  26,  -1,  394, 241,  126.0,  25,  Nuc451818,  3649,  0, 0, 0, , 0, 0, 0, 0, 0,
26,  1,  26,  27,  -1,  483, 151,  114.0,  27,  Nuc454649,  3346,  0, 0, 0, , 0, 0, 0, 0, 0,
27,  1,  27,  28,  -1,  483, 218,  133.0,  27,  Nuc460125,  4464,  0, 0, 0, , 0, 0, 0, 0, 0,
28,  1,  28,  29,  -1,  931, 659,  112.0,  27,  Nuc466267,  6856,  0, 0, 0, , 0, 0, 0, 0, 0,
29,  1,  29,  30,  -1,  871, 732,  116.0,  27,  Nuc497633,  6433,  0, 0, 0, , 0, 0, 0, 0, 0,
30,  1,  30,  31,  -1,  780, 725,  132.0,  25,  Nuc546693,  6055,  0, 0, 0, , 0, 0, 0, 0, 0,
31,  1,  31,  32,  -1,  711, 720,  151.0,  25,  Nuc606107,  7022,  0, 0, 0, , 0, 0, 0, 0, 0,
32,  1,  32,  33,  -1,  358, 826,  124.0,  25,  Nuc682018,  4103,  0, 0, 0, , 0, 0, 0, 0, 0,
33,  1,  33,  34,  -1,  418, 849,  139.0,  25,  Nuc701651,  3473,  0, 0, 0, , 0, 0, 0, 0, 0,
34,  1,  34,  35,  -1,  920, 477,  124.0,  27,  Nuc701781,  5731,  0, 0, 0, , 0, 0, 0, 0, 0,
35,  1,  35,  36,  -1,  842, 494,  142.0,  25,  Nuc736743,  6068,  0, 0, 0, , 0, 0, 0, 0, 0,
36,  1,  36,  37,  -1,  753, 524,  140.0,  25,  Nuc765526,  5502,  0, 0, 0, , 0, 0, 0, 0, 0,
37,  1,  37,  38,  -1,  766, 466,  158.0,  25,  Nuc781798,  6347,  0, 0, 0, , 0, 0, 0, 0, 0,
38,  1,  38,  39,  -1,  865, 601,  133.0,  27,  Nuc799497,  5866,  0, 0, 0, , 0, 0, 0, 0, 0,
39,  1,  39,  40,  -1,  947, 567,  116.0,  27,  Nuc895708,  7277,  0, 0, 0, , 0, 0, 0, 0, 0,
40,  1,  40,  41,  -1,  765, 630,  136.0,  27,  Nuc911872,  6179,  0, 0, 0, , 0, 0, 0, 0, 0,
41,  1,  41,  42,  -1,  774, 624,  158.0,  25,  Nuc952971,  7186,  0, 0, 0, , 0, 0, 0, 0, 0,
42,  1,  42,  -1,  -1,  394, 634,  128.0,  29,  Nuc1024054,  1712,  0, 0, 0, , 0, 0, 0, 0, 0,
43,  1,  42,  43,  -1,  392, 632,  135.0,  27,  Nuc1024055,  4376,  0, 0, 0, , 0, 0, 0, 0, 0,
44,  1,  43,  44,  -1,  477, 612,  137.0,  25,  Nuc1024073,  4202,  0, 0, 0, , 0, 0, 0, 0, 0,
45,  1,  44,  45,  -1,  340, 723,  129.0,  25,  Nuc1057019,  2198,  0, 0, 0, , 0, 0, 0, 0, 0,
46,  1,  45,  46,  -1,  427, 761,  123.0,  25,  Nuc1057311,  4241,  0, 0, 0, , 0, 0, 0, 0, 0,
47,  1,  46,  47,  -1,  458, 716,  138.0,  27,  Nuc1057709,  4397,  0, 0, 0, , 0, 0, 0, 0, 0,
48,  1,  47,  48,  -1,  558, 683,  136.0,  23,  Nuc1057877,  3204,  0, 0, 0, , 0, 0, 0, 0, 0,
49,  1,  48,  49,  -1,  617, 720,  130.0,  25,  Nuc1102182,  5116,  0, 0, 0, , 0, 0, 0, 0, 0,
50,  1,  49,  50,  -1,  401, 549,  149.0,  27,  Nuc1208092,  4510,  0, 0, 0, , 0, 0, 0, 0, 0,
51,  1,  50,  51,  -1,  460, 538,  133.0,  27,  Nuc1208169,  4456,  0, 0, 0, , 0, 0, 0, 0, 0,
52,  1,  51,  52,  -1,  553, 822,  142.0,  25,  Nuc1210586,  4838,  0, 0, 0, , 0, 0, 0, 0, 0,
53,  1,  52,  53,  -1,  474, 798,  154.0,  27,  Nuc1247425,  4428,  0, 0, 0, , 0, 0, 0, 0, 0,
54,  1,  53,  54,  -1,  649, 639,  141.0,  27,  Nuc1272738,  5435,  0, 0, 0, , 0, 0, 0, 0, 0,
55,  1,  54,  55,  -1,  598, 569,  137.0,  25,  Nuc1336646,  3890,  0, 0, 0, , 0, 0, 0, 0, 0,
56,  1,  55,  56,  -1,  401, 462,  139.0,  27,  Nuc1418696,  2544,  0, 0, 0, , 0, 0, 0, 0, 0,
57,  1,  56,  57,  -1,  468, 391,  141.0,  27,  Nuc1418752,  3387,  0, 0, 0, , 0, 0, 0, 0, 0,
58,  1,  57,  58,  -1,  486, 472,  139.0,  29,  Nuc1418831,  4688,  0, 0, 0, , 0, 0, 0, 0, 0,
59,  1,  58,  59,  -1,  567, 486,  139.0,  27,  Nuc1431482,  5349,  0, 0, 0, , 0, 0, 0, 0, 0,
60,  1,  59,  60,  61,  432, 342,  165.0,  27,  Nuc1483201,  4175,  0, 0, 0, , 0, 0, 0, 0, 0,
61,  1,  60,  62,  -1,  402, 264,  148.0,  27,  Nuc1494698,  4493,  0, 0, 0, , 0, 0, 0, 0, 0,
62,  1,  61,  63,  -1,  652, 354,  151.0,  25,  Nuc1500704,  5093,  0, 0, 0, , 0, 0, 0, 0, 0,
63,  1,  63,  64,  -1,  576, 372,  137.0,  25,  Nuc1514847,  5311,  0, 0, 0, , 0, 0, 0, 0, 0,
64,  1,  64,  65,  -1,  518, 287,  148.0,  25,  Nuc1553338,  5541,  0, 0, 0, , 0, 0, 0, 0, 0,
65,  1,  65,  66,  -1,  549, 328,  161.0,  25,  Nuc1577592,  4839,  0, 0, 0, , 0, 0, 0, 0, 0,
66,  1,  66,  67,  -1,  651, 456,  142.0,  27,  Nuc1584561,  6608,  0, 0, 0, , 0, 0, 0, 0, 0,
67,  1,  67,  68,  -1,  638, 527,  156.0,  27,  Nuc1640550,  2617,  0, 0, 0, , 0, 0, 0, 0, 0,
68,  1,  68,  69,  -1,  666, 579,  152.0,  27,  Nuc1703068,  7083,  0, 0, 0, , 0, 0, 0, 0, 0,
69,  1,  69,  70,  -1,  548, 552,  152.0,  25,  Nuc1740594,  4668,  0, 0, 0, , 0, 0, 0, 0, 0,
70,  1,  70,  71,  -1,  464, 519,  167.0,  39,  Nuc1759739,  1380,  0, 0, 0, , 0, 0, 0, 0, 0,
71,  1,  70,  72,  -1,  476, 503,  161.0,  25,  Nuc1773047,  7672,  0, 0, 0, , 0, 0, 0, 0, 0,
72,  1,  71,  73,  -1,  333, 692,  157.0,  25,  Nuc1773151,  4124,  0, 0, 0, , 0, 0, 0, 0, 0,
73,  1,  72,  74,  75,  362, 626,  170.0,  27,  Nuc1785240,  3565,  0, 0, 0, , 0, 0, 0, 0, 0,
74,  1,  73,  76,  -1,  435, 425,  173.0,  27,  Nuc1794094,  6738,  0, 0, 0, , 0, 0, 0, 0, 0,
75,  1,  74,  77,  -1,  539, 415,  172.0,  27,  Nuc1794439,  5908,  0, 0, 0, , 0, 0, 0, 0, 0,
76,  1,  75,  78,  -1,  656, 424,  168.0,  27,  Nuc1800304,  6036,  0, 0, 0, , 0, 0, 0, 0, 0,
77,  1,  76,  79,  -1,  702, 517,  171.0,  25,  Nuc1850278,  7384,  0, 0, 0, , 0, 0, 0, 0, 0,
78,  1,  77,  80,  -1,  718, 584,  167.0,  25,  Nuc1862190,  7706,  0, 0, 0, , 0, 0, 0, 0, 0,
79,  1,  78,  81,  -1,  430, 704,  172.0,  27,  Nuc1869366,  5199,  0, 0, 0, , 0, 0, 0, 0, 0,
80,  1,  79,  82,  -1,  607, 744,  163.0,  27,  Nuc1869973,  6785,  0, 0, 0, , 0, 0, 0, 0, 0,
81,  1,  80,  83,  -1,  522, 708,  173.0,  27,  Nuc1883017,  6672,  0, 0, 0, , 0, 0, 0, 0, 0,
82,  1,  81,  84,  -1,  656, 636,  169.0,  25,  Nuc1892129,  6088,  0, 0, 0, , 0, 0, 0, 0, 0,
83,  1,  82,  85,  -1,  567, 604,  175.0,  27,  Nuc1921253,  7154,  0, 0, 0, , 0, 0, 0, 0, 0,
84,  1,  83,  86,  -1,  617, 524,  179.0,  25,  Nuc1922056,  6517,  0, 0, 0, , 0, 0, 0, 0, 0,
85,  1,  85,  87,  -1,  438, 611,  178.0,  27,  Nuc1923270,  5418,  0, 0, 0, , 0, 0, 0, 0, 0,
86,  1,  86,  88,  -1,  492, 658,  154.0,  23,  Nuc1934238,  4266,  0, 0, 0, , 0, 0, 0, 0, 0,
87,  1,  87,  89,  -1,  491, 575,  165.0,  25,  Nuc1934246,  4468,  0, 0, 0, , 0, 0, 0, 0, 0,
88,  1,  88,  90,  -1,  393, 554,  181.0,  27,  Nuc1953706,  4492,  0, 0, 0, , 0, 0, 0, 0, 0,
89,  1,  89,  91,  -1,  377, 486,  178.0,  25,  Nuc1954679,  3620,  0, 0, 0, , 0, 0, 0, 0, 0,
90,  1,  90,  92,  -1,  516, 556,  182.0,  27,  Nuc1954913,  6762,  0, 0, 0, , 0, 0, 0, 0, 0,
91,  1,  91,  93,  -1,  479, 494,  183.0,  27,  Nuc1968414,  6323,  0, 0, 0, , 0, 0, 0, 0, 0,
92,  1,  92,  94,  95,  529, 614,  184.0,  53,  Nuc1968798,  4318,  0, 0, 0, , 0, 0, 0, 0, 0,
93,  1,  93,  96,  -1,  379, 773,  152.0,  27,  Nuc2009211,  4192,  0, 0, 0, , 0, 0, 0, 0, 0,
94,  1,  94,  97,  -1,  377, 930,  92.0,  27,  Nuc2012688,  1614,  0, 0, 0, , 0, 0, 0, 0, 0,
95,  1,  95,  98,  -1,  385, 866,  112.0,  27,  Nuc2012703,  3777,  0, 0, 0, , 0, 0, 0, 0, 0,
96,  1,  96,  99,  -1,  610, 529,  168.0,  35,  Nuc2012748,  2996,  0, 0, 0, , 0, 0, 0, 0, 0,
97,  1,  97,  100,  -1,  564, 503,  164.0,  23,  Nuc2021720,  6794,  0, 0, 0, , 0, 0, 0, 0, 0,
98,  1,  100,  101,  -1,  326, 314,  151.0,  25,  Nuc2064270,  2760,  0, 0, 0, , 0, 0, 0, 0, 0,
99,  1,  101,  102,  -1,  242, 635,  152.0,  27,  Nuc2064532,  2230,  0, 0, 0, , 0, 0, 0, 0, 0,
100,  1,  102,  -1,  -1,  307, 805,  116.0,  29,  Nuc2064726,  890,  0, 0, 0, , 0, 0, 0, 0, 0,
101,  1,  103,  -1,  -1,  252, 731,  124.0,  27,  Nuc2064728,  2222,  0, 0, 0, , 0, 0, 0, 0, 0,
102,  1,  104,  103,  -1,  274, 711,  144.0,  25,  Nuc2064736,  4898,  0, 0, 0, , 0, 0, 0, 0, 0,
103,  1,  105,  -1,  -1,  313, 546,  168.0,  23,  Nuc2064759,  823,  0, 0, 0, , 0, 0, 0, 0, 0,
104,  1,  106,  -1,  -1,  304, 586,  137.0,  27,  Nuc2064767,  1243,  0, 0, 0, , 0, 0, 0, 0, 0,
105,  1,  106,  104,  -1,  288, 595,  156.0,  23,  Nuc2064768,  771,  0, 0, 0, , 0, 0, 0, 0, 0,
106,  1,  107,  105,  -1,  271, 489,  165.0,  27,  Nuc2064781,  3017,  0, 0, 0, , 0, 0, 0, 0, 0,
107,  1,  108,  106,  -1,  211, 536,  147.0,  27,  Nuc2064791,  3262,  0, 0, 0, , 0, 0, 0, 0, 0,
