1,  1,  1,  1,  -1,  491, 966,  84.0,  27,  Nuc36,  4266,  0, 0, 0, , 0, 0, 0, 0, 0,
2,  1,  2,  2,  -1,  440, 919,  104.0,  27,  Nuc9494,  4326,  0, 0, 0, , 0, 0, 0, 0, 0,
3,  1,  3,  3,  -1,  710, 901,  103.0,  27,  Nuc29643,  4571,  0, 0, 0, , 0, 0, 0, 0, 0,
4,  1,  4,  4,  -1,  633, 957,  87.0,  27,  Nuc47858,  3944,  0, 0, 0, , 0, 0, 0, 0, 0,
5,  1,  5,  5,  -1,  602, 847,  120.0,  25,  Nuc63955,  4897,  0, 0, 0, , 0, 0, 0, 0, 0,
6,  1,  6,  6,  -1,  577, 923,  106.0,  27,  Nuc69316,  4998,  0, 0, 0, , 0, 0, 0, 0, 0,
7,  1,  7,  7,  -1,  487, 837,  119.0,  25,  Nuc90566,  4762,  0, 0, 0, , 0, 0, 0, 0, 0,
8,  1,  8,  8,  -1,  503, 898,  122.0,  27,  Nuc144288,  4031,  0, 0, 0, , 0, 0, 0, 0, 0,
9,  1,  9,  9,  -1,  311, 196,  114.0,  27,  Nuc152738,  3243,  0, 0, 0, , 0, 0, 0, 0, 0,
10,  1,  10,  -1,  -1,  302, 358,  128.0,  29,  Nuc152789,  935,  0, 0, 0, , 0, 0, 0, 0, 0,
11,  1,  10,  10,  -1,  314, 259,  127.0,  25,  Nuc152790,  3407,  0, 0, 0, , 0, 0, 0, 0, 0,
12,  1,  11,  11,  -1,  684, 818,  123.0,  25,  Nuc152882,  4401,  0, 0, 0, , 0, 0, 0, 0, 0,
13,  1,  12,  12,  -1,  655, 807,  144.0,  25,  Nuc190537,  6164,  0, 0, 0, , 0, 0, 0, 0, 0,
14,  1,  13,  13,  -1,  840, 823,  102.0,  27,  Nuc209735,  5536,  0, 0, 0, , 0, 0, 0, 0, 0,
15,  1,  14,  14,  -1,  777, 834,  114.0,  25,  Nuc230350,  4951,  0, 0, 0, , 0, 0, 0, 0, 0,
16,  1,  15,  15,  -1,  742, 202,  107.0,  27,  Nuc251856,  4250,  0, 0, 0, , 0, 0, 0, 0, 0,
17,  1,  16,  16,  -1,  663, 226,  130.0,  27,  Nuc264729,  4460,  0, 0, 0, , 0, 0, 0, 0, 0,
18,  1,  17,  17,  -1,  584, 242,  134.0,  23,  Nuc274957,  4430,  0, 0, 0, , 0, 0, 0, 0, 0,
19,  1,  18,  18,  -1,  599, 167,  113.0,  27,  Nuc293729,  3828,  0, 0, 0, , 0, 0, 0, 0, 0,
20,  1,  19,  19,  -1,  903, 362,  109.0,  27,  Nuc314295,  4998,  0, 0, 0, , 0, 0, 0, 0, 0,
21,  1,  20,  20,  -1,  828, 342,  125.0,  23,  Nuc343647,  4885,  0, 0, 0, , 0, 0, 0, 0, 0,
22,  1,  21,  21,  -1,  754, 371,  140.0,  25,  Nuc370579,  4701,  0, 0, 0, , 0, 0, 0, 0, 0,
23,  1,  22,  22,  -1,  729, 291,  133.0,  25,  Nuc406946,  4658,  0, 0, 0, , 0, 0, 0, 0, 0,
24,  1,  23,  23,  -1,  397, 159,  113.0,  27,  Nuc445484,  3404,  0, 0, 0, , 0, 0, 0, 0, 0,
25,  1,  24,  24,  -1,  414, 332,  130.0,  23,  Nuc451810,  4067,  0, 0, 0, , 0, 0, 0, 0, 0,
26,  1,  25,  25,  -1,  394, 241,  126.0,  27,  Nuc451819,  3837,  0, 0, 0, , 0, 0, 0, 0, 0,
27,  1,  26,  26,  -1,  478, 148,  115.0,  27,  Nuc454650,  3275,  0, 0, 0, , 0, 0, 0, 0, 0,
28,  1,  27,  27,  -1,  481, 217,  134.0,  25,  Nuc460126,  4004,  0, 0, 0, , 0, 0, 0, 0, 0,
29,  1,  28,  28,  -1,  932, 659,  113.0,  25,  Nuc466268,  5325,  0, 0, 0, , 0, 0, 0, 0, 0,
30,  1,  29,  29,  -1,  872, 730,  116.0,  25,  Nuc497634,  5591,  0, 0, 0, , 0, 0, 0, 0, 0,
31,  1,  30,  30,  -1,  779, 727,  131.0,  25,  Nuc546694,  5466,  0, 0, 0, , 0, 0, 0, 0, 0,
32,  1,  31,  31,  -1,  712, 719,  151.0,  25,  Nuc606108,  6752,  0, 0, 0, , 0, 0, 0, 0, 0,
33,  1,  32,  32,  -1,  358, 826,  124.0,  25,  Nuc682019,  3967,  0, 0, 0, , 0, 0, 0, 0, 0,
34,  1,  33,  33,  -1,  419, 847,  139.0,  25,  Nuc701652,  4106,  0, 0, 0, , 0, 0, 0, 0, 0,
35,  1,  34,  34,  -1,  923, 476,  124.0,  27,  Nuc701782,  5266,  0, 0, 0, , 0, 0, 0, 0, 0,
36,  1,  35,  35,  -1,  844, 492,  141.0,  27,  Nuc736744,  6024,  0, 0, 0, , 0, 0, 0, 0, 0,
37,  1,  36,  36,  -1,  754, 521,  141.0,  23,  Nuc765527,  5944,  0, 0, 0, , 0, 0, 0, 0, 0,
38,  1,  37,  37,  -1,  765, 466,  157.0,  25,  Nuc781799,  5988,  0, 0, 0, , 0, 0, 0, 0, 0,
39,  1,  38,  38,  -1,  868, 601,  132.0,  25,  Nuc799498,  6468,  0, 0, 0, , 0, 0, 0, 0, 0,
40,  1,  39,  39,  -1,  949, 569,  116.0,  27,  Nuc895709,  5665,  0, 0, 0, , 0, 0, 0, 0, 0,
41,  1,  40,  40,  -1,  764, 628,  136.0,  27,  Nuc911873,  6682,  0, 0, 0, , 0, 0, 0, 0, 0,
42,  1,  41,  41,  -1,  774, 622,  157.0,  25,  Nuc952972,  6744,  0, 0, 0, , 0, 0, 0, 0, 0,
43,  1,  43,  42,  -1,  390, 633,  134.0,  27,  Nuc1024056,  4358,  0, 0, 0, , 0, 0, 0, 0, 0,
44,  1,  44,  43,  -1,  474, 612,  137.0,  25,  Nuc1024074,  4594,  0, 0, 0, , 0, 0, 0, 0, 0,
45,  1,  45,  44,  -1,  341, 722,  127.0,  27,  Nuc1057020,  1365,  0, 0, 0, , 0, 0, 0, 0, 0,
46,  1,  46,  45,  -1,  427, 759,  122.0,  25,  Nuc1057312,  5134,  0, 0, 0, , 0, 0, 0, 0, 0,
47,  1,  47,  46,  -1,  457, 714,  138.0,  27,  Nuc1057710,  4747,  0, 0, 0, , 0, 0, 0, 0, 0,
48,  1,  48,  47,  -1,  553, 684,  135.0,  23,  Nuc1057878,  3936,  0, 0, 0, , 0, 0, 0, 0, 0,
49,  1,  49,  48,  -1,  613, 722,  130.0,  25,  Nuc1102183,  4716,  0, 0, 0, , 0, 0, 0, 0, 0,
50,  1,  50,  49,  -1,  399, 549,  149.0,  27,  Nuc1208093,  4365,  0, 0, 0, , 0, 0, 0, 0, 0,
51,  1,  51,  50,  -1,  455, 539,  134.0,  27,  Nuc1208170,  4280,  0, 0, 0, , 0, 0, 0, 0, 0,
52,  1,  52,  51,  -1,  552, 821,  142.0,  25,  Nuc1210587,  4828,  0, 0, 0, , 0, 0, 0, 0, 0,
53,  1,  53,  52,  -1,  475, 796,  154.0,  27,  Nuc1247426,  4608,  0, 0, 0, , 0, 0, 0, 0, 0,
54,  1,  54,  53,  -1,  648, 638,  141.0,  25,  Nuc1272739,  5616,  0, 0, 0, , 0, 0, 0, 0, 0,
55,  1,  55,  54,  -1,  596, 572,  137.0,  25,  Nuc1336647,  4572,  0, 0, 0, , 0, 0, 0, 0, 0,
56,  1,  56,  55,  -1,  397, 462,  139.0,  27,  Nuc1418697,  2875,  0, 0, 0, , 0, 0, 0, 0, 0,
57,  1,  57,  56,  -1,  465, 391,  141.0,  27,  Nuc1418753,  3321,  0, 0, 0, , 0, 0, 0, 0, 0,
58,  1,  58,  57,  -1,  482, 472,  138.0,  27,  Nuc1418832,  4784,  0, 0, 0, , 0, 0, 0, 0, 0,
59,  1,  59,  58,  -1,  564, 488,  139.0,  27,  Nuc1431483,  4409,  0, 0, 0, , 0, 0, 0, 0, 0,
60,  1,  60,  59,  -1,  353, 405,  166.0,  25,  Nuc1483202,  2610,  0, 0, 0, , 0, 0, 0, 0, 0,
61,  1,  60,  60,  61,  431, 341,  165.0,  27,  Nuc1493203,  4420,  0, 0, 0, , 0, 0, 0, 0, 0,
62,  1,  61,  62,  63,  402, 263,  148.0,  25,  Nuc1494699,  4788,  0, 0, 0, , 0, 0, 0, 0, 0,
63,  1,  62,  64,  -1,  650, 354,  151.0,  25,  Nuc1500705,  5351,  0, 0, 0, , 0, 0, 0, 0, 0,
64,  1,  63,  65,  -1,  574, 373,  138.0,  25,  Nuc1514848,  4495,  0, 0, 0, , 0, 0, 0, 0, 0,
65,  1,  64,  66,  -1,  517, 286,  148.0,  25,  Nuc1553339,  5629,  0, 0, 0, , 0, 0, 0, 0, 0,
66,  1,  65,  67,  -1,  550, 329,  161.0,  23,  Nuc1577593,  5032,  0, 0, 0, , 0, 0, 0, 0, 0,
67,  1,  66,  68,  -1,  652, 457,  142.0,  25,  Nuc1584562,  5711,  0, 0, 0, , 0, 0, 0, 0, 0,
68,  1,  67,  69,  -1,  636, 525,  157.0,  25,  Nuc1640551,  3403,  0, 0, 0, , 0, 0, 0, 0, 0,
69,  1,  68,  70,  -1,  668, 580,  152.0,  25,  Nuc1703069,  7302,  0, 0, 0, , 0, 0, 0, 0, 0,
70,  1,  69,  71,  -1,  545, 551,  152.0,  23,  Nuc1740595,  5706,  0, 0, 0, , 0, 0, 0, 0, 0,
71,  1,  70,  72,  73,  453, 521,  166.0,  29,  Nuc1759740,  3605,  0, 0, 0, , 0, 0, 0, 0, 0,
72,  1,  71,  74,  -1,  477, 504,  160.0,  25,  Nuc1773048,  7036,  0, 0, 0, , 0, 0, 0, 0, 0,
73,  1,  72,  75,  76,  332, 695,  158.0,  27,  Nuc1773152,  3836,  0, 0, 0, , 0, 0, 0, 0, 0,
74,  1,  73,  77,  -1,  435, 610,  174.0,  25,  Nuc1785241,  6634,  0, 0, 0, , 0, 0, 0, 0, 0,
75,  1,  73,  78,  -1,  362, 628,  172.0,  25,  Nuc1793801,  4241,  0, 0, 0, , 0, 0, 0, 0, 0,
76,  1,  74,  79,  -1,  437, 427,  173.0,  27,  Nuc1794095,  6007,  0, 0, 0, , 0, 0, 0, 0, 0,
77,  1,  75,  80,  -1,  539, 416,  172.0,  27,  Nuc1794440,  5876,  0, 0, 0, , 0, 0, 0, 0, 0,
78,  1,  76,  81,  -1,  656, 424,  169.0,  27,  Nuc1800305,  6443,  0, 0, 0, , 0, 0, 0, 0, 0,
79,  1,  77,  82,  -1,  705, 514,  171.0,  25,  Nuc1850279,  7042,  0, 0, 0, , 0, 0, 0, 0, 0,
80,  1,  78,  83,  -1,  720, 585,  167.0,  25,  Nuc1862191,  6596,  0, 0, 0, , 0, 0, 0, 0, 0,
81,  1,  79,  84,  -1,  431, 705,  172.0,  27,  Nuc1869367,  4573,  0, 0, 0, , 0, 0, 0, 0, 0,
82,  1,  80,  85,  -1,  608, 745,  162.0,  25,  Nuc1869974,  6532,  0, 0, 0, , 0, 0, 0, 0, 0,
83,  1,  81,  86,  -1,  522, 706,  173.0,  27,  Nuc1883018,  6207,  0, 0, 0, , 0, 0, 0, 0, 0,
84,  1,  82,  87,  -1,  657, 636,  169.0,  25,  Nuc1892130,  6488,  0, 0, 0, , 0, 0, 0, 0, 0,
85,  1,  83,  88,  -1,  570, 605,  174.0,  27,  Nuc1921254,  6814,  0, 0, 0, , 0, 0, 0, 0, 0,
86,  1,  84,  89,  -1,  615, 524,  179.0,  25,  Nuc1922057,  7020,  0, 0, 0, , 0, 0, 0, 0, 0,
87,  1,  85,  90,  -1,  442, 616,  180.0,  27,  Nuc1923271,  6607,  0, 0, 0, , 0, 0, 0, 0, 0,
88,  1,  86,  -1,  -1,  491, 657,  154.0,  27,  Nuc1934239,  4217,  0, 0, 0, , 0, 0, 0, 0, 0,
89,  1,  87,  91,  92,  491, 577,  164.0,  29,  Nuc1934247,  4213,  0, 0, 0, , 0, 0, 0, 0, 0,
90,  1,  88,  93,  94,  394, 554,  182.0,  29,  Nuc1953707,  4657,  0, 0, 0, , 0, 0, 0, 0, 0,
91,  1,  89,  95,  96,  382, 487,  175.0,  27,  Nuc1954680,  4041,  0, 0, 0, , 0, 0, 0, 0, 0,
92,  1,  90,  97,  98,  517, 557,  182.0,  25,  Nuc1954914,  6694,  0, 0, 0, , 0, 0, 0, 0, 0,
93,  1,  91,  99,  100,  480, 493,  183.0,  25,  Nuc1968415,  6205,  0, 0, 0, , 0, 0, 0, 0, 0,
94,  1,  92,  -1,  -1,  491, 608,  184.0,  37,  Nuc1968799,  1622,  0, 0, 0, , 0, 0, 0, 0, 0,
95,  1,  92,  101,  102,  529, 612,  184.0,  55,  Nuc1968800,  5359,  0, 0, 0, , 0, 0, 0, 0, 0,
96,  1,  93,  103,  -1,  377, 770,  152.0,  25,  Nuc2009212,  4078,  0, 0, 0, , 0, 0, 0, 0, 0,
97,  1,  94,  104,  -1,  377, 928,  91.0,  25,  Nuc2012689,  2767,  0, 0, 0, , 0, 0, 0, 0, 0,
98,  1,  95,  105,  -1,  381, 865,  112.0,  25,  Nuc2012704,  3788,  0, 0, 0, , 0, 0, 0, 0, 0,
99,  1,  96,  106,  -1,  607, 528,  167.0,  31,  Nuc2012749,  2568,  0, 0, 0, , 0, 0, 0, 0, 0,
100,  1,  97,  107,  108,  562, 505,  164.0,  25,  Nuc2021721,  5424,  0, 0, 0, , 0, 0, 0, 0, 0,
101,  1,  98,  109,  -1,  327, 316,  151.0,  25,  Nuc2064271,  2480,  0, 0, 0, , 0, 0, 0, 0, 0,
102,  1,  99,  110,  -1,  240, 638,  150.0,  29,  Nuc2064533,  849,  0, 0, 0, , 0, 0, 0, 0, 0,
103,  1,  102,  111,  -1,  275, 711,  144.0,  27,  Nuc2064737,  4450,  0, 0, 0, , 0, 0, 0, 0, 0,
104,  1,  105,  112,  113,  290, 596,  161.0,  27,  Nuc2064769,  2296,  0, 0, 0, , 0, 0, 0, 0, 0,
105,  1,  106,  -1,  -1,  270, 485,  164.0,  25,  Nuc2064782,  2997,  0, 0, 0, , 0, 0, 0, 0, 0,
106,  1,  107,  -1,  -1,  210, 535,  148.0,  25,  Nuc2064792,  2244,  0, 0, 0, , 0, 0, 0, 0, 0,
107,  1,  -1,  114,  -1,  318, 417,  153.0,  25,  Nuc2064793,  1599,  0, 0, 0, , 0, 0, 0, 0, 0,
