1,  1,  1,  1,  -1,  490, 964,  85.0,  25,  Nuc37,  3870,  0, 0, 0, , 0, 0, 0, 0, 0,
2,  1,  2,  2,  -1,  444, 919,  105.0,  25,  Nuc9495,  4204,  0, 0, 0, , 0, 0, 0, 0, 0,
3,  1,  3,  3,  -1,  710, 901,  103.0,  27,  Nuc29644,  4707,  0, 0, 0, , 0, 0, 0, 0, 0,
4,  1,  4,  4,  -1,  633, 957,  88.0,  27,  Nuc47859,  3701,  0, 0, 0, , 0, 0, 0, 0, 0,
5,  1,  5,  5,  -1,  600, 849,  120.0,  25,  Nuc63956,  4512,  0, 0, 0, , 0, 0, 0, 0, 0,
6,  1,  6,  6,  -1,  576, 923,  106.0,  25,  Nuc69317,  4337,  0, 0, 0, , 0, 0, 0, 0, 0,
7,  1,  7,  7,  -1,  487, 832,  119.0,  27,  Nuc90567,  3663,  0, 0, 0, , 0, 0, 0, 0, 0,
8,  1,  8,  8,  -1,  503, 898,  122.0,  27,  Nuc144289,  3828,  0, 0, 0, , 0, 0, 0, 0, 0,
9,  1,  9,  9,  -1,  311, 197,  114.0,  25,  Nuc152739,  3580,  0, 0, 0, , 0, 0, 0, 0, 0,
10,  1,  11,  10,  -1,  311, 260,  127.0,  27,  Nuc152791,  3425,  0, 0, 0, , 0, 0, 0, 0, 0,
11,  1,  12,  11,  -1,  684, 818,  123.0,  27,  Nuc152883,  4904,  0, 0, 0, , 0, 0, 0, 0, 0,
12,  1,  13,  12,  -1,  655, 807,  144.0,  25,  Nuc190538,  5349,  0, 0, 0, , 0, 0, 0, 0, 0,
13,  1,  14,  13,  -1,  837, 821,  102.0,  27,  Nuc209736,  5271,  0, 0, 0, , 0, 0, 0, 0, 0,
14,  1,  15,  14,  -1,  775, 833,  114.0,  25,  Nuc230351,  4500,  0, 0, 0, , 0, 0, 0, 0, 0,
15,  1,  16,  15,  -1,  742, 200,  108.0,  25,  Nuc251857,  3974,  0, 0, 0, , 0, 0, 0, 0, 0,
16,  1,  17,  16,  -1,  664, 226,  130.0,  25,  Nuc264730,  4408,  0, 0, 0, , 0, 0, 0, 0, 0,
17,  1,  18,  17,  -1,  584, 244,  134.0,  25,  Nuc274958,  4691,  0, 0, 0, , 0, 0, 0, 0, 0,
18,  1,  19,  18,  -1,  596, 166,  113.0,  25,  Nuc293730,  3722,  0, 0, 0, , 0, 0, 0, 0, 0,
19,  1,  20,  19,  -1,  903, 361,  111.0,  25,  Nuc314296,  4174,  0, 0, 0, , 0, 0, 0, 0, 0,
20,  1,  21,  20,  -1,  824, 344,  126.0,  23,  Nuc343648,  5140,  0, 0, 0, , 0, 0, 0, 0, 0,
21,  1,  22,  21,  -1,  752, 373,  141.0,  27,  Nuc370580,  4966,  0, 0, 0, , 0, 0, 0, 0, 0,
22,  1,  23,  22,  -1,  726, 292,  133.0,  25,  Nuc406947,  4305,  0, 0, 0, , 0, 0, 0, 0, 0,
23,  1,  24,  23,  -1,  396, 159,  113.0,  27,  Nuc445485,  3127,  0, 0, 0, , 0, 0, 0, 0, 0,
24,  1,  25,  -1,  -1,  410, 334,  130.0,  23,  Nuc451811,  4089,  0, 0, 0, , 0, 0, 0, 0, 0,
25,  1,  26,  24,  -1,  394, 243,  126.0,  27,  Nuc451820,  3709,  0, 0, 0, , 0, 0, 0, 0, 0,
26,  1,  27,  25,  -1,  479, 150,  115.0,  25,  Nuc454651,  3096,  0, 0, 0, , 0, 0, 0, 0, 0,
27,  1,  28,  26,  -1,  480, 218,  134.0,  25,  Nuc460127,  3701,  0, 0, 0, , 0, 0, 0, 0, 0,
28,  1,  29,  27,  -1,  930, 658,  113.0,  25,  Nuc466269,  4993,  0, 0, 0, , 0, 0, 0, 0, 0,
29,  1,  30,  28,  -1,  871, 730,  116.0,  25,  Nuc497635,  5378,  0, 0, 0, , 0, 0, 0, 0, 0,
30,  1,  31,  29,  -1,  777, 727,  131.0,  25,  Nuc546695,  5832,  0, 0, 0, , 0, 0, 0, 0, 0,
31,  1,  32,  30,  -1,  711, 718,  151.0,  25,  Nuc606109,  5496,  0, 0, 0, , 0, 0, 0, 0, 0,
32,  1,  33,  31,  32,  360, 824,  125.0,  25,  Nuc682020,  4335,  0, 0, 0, , 0, 0, 0, 0, 0,
33,  1,  34,  33,  -1,  416, 847,  139.0,  25,  Nuc701653,  4253,  0, 0, 0, , 0, 0, 0, 0, 0,
34,  1,  35,  34,  -1,  921, 476,  124.0,  25,  Nuc701783,  5542,  0, 0, 0, , 0, 0, 0, 0, 0,
35,  1,  36,  35,  -1,  845, 491,  141.0,  25,  Nuc736745,  5549,  0, 0, 0, , 0, 0, 0, 0, 0,
36,  1,  37,  36,  -1,  753, 520,  140.0,  25,  Nuc765528,  5746,  0, 0, 0, , 0, 0, 0, 0, 0,
37,  1,  38,  37,  -1,  766, 468,  157.0,  25,  Nuc781800,  6354,  0, 0, 0, , 0, 0, 0, 0, 0,
38,  1,  39,  38,  -1,  865, 602,  132.0,  27,  Nuc799499,  5028,  0, 0, 0, , 0, 0, 0, 0, 0,
39,  1,  40,  39,  -1,  947, 568,  116.0,  25,  Nuc895710,  5403,  0, 0, 0, , 0, 0, 0, 0, 0,
40,  1,  41,  40,  -1,  764, 626,  135.0,  27,  Nuc911874,  6146,  0, 0, 0, , 0, 0, 0, 0, 0,
41,  1,  42,  41,  -1,  777, 622,  158.0,  25,  Nuc952973,  6290,  0, 0, 0, , 0, 0, 0, 0, 0,
42,  1,  43,  42,  43,  391, 635,  134.0,  27,  Nuc1024057,  3325,  0, 0, 0, , 0, 0, 0, 0, 0,
43,  1,  44,  44,  -1,  476, 611,  137.0,  27,  Nuc1024075,  3752,  0, 0, 0, , 0, 0, 0, 0, 0,
44,  1,  45,  45,  -1,  341, 722,  127.0,  27,  Nuc1057021,  2598,  0, 0, 0, , 0, 0, 0, 0, 0,
45,  1,  46,  46,  -1,  428, 757,  122.0,  25,  Nuc1057313,  4151,  0, 0, 0, , 0, 0, 0, 0, 0,
46,  1,  47,  47,  -1,  456, 711,  139.0,  27,  Nuc1057711,  4841,  0, 0, 0, , 0, 0, 0, 0, 0,
47,  1,  48,  48,  49,  551, 689,  136.0,  25,  Nuc1057879,  4001,  0, 0, 0, , 0, 0, 0, 0, 0,
48,  1,  49,  50,  -1,  610, 725,  131.0,  25,  Nuc1102184,  4026,  0, 0, 0, , 0, 0, 0, 0, 0,
49,  1,  50,  51,  -1,  399, 548,  149.0,  27,  Nuc1208094,  4912,  0, 0, 0, , 0, 0, 0, 0, 0,
50,  1,  51,  52,  -1,  455, 540,  134.0,  27,  Nuc1208171,  3851,  0, 0, 0, , 0, 0, 0, 0, 0,
51,  1,  52,  53,  54,  552, 819,  142.0,  25,  Nuc1210588,  4224,  0, 0, 0, , 0, 0, 0, 0, 0,
52,  1,  53,  55,  56,  475, 798,  155.0,  27,  Nuc1247427,  4936,  0, 0, 0, , 0, 0, 0, 0, 0,
53,  1,  54,  57,  -1,  645, 639,  141.0,  27,  Nuc1272740,  5617,  0, 0, 0, , 0, 0, 0, 0, 0,
54,  1,  55,  58,  -1,  594, 575,  137.0,  23,  Nuc1336648,  4463,  0, 0, 0, , 0, 0, 0, 0, 0,
55,  1,  56,  59,  -1,  396, 460,  142.0,  25,  Nuc1418698,  2874,  0, 0, 0, , 0, 0, 0, 0, 0,
56,  1,  57,  60,  61,  455, 395,  142.0,  27,  Nuc1418754,  4248,  0, 0, 0, , 0, 0, 0, 0, 0,
57,  1,  58,  62,  63,  478, 472,  138.0,  27,  Nuc1418833,  4749,  0, 0, 0, , 0, 0, 0, 0, 0,
58,  1,  59,  64,  65,  561, 486,  140.0,  29,  Nuc1431484,  4990,  0, 0, 0, , 0, 0, 0, 0, 0,
59,  1,  60,  66,  67,  354, 423,  168.0,  23,  Nuc1483203,  2991,  0, 0, 0, , 0, 0, 0, 0, 0,
60,  1,  61,  68,  -1,  440, 337,  167.0,  25,  Nuc1493204,  2751,  0, 0, 0, , 0, 0, 0, 0, 0,
61,  1,  61,  69,  -1,  421, 345,  164.0,  25,  Nuc1493575,  1920,  0, 0, 0, , 0, 0, 0, 0, 0,
62,  1,  62,  70,  -1,  393, 273,  149.0,  23,  Nuc1494700,  1934,  0, 0, 0, , 0, 0, 0, 0, 0,
63,  1,  62,  71,  -1,  409, 256,  149.0,  29,  Nuc1496346,  2919,  0, 0, 0, , 0, 0, 0, 0, 0,
64,  1,  63,  72,  73,  648, 357,  152.0,  25,  Nuc1500706,  4612,  0, 0, 0, , 0, 0, 0, 0, 0,
65,  1,  64,  74,  -1,  570, 373,  138.0,  25,  Nuc1514849,  4701,  0, 0, 0, , 0, 0, 0, 0, 0,
66,  1,  65,  75,  76,  515, 286,  148.0,  27,  Nuc1553340,  4984,  0, 0, 0, , 0, 0, 0, 0, 0,
67,  1,  66,  77,  78,  549, 331,  162.0,  27,  Nuc1577594,  4642,  0, 0, 0, , 0, 0, 0, 0, 0,
68,  1,  67,  79,  80,  650, 458,  142.0,  25,  Nuc1584563,  5390,  0, 0, 0, , 0, 0, 0, 0, 0,
69,  1,  68,  81,  -1,  639, 529,  158.0,  25,  Nuc1640552,  4742,  0, 0, 0, , 0, 0, 0, 0, 0,
70,  1,  69,  82,  -1,  671, 583,  151.0,  27,  Nuc1703070,  6708,  0, 0, 0, , 0, 0, 0, 0, 0,
71,  1,  70,  83,  84,  546, 553,  152.0,  25,  Nuc1740596,  7086,  0, 0, 0, , 0, 0, 0, 0, 0,
72,  1,  71,  85,  -1,  445, 437,  168.0,  25,  Nuc1759741,  4502,  0, 0, 0, , 0, 0, 0, 0, 0,
73,  1,  71,  86,  -1,  457, 520,  166.0,  31,  Nuc1771992,  8069,  0, 0, 0, , 0, 0, 0, 0, 0,
74,  1,  72,  87,  -1,  482, 502,  160.0,  23,  Nuc1773049,  6543,  0, 0, 0, , 0, 0, 0, 0, 0,
75,  1,  73,  88,  89,  419, 716,  168.0,  25,  Nuc1773153,  3193,  0, 0, 0, , 0, 0, 0, 0, 0,
76,  1,  73,  90,  -1,  329, 699,  161.0,  25,  Nuc1784052,  3375,  0, 0, 0, , 0, 0, 0, 0, 0,
77,  1,  74,  91,  -1,  429, 599,  171.0,  25,  Nuc1785242,  3152,  0, 0, 0, , 0, 0, 0, 0, 0,
78,  1,  75,  92,  -1,  364, 634,  174.0,  25,  Nuc1793802,  2355,  0, 0, 0, , 0, 0, 0, 0, 0,
79,  1,  76,  93,  -1,  437, 421,  175.0,  25,  Nuc1794096,  3421,  0, 0, 0, , 0, 0, 0, 0, 0,
80,  1,  77,  94,  -1,  541, 411,  174.0,  25,  Nuc1794441,  4015,  0, 0, 0, , 0, 0, 0, 0, 0,
81,  1,  78,  95,  96,  656, 424,  169.0,  31,  Nuc1800306,  6179,  0, 0, 0, , 0, 0, 0, 0, 0,
82,  1,  79,  97,  -1,  707, 512,  171.0,  25,  Nuc1850280,  7154,  0, 0, 0, , 0, 0, 0, 0, 0,
83,  1,  80,  98,  99,  722, 584,  167.0,  25,  Nuc1862192,  7747,  0, 0, 0, , 0, 0, 0, 0, 0,
84,  1,  81,  100,  -1,  435, 705,  175.0,  25,  Nuc1869368,  2009,  0, 0, 0, , 0, 0, 0, 0, 0,
85,  1,  82,  101,  102,  608, 746,  162.0,  27,  Nuc1869975,  5572,  0, 0, 0, , 0, 0, 0, 0, 0,
86,  1,  83,  103,  104,  523, 707,  173.0,  27,  Nuc1883019,  5936,  0, 0, 0, , 0, 0, 0, 0, 0,
87,  1,  84,  105,  -1,  658, 642,  169.0,  29,  Nuc1892131,  6276,  0, 0, 0, , 0, 0, 0, 0, 0,
88,  1,  85,  106,  -1,  574, 607,  175.0,  23,  Nuc1921255,  7372,  0, 0, 0, , 0, 0, 0, 0, 0,
89,  1,  86,  107,  108,  615, 523,  180.0,  39,  Nuc1922058,  15286,  0, 0, 0, , 0, 0, 0, 0, 0,
90,  1,  87,  109,  -1,  446, 614,  182.0,  27,  Nuc1923272,  3314,  0, 0, 0, , 0, 0, 0, 0, 0,
91,  1,  89,  110,  111,  509, 604,  169.0,  23,  Nuc1934248,  3700,  0, 0, 0, , 0, 0, 0, 0, 0,
92,  1,  89,  -1,  -1,  484, 573,  162.0,  23,  Nuc1953674,  1170,  0, 0, 0, , 0, 0, 0, 0, 0,
93,  1,  90,  112,  -1,  372, 559,  179.0,  25,  Nuc1953708,  2215,  0, 0, 0, , 0, 0, 0, 0, 0,
94,  1,  90,  113,  -1,  402, 553,  185.0,  27,  Nuc1953710,  2589,  0, 0, 0, , 0, 0, 0, 0, 0,
95,  1,  91,  114,  -1,  378, 478,  181.0,  23,  Nuc1954681,  2951,  0, 0, 0, , 0, 0, 0, 0, 0,
96,  1,  91,  115,  -1,  406, 495,  174.0,  23,  Nuc1954865,  2509,  0, 0, 0, , 0, 0, 0, 0, 0,
97,  1,  92,  116,  -1,  468, 544,  185.0,  45,  Nuc1954915,  1121,  0, 0, 0, , 0, 0, 0, 0, 0,
98,  1,  92,  117,  -1,  519, 555,  181.0,  31,  Nuc1955353,  8287,  0, 0, 0, , 0, 0, 0, 0, 0,
99,  1,  93,  118,  -1,  491, 487,  183.0,  27,  Nuc1968416,  4135,  0, 0, 0, , 0, 0, 0, 0, 0,
100,  1,  93,  119,  -1,  477, 498,  183.0,  29,  Nuc1968578,  5632,  0, 0, 0, , 0, 0, 0, 0, 0,
101,  1,  95,  120,  -1,  577, 605,  171.0,  25,  Nuc1968801,  7372,  0, 0, 0, , 0, 0, 0, 0, 0,
102,  1,  95,  -1,  -1,  533, 615,  184.0,  57,  Nuc2009173,  4421,  0, 0, 0, , 0, 0, 0, 0, 0,
103,  1,  96,  121,  122,  377, 767,  152.0,  27,  Nuc2009213,  4718,  0, 0, 0, , 0, 0, 0, 0, 0,
104,  1,  97,  -1,  -1,  377, 925,  91.0,  27,  Nuc2012690,  1444,  0, 0, 0, , 0, 0, 0, 0, 0,
105,  1,  98,  123,  124,  385, 864,  112.0,  23,  Nuc2012705,  3511,  0, 0, 0, , 0, 0, 0, 0, 0,
106,  1,  99,  125,  -1,  538, 524,  168.0,  27,  Nuc2012750,  4994,  0, 0, 0, , 0, 0, 0, 0, 0,
107,  1,  100,  126,  -1,  535, 423,  168.0,  25,  Nuc2021722,  4048,  0, 0, 0, , 0, 0, 0, 0, 0,
108,  1,  100,  127,  -1,  573, 507,  164.0,  25,  Nuc2034657,  4664,  0, 0, 0, , 0, 0, 0, 0, 0,
109,  1,  101,  128,  129,  325, 316,  151.0,  25,  Nuc2064272,  2040,  0, 0, 0, , 0, 0, 0, 0, 0,
110,  1,  102,  130,  -1,  241, 635,  152.0,  25,  Nuc2064534,  6807,  0, 0, 0, , 0, 0, 0, 0, 0,
111,  1,  103,  -1,  -1,  272, 711,  144.0,  27,  Nuc2064738,  5513,  0, 0, 0, , 0, 0, 0, 0, 0,
112,  1,  104,  -1,  -1,  352, 612,  165.0,  23,  Nuc2064770,  2645,  0, 0, 0, , 0, 0, 0, 0, 0,
113,  1,  104,  -1,  -1,  289, 590,  159.0,  25,  Nuc2064771,  2844,  0, 0, 0, , 0, 0, 0, 0, 0,
114,  1,  107,  -1,  -1,  306, 400,  152.0,  23,  Nuc2064794,  3452,  0, 0, 0, , 0, 0, 0, 0, 0,
