1,  1,  1,  1,  -1,  488, 963,  86.0,  25,  Nuc38,  3503,  0, 0, 0, , 0, 0, 0, 0, 0,
2,  1,  2,  2,  -1,  449, 918,  105.0,  25,  Nuc9496,  3663,  0, 0, 0, , 0, 0, 0, 0, 0,
3,  1,  3,  3,  -1,  709, 900,  103.0,  27,  Nuc29645,  3800,  0, 0, 0, , 0, 0, 0, 0, 0,
4,  1,  4,  4,  -1,  634, 956,  89.0,  27,  Nuc47860,  3221,  0, 0, 0, , 0, 0, 0, 0, 0,
5,  1,  5,  5,  6,  601, 848,  121.0,  25,  Nuc63957,  4137,  0, 0, 0, , 0, 0, 0, 0, 0,
6,  1,  6,  7,  -1,  576, 921,  106.0,  27,  Nuc69318,  4092,  0, 0, 0, , 0, 0, 0, 0, 0,
7,  1,  7,  8,  9,  489, 830,  120.0,  27,  Nuc90568,  3657,  0, 0, 0, , 0, 0, 0, 0, 0,
8,  1,  8,  10,  11,  505, 901,  122.0,  27,  Nuc144290,  3591,  0, 0, 0, , 0, 0, 0, 0, 0,
9,  1,  9,  12,  -1,  311, 194,  114.0,  25,  Nuc152740,  2215,  0, 0, 0, , 0, 0, 0, 0, 0,
10,  1,  10,  13,  -1,  308, 261,  126.0,  25,  Nuc152792,  2959,  0, 0, 0, , 0, 0, 0, 0, 0,
11,  1,  11,  14,  15,  688, 816,  123.0,  25,  Nuc152884,  4569,  0, 0, 0, , 0, 0, 0, 0, 0,
12,  1,  12,  16,  17,  656, 807,  144.0,  27,  Nuc190539,  4809,  0, 0, 0, , 0, 0, 0, 0, 0,
13,  1,  13,  18,  -1,  838, 820,  103.0,  27,  Nuc209737,  4006,  0, 0, 0, , 0, 0, 0, 0, 0,
14,  1,  14,  19,  -1,  773, 833,  115.0,  25,  Nuc230352,  4739,  0, 0, 0, , 0, 0, 0, 0, 0,
15,  1,  15,  20,  -1,  745, 201,  107.0,  25,  Nuc251858,  3902,  0, 0, 0, , 0, 0, 0, 0, 0,
16,  1,  16,  21,  -1,  667, 228,  129.0,  25,  Nuc264731,  3523,  0, 0, 0, , 0, 0, 0, 0, 0,
17,  1,  17,  22,  23,  585, 245,  134.0,  25,  Nuc274959,  3656,  0, 0, 0, , 0, 0, 0, 0, 0,
18,  1,  18,  24,  -1,  592, 165,  113.0,  25,  Nuc293731,  3578,  0, 0, 0, , 0, 0, 0, 0, 0,
19,  1,  19,  25,  -1,  903, 363,  111.0,  25,  Nuc314297,  4051,  0, 0, 0, , 0, 0, 0, 0, 0,
20,  1,  20,  26,  -1,  821, 348,  127.0,  23,  Nuc343649,  4504,  0, 0, 0, , 0, 0, 0, 0, 0,
21,  1,  21,  27,  28,  749, 374,  141.0,  25,  Nuc370581,  3979,  0, 0, 0, , 0, 0, 0, 0, 0,
22,  1,  22,  29,  -1,  724, 294,  133.0,  25,  Nuc406948,  4303,  0, 0, 0, , 0, 0, 0, 0, 0,
23,  1,  23,  30,  -1,  397, 160,  112.0,  27,  Nuc445486,  3299,  0, 0, 0, , 0, 0, 0, 0, 0,
24,  1,  25,  31,  32,  393, 245,  126.0,  27,  Nuc451821,  3532,  0, 0, 0, , 0, 0, 0, 0, 0,
25,  1,  26,  33,  -1,  480, 150,  115.0,  27,  Nuc454652,  2797,  0, 0, 0, , 0, 0, 0, 0, 0,
26,  1,  27,  34,  35,  483, 219,  133.0,  27,  Nuc460128,  3386,  0, 0, 0, , 0, 0, 0, 0, 0,
27,  1,  28,  36,  -1,  928, 656,  113.0,  27,  Nuc466270,  4458,  0, 0, 0, , 0, 0, 0, 0, 0,
28,  1,  29,  37,  -1,  870, 727,  116.0,  25,  Nuc497636,  4701,  0, 0, 0, , 0, 0, 0, 0, 0,
29,  1,  30,  38,  39,  777, 727,  131.0,  25,  Nuc546696,  5101,  0, 0, 0, , 0, 0, 0, 0, 0,
30,  1,  31,  40,  41,  711, 717,  150.0,  27,  Nuc606110,  4819,  0, 0, 0, , 0, 0, 0, 0, 0,
31,  1,  32,  42,  -1,  420, 858,  137.0,  27,  Nuc682021,  1191,  0, 0, 0, , 0, 0, 0, 0, 0,
32,  1,  32,  43,  -1,  352, 836,  125.0,  23,  Nuc694384,  2537,  0, 0, 0, , 0, 0, 0, 0, 0,
33,  1,  33,  44,  -1,  407, 840,  140.0,  23,  Nuc701654,  2972,  0, 0, 0, , 0, 0, 0, 0, 0,
34,  1,  34,  45,  -1,  919, 478,  124.0,  25,  Nuc701784,  4906,  0, 0, 0, , 0, 0, 0, 0, 0,
35,  1,  35,  46,  47,  846, 491,  141.0,  27,  Nuc736746,  4452,  0, 0, 0, , 0, 0, 0, 0, 0,
36,  1,  36,  48,  49,  753, 520,  139.0,  25,  Nuc765529,  5060,  0, 0, 0, , 0, 0, 0, 0, 0,
37,  1,  37,  50,  51,  766, 467,  156.0,  25,  Nuc781801,  5196,  0, 0, 0, , 0, 0, 0, 0, 0,
38,  1,  38,  52,  53,  864, 604,  132.0,  27,  Nuc799500,  4604,  0, 0, 0, , 0, 0, 0, 0, 0,
39,  1,  39,  54,  -1,  945, 567,  116.0,  27,  Nuc895711,  5283,  0, 0, 0, , 0, 0, 0, 0, 0,
40,  1,  40,  55,  -1,  765, 626,  135.0,  25,  Nuc911875,  4796,  0, 0, 0, , 0, 0, 0, 0, 0,
41,  1,  41,  56,  57,  780, 622,  157.0,  27,  Nuc952974,  5043,  0, 0, 0, , 0, 0, 0, 0, 0,
42,  1,  42,  -1,  -1,  387, 638,  139.0,  25,  Nuc1024058,  1652,  0, 0, 0, , 0, 0, 0, 0, 0,
43,  1,  42,  -1,  -1,  389, 639,  131.0,  27,  Nuc1024059,  2580,  0, 0, 0, , 0, 0, 0, 0, 0,
44,  1,  43,  58,  -1,  471, 611,  138.0,  31,  Nuc1024076,  9395,  0, 0, 0, , 0, 0, 0, 0, 0,
45,  1,  44,  59,  60,  324, 754,  129.0,  25,  Nuc1057022,  1140,  0, 0, 0, , 0, 0, 0, 0, 0,
46,  1,  45,  61,  62,  427, 752,  122.0,  29,  Nuc1057314,  4065,  0, 0, 0, , 0, 0, 0, 0, 0,
47,  1,  46,  63,  -1,  455, 716,  142.0,  25,  Nuc1057712,  2799,  0, 0, 0, , 0, 0, 0, 0, 0,
48,  1,  47,  64,  -1,  464, 701,  136.0,  25,  Nuc1057880,  1935,  0, 0, 0, , 0, 0, 0, 0, 0,
49,  1,  47,  65,  -1,  548, 696,  136.0,  27,  Nuc1057882,  3686,  0, 0, 0, , 0, 0, 0, 0, 0,
50,  1,  48,  66,  67,  616, 724,  132.0,  29,  Nuc1102185,  4818,  0, 0, 0, , 0, 0, 0, 0, 0,
51,  1,  49,  68,  -1,  397, 551,  146.0,  31,  Nuc1208095,  1619,  0, 0, 0, , 0, 0, 0, 0, 0,
52,  1,  50,  69,  70,  461, 536,  135.0,  35,  Nuc1208172,  4081,  0, 0, 0, , 0, 0, 0, 0, 0,
53,  1,  51,  71,  -1,  551, 804,  144.0,  25,  Nuc1210589,  2652,  0, 0, 0, , 0, 0, 0, 0, 0,
54,  1,  51,  72,  -1,  553, 831,  143.0,  25,  Nuc1231719,  2618,  0, 0, 0, , 0, 0, 0, 0, 0,
55,  1,  52,  73,  -1,  472, 812,  152.0,  23,  Nuc1247428,  2567,  0, 0, 0, , 0, 0, 0, 0, 0,
56,  1,  52,  74,  -1,  483, 792,  157.0,  25,  Nuc1262347,  2703,  0, 0, 0, , 0, 0, 0, 0, 0,
57,  1,  53,  75,  76,  645, 637,  142.0,  27,  Nuc1272741,  4844,  0, 0, 0, , 0, 0, 0, 0, 0,
58,  1,  54,  77,  78,  592, 568,  138.0,  25,  Nuc1336649,  3563,  0, 0, 0, , 0, 0, 0, 0, 0,
59,  1,  55,  79,  -1,  399, 460,  146.0,  27,  Nuc1418699,  2766,  0, 0, 0, , 0, 0, 0, 0, 0,
60,  1,  56,  80,  -1,  468, 385,  134.0,  25,  Nuc1418755,  2165,  0, 0, 0, , 0, 0, 0, 0, 0,
61,  1,  56,  81,  -1,  442, 398,  144.0,  25,  Nuc1418757,  2312,  0, 0, 0, , 0, 0, 0, 0, 0,
62,  1,  57,  82,  -1,  479, 471,  143.0,  27,  Nuc1418834,  6007,  0, 0, 0, , 0, 0, 0, 0, 0,
63,  1,  57,  83,  -1,  474, 469,  137.0,  29,  Nuc1426610,  7531,  0, 0, 0, , 0, 0, 0, 0, 0,
64,  1,  58,  84,  -1,  556, 476,  137.0,  25,  Nuc1431485,  5563,  0, 0, 0, , 0, 0, 0, 0, 0,
65,  1,  58,  85,  -1,  557, 479,  142.0,  25,  Nuc1468234,  5563,  0, 0, 0, , 0, 0, 0, 0, 0,
66,  1,  59,  -1,  -1,  278, 467,  167.0,  23,  Nuc1483204,  997,  0, 0, 0, , 0, 0, 0, 0, 0,
67,  1,  59,  86,  -1,  350, 434,  168.0,  25,  Nuc1483205,  3537,  0, 0, 0, , 0, 0, 0, 0, 0,
68,  1,  60,  87,  -1,  448, 331,  168.0,  25,  Nuc1493205,  2826,  0, 0, 0, , 0, 0, 0, 0, 0,
69,  1,  61,  88,  -1,  405, 344,  163.0,  23,  Nuc1493576,  2105,  0, 0, 0, , 0, 0, 0, 0, 0,
70,  1,  62,  89,  -1,  375, 276,  147.0,  23,  Nuc1494701,  2081,  0, 0, 0, , 0, 0, 0, 0, 0,
71,  1,  63,  90,  -1,  412, 244,  149.0,  25,  Nuc1496347,  2770,  0, 0, 0, , 0, 0, 0, 0, 0,
72,  1,  64,  91,  -1,  644, 343,  154.0,  23,  Nuc1500707,  2766,  0, 0, 0, , 0, 0, 0, 0, 0,
73,  1,  64,  92,  -1,  641, 373,  152.0,  25,  Nuc1508318,  2744,  0, 0, 0, , 0, 0, 0, 0, 0,
74,  1,  65,  93,  94,  573, 367,  137.0,  29,  Nuc1514850,  4566,  0, 0, 0, , 0, 0, 0, 0, 0,
75,  1,  66,  95,  -1,  497, 298,  145.0,  25,  Nuc1553341,  2876,  0, 0, 0, , 0, 0, 0, 0, 0,
76,  1,  66,  96,  -1,  523, 268,  150.0,  25,  Nuc1553343,  2569,  0, 0, 0, , 0, 0, 0, 0, 0,
77,  1,  67,  97,  -1,  565, 314,  161.0,  23,  Nuc1577595,  2648,  0, 0, 0, , 0, 0, 0, 0, 0,
78,  1,  67,  98,  -1,  530, 337,  162.0,  23,  Nuc1584265,  2622,  0, 0, 0, , 0, 0, 0, 0, 0,
79,  1,  68,  99,  -1,  635, 462,  147.0,  25,  Nuc1584564,  3479,  0, 0, 0, , 0, 0, 0, 0, 0,
80,  1,  68,  100,  -1,  662, 451,  141.0,  25,  Nuc1622736,  2848,  0, 0, 0, , 0, 0, 0, 0, 0,
81,  1,  69,  101,  102,  644, 531,  157.0,  27,  Nuc1640553,  5409,  0, 0, 0, , 0, 0, 0, 0, 0,
82,  1,  70,  103,  104,  674, 583,  151.0,  27,  Nuc1703071,  5957,  0, 0, 0, , 0, 0, 0, 0, 0,
83,  1,  71,  105,  -1,  549, 536,  154.0,  23,  Nuc1740597,  3546,  0, 0, 0, , 0, 0, 0, 0, 0,
84,  1,  71,  106,  -1,  536, 567,  151.0,  23,  Nuc1754932,  2808,  0, 0, 0, , 0, 0, 0, 0, 0,
85,  1,  72,  107,  -1,  451, 441,  165.0,  25,  Nuc1759742,  4782,  0, 0, 0, , 0, 0, 0, 0, 0,
86,  1,  73,  108,  -1,  464, 519,  168.0,  35,  Nuc1771993,  1626,  0, 0, 0, , 0, 0, 0, 0, 0,
87,  1,  74,  109,  -1,  481, 506,  162.0,  31,  Nuc1773050,  7647,  0, 0, 0, , 0, 0, 0, 0, 0,
88,  1,  75,  110,  -1,  454, 663,  155.0,  21,  Nuc1773154,  354,  0, 0, 0, , 0, 0, 0, 0, 0,
89,  1,  75,  111,  -1,  413, 725,  167.0,  25,  Nuc1773156,  3369,  0, 0, 0, , 0, 0, 0, 0, 0,
90,  1,  76,  112,  -1,  329, 705,  162.0,  25,  Nuc1784053,  700,  0, 0, 0, , 0, 0, 0, 0, 0,
91,  1,  77,  113,  -1,  432, 597,  169.0,  27,  Nuc1785243,  2121,  0, 0, 0, , 0, 0, 0, 0, 0,
92,  1,  78,  114,  -1,  367, 644,  177.0,  25,  Nuc1793803,  1500,  0, 0, 0, , 0, 0, 0, 0, 0,
93,  1,  79,  115,  -1,  430, 411,  177.0,  25,  Nuc1794097,  3332,  0, 0, 0, , 0, 0, 0, 0, 0,
94,  1,  80,  116,  -1,  542, 404,  175.0,  27,  Nuc1794442,  3253,  0, 0, 0, , 0, 0, 0, 0, 0,
95,  1,  81,  117,  -1,  636, 426,  172.0,  25,  Nuc1800307,  3362,  0, 0, 0, , 0, 0, 0, 0, 0,
96,  1,  81,  118,  -1,  677, 414,  168.0,  25,  Nuc1848851,  3527,  0, 0, 0, , 0, 0, 0, 0, 0,
97,  1,  82,  119,  120,  710, 511,  171.0,  25,  Nuc1850281,  6711,  0, 0, 0, , 0, 0, 0, 0, 0,
98,  1,  83,  121,  -1,  662, 616,  172.0,  23,  Nuc1862193,  3342,  0, 0, 0, , 0, 0, 0, 0, 0,
99,  1,  83,  122,  -1,  727, 582,  166.0,  25,  Nuc1867407,  6446,  0, 0, 0, , 0, 0, 0, 0, 0,
100,  1,  84,  123,  -1,  437, 700,  177.0,  27,  Nuc1869369,  2653,  0, 0, 0, , 0, 0, 0, 0, 0,
101,  1,  85,  124,  -1,  618, 732,  164.0,  23,  Nuc1869976,  3298,  0, 0, 0, , 0, 0, 0, 0, 0,
102,  1,  85,  125,  -1,  603, 764,  161.0,  25,  Nuc1871431,  3418,  0, 0, 0, , 0, 0, 0, 0, 0,
103,  1,  86,  126,  -1,  531, 690,  175.0,  23,  Nuc1883020,  3149,  0, 0, 0, , 0, 0, 0, 0, 0,
104,  1,  86,  127,  -1,  520, 724,  172.0,  25,  Nuc1889435,  3276,  0, 0, 0, , 0, 0, 0, 0, 0,
105,  1,  87,  128,  -1,  661, 663,  170.0,  25,  Nuc1892132,  3917,  0, 0, 0, , 0, 0, 0, 0, 0,
106,  1,  88,  129,  -1,  569, 610,  177.0,  27,  Nuc1921256,  3834,  0, 0, 0, , 0, 0, 0, 0, 0,
107,  1,  89,  130,  -1,  599, 513,  182.0,  27,  Nuc1922059,  3079,  0, 0, 0, , 0, 0, 0, 0, 0,
108,  1,  89,  131,  -1,  635, 532,  179.0,  25,  Nuc1922159,  3559,  0, 0, 0, , 0, 0, 0, 0, 0,
109,  1,  90,  132,  -1,  446, 619,  183.0,  27,  Nuc1923273,  2826,  0, 0, 0, , 0, 0, 0, 0, 0,
110,  1,  91,  133,  -1,  509, 664,  156.0,  23,  Nuc1934249,  1610,  0, 0, 0, , 0, 0, 0, 0, 0,
111,  1,  91,  134,  -1,  511, 610,  169.0,  25,  Nuc1950035,  2995,  0, 0, 0, , 0, 0, 0, 0, 0,
112,  1,  93,  -1,  -1,  361, 559,  180.0,  25,  Nuc1953709,  1161,  0, 0, 0, , 0, 0, 0, 0, 0,
113,  1,  94,  135,  -1,  402, 552,  186.0,  25,  Nuc1953711,  2157,  0, 0, 0, , 0, 0, 0, 0, 0,
114,  1,  95,  136,  -1,  374, 478,  181.0,  25,  Nuc1954682,  3191,  0, 0, 0, , 0, 0, 0, 0, 0,
115,  1,  96,  -1,  -1,  411, 500,  174.0,  23,  Nuc1954866,  764,  0, 0, 0, , 0, 0, 0, 0, 0,
116,  1,  97,  137,  -1,  503, 568,  183.0,  23,  Nuc1954916,  3086,  0, 0, 0, , 0, 0, 0, 0, 0,
117,  1,  98,  138,  -1,  534, 547,  181.0,  25,  Nuc1955354,  3606,  0, 0, 0, , 0, 0, 0, 0, 0,
118,  1,  99,  139,  -1,  499, 479,  184.0,  25,  Nuc1968417,  3299,  0, 0, 0, , 0, 0, 0, 0, 0,
119,  1,  100,  140,  -1,  463, 505,  185.0,  25,  Nuc1968579,  3548,  0, 0, 0, , 0, 0, 0, 0, 0,
120,  1,  101,  141,  -1,  579, 601,  165.0,  25,  Nuc1968802,  3802,  0, 0, 0, , 0, 0, 0, 0, 0,
121,  1,  103,  -1,  -1,  358, 783,  148.0,  25,  Nuc2009214,  2273,  0, 0, 0, , 0, 0, 0, 0, 0,
122,  1,  103,  142,  -1,  386, 766,  155.0,  25,  Nuc2009215,  2667,  0, 0, 0, , 0, 0, 0, 0, 0,
123,  1,  105,  143,  -1,  375, 814,  122.0,  23,  Nuc2012706,  1988,  0, 0, 0, , 0, 0, 0, 0, 0,
124,  1,  105,  144,  -1,  388, 866,  113.0,  23,  Nuc2012725,  2678,  0, 0, 0, , 0, 0, 0, 0, 0,
125,  1,  106,  145,  -1,  554, 495,  165.0,  25,  Nuc2012751,  835,  0, 0, 0, , 0, 0, 0, 0, 0,
126,  1,  107,  146,  -1,  528, 426,  163.0,  23,  Nuc2021723,  2578,  0, 0, 0, , 0, 0, 0, 0, 0,
127,  1,  108,  147,  -1,  590, 511,  166.0,  25,  Nuc2034658,  3881,  0, 0, 0, , 0, 0, 0, 0, 0,
128,  1,  109,  148,  149,  334, 331,  153.0,  23,  Nuc2064273,  1325,  0, 0, 0, , 0, 0, 0, 0, 0,
129,  1,  109,  150,  -1,  311, 303,  150.0,  23,  Nuc2064510,  654,  0, 0, 0, , 0, 0, 0, 0, 0,
130,  1,  110,  151,  152,  242, 633,  149.0,  27,  Nuc2064535,  1112,  0, 0, 0, , 0, 0, 0, 0, 0,
131,  1,  -1,  153,  154,  301, 367,  130.0,  29,  Nuc2064795,  1354,  0, 0, 0, , 0, 0, 0, 0, 0,
132,  1,  -1,  -1,  -1,  214, 546,  148.0,  27,  Nuc2070340,  1837,  0, 0, 0, , 0, 0, 0, 0, 0,
