1,  1,  1,  1,  -1,  488, 962,  86.0,  25,  Nuc39,  3039,  0, 0, 0, , 0, 0, 0, 0, 0,
2,  1,  2,  2,  3,  453, 918,  105.0,  23,  Nuc9497,  3552,  0, 0, 0, , 0, 0, 0, 0, 0,
3,  1,  3,  4,  -1,  707, 901,  103.0,  25,  Nuc29646,  3838,  0, 0, 0, , 0, 0, 0, 0, 0,
4,  1,  4,  5,  -1,  634, 955,  89.0,  27,  Nuc47861,  3236,  0, 0, 0, , 0, 0, 0, 0, 0,
5,  1,  5,  6,  -1,  620, 863,  122.0,  23,  Nuc63958,  2461,  0, 0, 0, , 0, 0, 0, 0, 0,
6,  1,  5,  7,  -1,  597, 843,  120.0,  23,  Nuc65750,  2045,  0, 0, 0, , 0, 0, 0, 0, 0,
7,  1,  6,  8,  9,  573, 923,  106.0,  29,  Nuc69319,  9612,  0, 0, 0, , 0, 0, 0, 0, 0,
8,  1,  7,  10,  -1,  468, 838,  118.0,  23,  Nuc90569,  2318,  0, 0, 0, , 0, 0, 0, 0, 0,
9,  1,  7,  11,  -1,  504, 826,  121.0,  23,  Nuc102417,  2003,  0, 0, 0, , 0, 0, 0, 0, 0,
10,  1,  8,  12,  -1,  525, 904,  121.0,  23,  Nuc144291,  2048,  0, 0, 0, , 0, 0, 0, 0, 0,
11,  1,  8,  13,  -1,  491, 902,  123.0,  23,  Nuc146825,  2540,  0, 0, 0, , 0, 0, 0, 0, 0,
12,  1,  9,  14,  15,  312, 193,  113.0,  27,  Nuc152741,  2222,  0, 0, 0, , 0, 0, 0, 0, 0,
13,  1,  10,  16,  -1,  313, 251,  129.0,  23,  Nuc152793,  1888,  0, 0, 0, , 0, 0, 0, 0, 0,
14,  1,  11,  17,  -1,  690, 795,  122.0,  23,  Nuc152885,  2759,  0, 0, 0, , 0, 0, 0, 0, 0,
15,  1,  11,  18,  -1,  700, 831,  122.0,  23,  Nuc173358,  2628,  0, 0, 0, , 0, 0, 0, 0, 0,
16,  1,  12,  19,  -1,  672, 792,  145.0,  23,  Nuc190540,  2644,  0, 0, 0, , 0, 0, 0, 0, 0,
17,  1,  12,  20,  -1,  653, 824,  142.0,  23,  Nuc205673,  2867,  0, 0, 0, , 0, 0, 0, 0, 0,
18,  1,  13,  21,  22,  838, 819,  103.0,  25,  Nuc209738,  4277,  0, 0, 0, , 0, 0, 0, 0, 0,
19,  1,  14,  23,  24,  774, 831,  114.0,  25,  Nuc230353,  4484,  0, 0, 0, , 0, 0, 0, 0, 0,
20,  1,  15,  25,  -1,  746, 203,  107.0,  25,  Nuc251859,  3411,  0, 0, 0, , 0, 0, 0, 0, 0,
21,  1,  16,  26,  27,  668, 226,  128.0,  23,  Nuc264732,  3626,  0, 0, 0, , 0, 0, 0, 0, 0,
22,  1,  17,  28,  -1,  576, 250,  132.0,  25,  Nuc274960,  3107,  0, 0, 0, , 0, 0, 0, 0, 0,
23,  1,  17,  29,  -1,  588, 241,  135.0,  25,  Nuc283106,  3080,  0, 0, 0, , 0, 0, 0, 0, 0,
24,  1,  18,  30,  31,  592, 165,  114.0,  25,  Nuc293732,  3355,  0, 0, 0, , 0, 0, 0, 0, 0,
25,  1,  19,  32,  -1,  902, 366,  112.0,  25,  Nuc314298,  3931,  0, 0, 0, , 0, 0, 0, 0, 0,
26,  1,  20,  33,  34,  819, 348,  127.0,  25,  Nuc343650,  4045,  0, 0, 0, , 0, 0, 0, 0, 0,
27,  1,  21,  35,  -1,  761, 369,  144.0,  23,  Nuc370582,  2907,  0, 0, 0, , 0, 0, 0, 0, 0,
28,  1,  21,  36,  -1,  731, 368,  140.0,  23,  Nuc386060,  2558,  0, 0, 0, , 0, 0, 0, 0, 0,
29,  1,  22,  37,  38,  721, 293,  132.0,  25,  Nuc406949,  8229,  0, 0, 0, , 0, 0, 0, 0, 0,
30,  1,  23,  39,  40,  396, 163,  113.0,  27,  Nuc445487,  2828,  0, 0, 0, , 0, 0, 0, 0, 0,
31,  1,  24,  41,  -1,  391, 227,  130.0,  23,  Nuc451822,  1442,  0, 0, 0, , 0, 0, 0, 0, 0,
32,  1,  24,  -1,  -1,  389, 256,  124.0,  25,  Nuc454618,  1510,  0, 0, 0, , 0, 0, 0, 0, 0,
33,  1,  25,  42,  43,  481, 153,  115.0,  27,  Nuc454653,  2925,  0, 0, 0, , 0, 0, 0, 0, 0,
34,  1,  26,  44,  -1,  474, 236,  131.0,  23,  Nuc460129,  1653,  0, 0, 0, , 0, 0, 0, 0, 0,
35,  1,  26,  45,  -1,  485, 208,  134.0,  23,  Nuc462359,  2134,  0, 0, 0, , 0, 0, 0, 0, 0,
36,  1,  27,  46,  47,  928, 655,  113.0,  25,  Nuc466271,  4532,  0, 0, 0, , 0, 0, 0, 0, 0,
37,  1,  28,  48,  49,  871, 725,  116.0,  23,  Nuc497637,  4348,  0, 0, 0, , 0, 0, 0, 0, 0,
38,  1,  29,  50,  -1,  790, 736,  133.0,  23,  Nuc546697,  2436,  0, 0, 0, , 0, 0, 0, 0, 0,
39,  1,  29,  51,  -1,  769, 715,  129.0,  23,  Nuc578572,  2821,  0, 0, 0, , 0, 0, 0, 0, 0,
40,  1,  30,  52,  -1,  694, 702,  149.0,  23,  Nuc606111,  2976,  0, 0, 0, , 0, 0, 0, 0, 0,
41,  1,  30,  53,  -1,  724, 728,  152.0,  23,  Nuc668690,  3250,  0, 0, 0, , 0, 0, 0, 0, 0,
42,  1,  31,  54,  -1,  421, 864,  137.0,  23,  Nuc682022,  3094,  0, 0, 0, , 0, 0, 0, 0, 0,
43,  1,  32,  55,  -1,  344, 840,  124.0,  23,  Nuc694385,  2582,  0, 0, 0, , 0, 0, 0, 0, 0,
44,  1,  33,  56,  -1,  401, 833,  142.0,  25,  Nuc701655,  2616,  0, 0, 0, , 0, 0, 0, 0, 0,
45,  1,  34,  57,  58,  917, 478,  124.0,  29,  Nuc701785,  5177,  0, 0, 0, , 0, 0, 0, 0, 0,
46,  1,  35,  59,  -1,  846, 477,  140.0,  25,  Nuc736747,  2917,  0, 0, 0, , 0, 0, 0, 0, 0,
47,  1,  35,  60,  -1,  848, 501,  142.0,  25,  Nuc744048,  2969,  0, 0, 0, , 0, 0, 0, 0, 0,
48,  1,  36,  61,  -1,  747, 504,  136.0,  23,  Nuc765530,  2977,  0, 0, 0, , 0, 0, 0, 0, 0,
49,  1,  36,  62,  -1,  743, 527,  140.0,  23,  Nuc777247,  2811,  0, 0, 0, , 0, 0, 0, 0, 0,
50,  1,  37,  63,  -1,  785, 473,  157.0,  23,  Nuc781802,  2983,  0, 0, 0, , 0, 0, 0, 0, 0,
51,  1,  37,  64,  -1,  754, 452,  156.0,  21,  Nuc787797,  3288,  0, 0, 0, , 0, 0, 0, 0, 0,
52,  1,  38,  65,  -1,  793, 617,  136.0,  23,  Nuc799501,  3422,  0, 0, 0, , 0, 0, 0, 0, 0,
53,  1,  38,  66,  67,  866, 601,  131.0,  25,  Nuc846730,  4875,  0, 0, 0, , 0, 0, 0, 0, 0,
54,  1,  39,  68,  69,  945, 566,  116.0,  25,  Nuc895712,  4464,  0, 0, 0, , 0, 0, 0, 0, 0,
55,  1,  40,  70,  -1,  758, 623,  134.0,  23,  Nuc911876,  3047,  0, 0, 0, , 0, 0, 0, 0, 0,
56,  1,  41,  71,  -1,  768, 641,  158.0,  23,  Nuc952975,  3368,  0, 0, 0, , 0, 0, 0, 0, 0,
57,  1,  41,  72,  -1,  793, 610,  158.0,  23,  Nuc966739,  3341,  0, 0, 0, , 0, 0, 0, 0, 0,
58,  1,  44,  73,  -1,  484, 617,  134.0,  23,  Nuc1024077,  1606,  0, 0, 0, , 0, 0, 0, 0, 0,
59,  1,  45,  74,  -1,  252, 744,  123.0,  23,  Nuc1057023,  1347,  0, 0, 0, , 0, 0, 0, 0, 0,
60,  1,  45,  75,  -1,  321, 760,  128.0,  25,  Nuc1057025,  383,  0, 0, 0, , 0, 0, 0, 0, 0,
61,  1,  46,  76,  -1,  451, 764,  128.0,  25,  Nuc1057315,  2062,  0, 0, 0, , 0, 0, 0, 0, 0,
62,  1,  46,  77,  -1,  410, 745,  122.0,  25,  Nuc1057687,  2897,  0, 0, 0, , 0, 0, 0, 0, 0,
63,  1,  47,  78,  -1,  451, 723,  145.0,  23,  Nuc1057713,  2975,  0, 0, 0, , 0, 0, 0, 0, 0,
64,  1,  48,  -1,  -1,  468, 696,  133.0,  25,  Nuc1057881,  1805,  0, 0, 0, , 0, 0, 0, 0, 0,
65,  1,  49,  79,  80,  544, 714,  135.0,  25,  Nuc1057883,  2608,  0, 0, 0, , 0, 0, 0, 0, 0,
66,  1,  50,  81,  -1,  621, 712,  137.0,  23,  Nuc1102186,  2817,  0, 0, 0, , 0, 0, 0, 0, 0,
67,  1,  50,  82,  -1,  601, 746,  130.0,  25,  Nuc1145020,  2671,  0, 0, 0, , 0, 0, 0, 0, 0,
68,  1,  51,  83,  84,  407, 542,  154.0,  23,  Nuc1208096,  2821,  0, 0, 0, , 0, 0, 0, 0, 0,
69,  1,  52,  -1,  -1,  432, 520,  134.0,  27,  Nuc1208173,  2034,  0, 0, 0, , 0, 0, 0, 0, 0,
70,  1,  52,  85,  -1,  478, 537,  136.0,  23,  Nuc1208174,  1512,  0, 0, 0, , 0, 0, 0, 0, 0,
71,  1,  53,  86,  -1,  551, 794,  146.0,  23,  Nuc1210590,  2384,  0, 0, 0, , 0, 0, 0, 0, 0,
72,  1,  54,  87,  -1,  557, 842,  143.0,  23,  Nuc1231720,  2647,  0, 0, 0, , 0, 0, 0, 0, 0,
73,  1,  55,  88,  -1,  470, 823,  151.0,  25,  Nuc1247429,  2486,  0, 0, 0, , 0, 0, 0, 0, 0,
74,  1,  56,  89,  -1,  486, 787,  160.0,  25,  Nuc1262348,  2688,  0, 0, 0, , 0, 0, 0, 0, 0,
75,  1,  57,  90,  -1,  647, 631,  138.0,  25,  Nuc1272742,  2820,  0, 0, 0, , 0, 0, 0, 0, 0,
76,  1,  57,  91,  -1,  639, 632,  145.0,  23,  Nuc1335626,  1447,  0, 0, 0, , 0, 0, 0, 0, 0,
77,  1,  58,  92,  -1,  573, 573,  140.0,  23,  Nuc1336650,  2901,  0, 0, 0, , 0, 0, 0, 0, 0,
78,  1,  58,  93,  -1,  598, 552,  139.0,  23,  Nuc1390565,  2591,  0, 0, 0, , 0, 0, 0, 0, 0,
79,  1,  59,  94,  -1,  398, 457,  146.0,  25,  Nuc1418700,  2202,  0, 0, 0, , 0, 0, 0, 0, 0,
80,  1,  60,  -1,  -1,  469, 385,  133.0,  25,  Nuc1418756,  1206,  0, 0, 0, , 0, 0, 0, 0, 0,
81,  1,  61,  95,  -1,  438, 400,  146.0,  25,  Nuc1418758,  2426,  0, 0, 0, , 0, 0, 0, 0, 0,
82,  1,  62,  96,  -1,  477, 472,  147.0,  27,  Nuc1418835,  2932,  0, 0, 0, , 0, 0, 0, 0, 0,
83,  1,  63,  97,  -1,  470, 463,  134.0,  25,  Nuc1426611,  4207,  0, 0, 0, , 0, 0, 0, 0, 0,
84,  1,  64,  98,  -1,  550, 476,  135.0,  23,  Nuc1431486,  2927,  0, 0, 0, , 0, 0, 0, 0, 0,
85,  1,  65,  99,  -1,  550, 478,  147.0,  23,  Nuc1468235,  3085,  0, 0, 0, , 0, 0, 0, 0, 0,
86,  1,  67,  100,  101,  349, 436,  168.0,  25,  Nuc1483206,  2887,  0, 0, 0, , 0, 0, 0, 0, 0,
87,  1,  68,  102,  -1,  446, 326,  168.0,  25,  Nuc1493206,  2369,  0, 0, 0, , 0, 0, 0, 0, 0,
88,  1,  69,  103,  -1,  399, 345,  162.0,  23,  Nuc1493577,  2645,  0, 0, 0, , 0, 0, 0, 0, 0,
89,  1,  70,  104,  -1,  367, 284,  147.0,  23,  Nuc1494702,  2560,  0, 0, 0, , 0, 0, 0, 0, 0,
90,  1,  71,  105,  -1,  411, 245,  150.0,  23,  Nuc1496348,  2772,  0, 0, 0, , 0, 0, 0, 0, 0,
91,  1,  72,  106,  -1,  645, 329,  154.0,  23,  Nuc1500708,  2748,  0, 0, 0, , 0, 0, 0, 0, 0,
92,  1,  73,  107,  -1,  643, 385,  152.0,  23,  Nuc1508319,  2625,  0, 0, 0, , 0, 0, 0, 0, 0,
93,  1,  74,  108,  -1,  558, 389,  141.0,  23,  Nuc1514851,  2541,  0, 0, 0, , 0, 0, 0, 0, 0,
94,  1,  74,  109,  -1,  587, 356,  136.0,  23,  Nuc1545744,  1587,  0, 0, 0, , 0, 0, 0, 0, 0,
95,  1,  75,  -1,  -1,  490, 297,  145.0,  23,  Nuc1553342,  1209,  0, 0, 0, , 0, 0, 0, 0, 0,
96,  1,  76,  110,  -1,  527, 259,  150.0,  25,  Nuc1553344,  2607,  0, 0, 0, , 0, 0, 0, 0, 0,
97,  1,  77,  111,  -1,  568, 309,  161.0,  23,  Nuc1577596,  2603,  0, 0, 0, , 0, 0, 0, 0, 0,
98,  1,  78,  112,  -1,  518, 343,  163.0,  23,  Nuc1584266,  2648,  0, 0, 0, , 0, 0, 0, 0, 0,
99,  1,  79,  113,  -1,  629, 465,  149.0,  23,  Nuc1584565,  3173,  0, 0, 0, , 0, 0, 0, 0, 0,
100,  1,  80,  114,  -1,  664, 448,  139.0,  25,  Nuc1622737,  2360,  0, 0, 0, , 0, 0, 0, 0, 0,
101,  1,  81,  115,  -1,  651, 530,  159.0,  23,  Nuc1640554,  6897,  0, 0, 0, , 0, 0, 0, 0, 0,
102,  1,  81,  116,  -1,  641, 531,  155.0,  23,  Nuc1643502,  6897,  0, 0, 0, , 0, 0, 0, 0, 0,
103,  1,  82,  117,  -1,  680, 584,  154.0,  23,  Nuc1703072,  4845,  0, 0, 0, , 0, 0, 0, 0, 0,
104,  1,  82,  118,  -1,  670, 580,  148.0,  25,  Nuc1707934,  1237,  0, 0, 0, , 0, 0, 0, 0, 0,
105,  1,  83,  119,  -1,  546, 533,  155.0,  23,  Nuc1740598,  4022,  0, 0, 0, , 0, 0, 0, 0, 0,
106,  1,  84,  120,  -1,  528, 579,  153.0,  23,  Nuc1754933,  4813,  0, 0, 0, , 0, 0, 0, 0, 0,
107,  1,  85,  121,  -1,  452, 442,  166.0,  25,  Nuc1759743,  2844,  0, 0, 0, , 0, 0, 0, 0, 0,
108,  1,  86,  122,  -1,  497, 499,  165.0,  23,  Nuc1771994,  2638,  0, 0, 0, , 0, 0, 0, 0, 0,
109,  1,  87,  123,  124,  465, 513,  162.0,  25,  Nuc1773051,  3900,  0, 0, 0, , 0, 0, 0, 0, 0,
110,  1,  88,  -1,  -1,  452, 663,  156.0,  21,  Nuc1773155,  2065,  0, 0, 0, , 0, 0, 0, 0, 0,
111,  1,  89,  125,  -1,  410, 723,  166.0,  25,  Nuc1773157,  3094,  0, 0, 0, , 0, 0, 0, 0, 0,
112,  1,  90,  126,  -1,  327, 707,  163.0,  23,  Nuc1784054,  2452,  0, 0, 0, , 0, 0, 0, 0, 0,
113,  1,  91,  127,  -1,  433, 587,  171.0,  27,  Nuc1785244,  2548,  0, 0, 0, , 0, 0, 0, 0, 0,
114,  1,  92,  128,  129,  367, 639,  176.0,  23,  Nuc1793804,  1193,  0, 0, 0, , 0, 0, 0, 0, 0,
115,  1,  93,  130,  -1,  429, 410,  178.0,  25,  Nuc1794098,  3400,  0, 0, 0, , 0, 0, 0, 0, 0,
116,  1,  94,  131,  -1,  541, 404,  176.0,  27,  Nuc1794443,  3068,  0, 0, 0, , 0, 0, 0, 0, 0,
117,  1,  95,  132,  -1,  632, 426,  173.0,  25,  Nuc1800308,  3225,  0, 0, 0, , 0, 0, 0, 0, 0,
118,  1,  96,  133,  -1,  682, 411,  168.0,  25,  Nuc1848852,  3693,  0, 0, 0, , 0, 0, 0, 0, 0,
119,  1,  97,  134,  -1,  698, 508,  172.0,  25,  Nuc1850282,  3986,  0, 0, 0, , 0, 0, 0, 0, 0,
120,  1,  97,  135,  -1,  721, 510,  170.0,  25,  Nuc1858764,  4049,  0, 0, 0, , 0, 0, 0, 0, 0,
121,  1,  98,  136,  -1,  666, 606,  173.0,  25,  Nuc1862194,  3379,  0, 0, 0, , 0, 0, 0, 0, 0,
122,  1,  99,  137,  138,  730, 581,  166.0,  25,  Nuc1867408,  6228,  0, 0, 0, , 0, 0, 0, 0, 0,
123,  1,  100,  139,  -1,  435, 697,  178.0,  25,  Nuc1869370,  2870,  0, 0, 0, , 0, 0, 0, 0, 0,
124,  1,  101,  140,  -1,  625, 725,  165.0,  25,  Nuc1869977,  3794,  0, 0, 0, , 0, 0, 0, 0, 0,
125,  1,  102,  141,  -1,  601, 772,  161.0,  25,  Nuc1871432,  2670,  0, 0, 0, , 0, 0, 0, 0, 0,
126,  1,  103,  142,  -1,  534, 681,  177.0,  23,  Nuc1883021,  3176,  0, 0, 0, , 0, 0, 0, 0, 0,
127,  1,  104,  143,  -1,  517, 729,  172.0,  25,  Nuc1889436,  3388,  0, 0, 0, , 0, 0, 0, 0, 0,
128,  1,  105,  144,  -1,  659, 664,  170.0,  23,  Nuc1892133,  3431,  0, 0, 0, , 0, 0, 0, 0, 0,
129,  1,  106,  145,  -1,  568, 611,  179.0,  23,  Nuc1921257,  3700,  0, 0, 0, , 0, 0, 0, 0, 0,
130,  1,  107,  146,  -1,  595, 510,  182.0,  27,  Nuc1922060,  3135,  0, 0, 0, , 0, 0, 0, 0, 0,
131,  1,  108,  147,  -1,  636, 531,  180.0,  25,  Nuc1922160,  3162,  0, 0, 0, , 0, 0, 0, 0, 0,
132,  1,  109,  148,  -1,  443, 615,  183.0,  25,  Nuc1923274,  2989,  0, 0, 0, , 0, 0, 0, 0, 0,
133,  1,  110,  149,  -1,  509, 665,  156.0,  23,  Nuc1934250,  2916,  0, 0, 0, , 0, 0, 0, 0, 0,
134,  1,  111,  150,  -1,  510, 608,  169.0,  25,  Nuc1950036,  3522,  0, 0, 0, , 0, 0, 0, 0, 0,
135,  1,  113,  151,  -1,  402, 551,  185.0,  25,  Nuc1953712,  2564,  0, 0, 0, , 0, 0, 0, 0, 0,
136,  1,  114,  152,  -1,  374, 479,  182.0,  25,  Nuc1954683,  2831,  0, 0, 0, , 0, 0, 0, 0, 0,
137,  1,  116,  153,  -1,  501, 571,  183.0,  23,  Nuc1954917,  2698,  0, 0, 0, , 0, 0, 0, 0, 0,
138,  1,  117,  154,  -1,  539, 540,  181.0,  23,  Nuc1955355,  3471,  0, 0, 0, , 0, 0, 0, 0, 0,
139,  1,  118,  155,  -1,  500, 478,  184.0,  25,  Nuc1968418,  3181,  0, 0, 0, , 0, 0, 0, 0, 0,
140,  1,  119,  156,  -1,  455, 505,  185.0,  25,  Nuc1968580,  3452,  0, 0, 0, , 0, 0, 0, 0, 0,
141,  1,  120,  157,  -1,  577, 596,  164.0,  23,  Nuc1968803,  3007,  0, 0, 0, , 0, 0, 0, 0, 0,
142,  1,  122,  158,  -1,  388, 768,  157.0,  25,  Nuc2009216,  2160,  0, 0, 0, , 0, 0, 0, 0, 0,
143,  1,  123,  159,  -1,  383, 811,  121.0,  23,  Nuc2012707,  1326,  0, 0, 0, , 0, 0, 0, 0, 0,
144,  1,  124,  -1,  -1,  388, 869,  110.0,  23,  Nuc2012726,  2613,  0, 0, 0, , 0, 0, 0, 0, 0,
145,  1,  125,  160,  -1,  554, 492,  166.0,  23,  Nuc2012752,  2570,  0, 0, 0, , 0, 0, 0, 0, 0,
146,  1,  126,  161,  -1,  534, 422,  162.0,  23,  Nuc2021724,  2990,  0, 0, 0, , 0, 0, 0, 0, 0,
147,  1,  127,  162,  -1,  598, 520,  164.0,  23,  Nuc2034659,  3921,  0, 0, 0, , 0, 0, 0, 0, 0,
148,  1,  128,  163,  164,  307, 397,  152.0,  23,  Nuc2064274,  2767,  0, 0, 0, , 0, 0, 0, 0, 0,
149,  1,  128,  165,  -1,  336, 339,  154.0,  23,  Nuc2064491,  1790,  0, 0, 0, , 0, 0, 0, 0, 0,
150,  1,  129,  166,  -1,  305, 302,  149.0,  23,  Nuc2064511,  1618,  0, 0, 0, , 0, 0, 0, 0, 0,
151,  1,  130,  -1,  -1,  262, 701,  147.0,  23,  Nuc2064536,  641,  0, 0, 0, , 0, 0, 0, 0, 0,
152,  1,  130,  167,  -1,  237, 622,  147.0,  23,  Nuc2064537,  2644,  0, 0, 0, , 0, 0, 0, 0, 0,
153,  1,  131,  168,  -1,  379, 357,  131.0,  23,  Nuc2064796,  1468,  0, 0, 0, , 0, 0, 0, 0, 0,
154,  1,  131,  -1,  -1,  299, 379,  134.0,  23,  Nuc2070339,  1106,  0, 0, 0, , 0, 0, 0, 0, 0,
155,  1,  -1,  169,  170,  279, 584,  159.0,  25,  Nuc2070341,  673,  0, 0, 0, , 0, 0, 0, 0, 0,
156,  1,  -1,  171,  -1,  307, 548,  172.0,  23,  Nuc2070714,  1491,  0, 0, 0, , 0, 0, 0, 0, 0,
