1,  1,  1,  1,  2,  483, 960,  87.0,  37,  Nuc40,  10871,  0, 0, 0, , 0, 0, 0, 0, 0,
2,  1,  2,  3,  -1,  457, 901,  106.0,  23,  Nuc9498,  2130,  0, 0, 0, , 0, 0, 0, 0, 0,
3,  1,  2,  4,  -1,  452, 928,  105.0,  23,  Nuc26060,  1929,  0, 0, 0, , 0, 0, 0, 0, 0,
4,  1,  3,  5,  6,  707, 900,  102.0,  25,  Nuc29647,  3639,  0, 0, 0, , 0, 0, 0, 0, 0,
5,  1,  4,  7,  8,  634, 954,  89.0,  25,  Nuc47862,  2943,  0, 0, 0, , 0, 0, 0, 0, 0,
6,  1,  5,  9,  -1,  629, 865,  122.0,  23,  Nuc63959,  2311,  0, 0, 0, , 0, 0, 0, 0, 0,
7,  1,  6,  10,  -1,  588, 833,  119.0,  23,  Nuc65751,  2317,  0, 0, 0, , 0, 0, 0, 0, 0,
8,  1,  7,  11,  -1,  552, 928,  102.0,  23,  Nuc69320,  2156,  0, 0, 0, , 0, 0, 0, 0, 0,
9,  1,  7,  12,  -1,  587, 926,  108.0,  23,  Nuc73703,  2325,  0, 0, 0, , 0, 0, 0, 0, 0,
10,  1,  8,  13,  -1,  457, 839,  117.0,  23,  Nuc90570,  1894,  0, 0, 0, , 0, 0, 0, 0, 0,
11,  1,  9,  14,  -1,  509, 829,  121.0,  21,  Nuc102418,  1799,  0, 0, 0, , 0, 0, 0, 0, 0,
12,  1,  10,  15,  -1,  530, 907,  121.0,  23,  Nuc144292,  2164,  0, 0, 0, , 0, 0, 0, 0, 0,
13,  1,  11,  16,  -1,  483, 901,  124.0,  23,  Nuc146826,  2462,  0, 0, 0, , 0, 0, 0, 0, 0,
14,  1,  12,  17,  -1,  320, 206,  118.0,  23,  Nuc152742,  1232,  0, 0, 0, , 0, 0, 0, 0, 0,
15,  1,  12,  18,  -1,  308, 183,  112.0,  23,  Nuc152745,  1500,  0, 0, 0, , 0, 0, 0, 0, 0,
16,  1,  13,  19,  -1,  313, 248,  131.0,  23,  Nuc152794,  1715,  0, 0, 0, , 0, 0, 0, 0, 0,
17,  1,  14,  20,  -1,  691, 782,  123.0,  23,  Nuc152886,  2463,  0, 0, 0, , 0, 0, 0, 0, 0,
18,  1,  15,  21,  -1,  703, 839,  122.0,  23,  Nuc173359,  2258,  0, 0, 0, , 0, 0, 0, 0, 0,
19,  1,  16,  22,  -1,  677, 788,  147.0,  23,  Nuc190541,  2606,  0, 0, 0, , 0, 0, 0, 0, 0,
20,  1,  17,  23,  -1,  651, 830,  141.0,  23,  Nuc205674,  3037,  0, 0, 0, , 0, 0, 0, 0, 0,
21,  1,  18,  24,  -1,  836, 812,  105.0,  29,  Nuc209739,  5575,  0, 0, 0, , 0, 0, 0, 0, 0,
22,  1,  18,  25,  -1,  838, 823,  102.0,  27,  Nuc215635,  5575,  0, 0, 0, , 0, 0, 0, 0, 0,
23,  1,  19,  26,  -1,  777, 819,  118.0,  23,  Nuc230354,  2567,  0, 0, 0, , 0, 0, 0, 0, 0,
24,  1,  19,  27,  -1,  773, 846,  113.0,  23,  Nuc248249,  2608,  0, 0, 0, , 0, 0, 0, 0, 0,
25,  1,  20,  28,  29,  745, 202,  107.0,  33,  Nuc251860,  3726,  0, 0, 0, , 0, 0, 0, 0, 0,
26,  1,  21,  30,  -1,  651, 218,  125.0,  21,  Nuc264733,  2105,  0, 0, 0, , 0, 0, 0, 0, 0,
27,  1,  21,  31,  -1,  676, 221,  129.0,  23,  Nuc272757,  2313,  0, 0, 0, , 0, 0, 0, 0, 0,
28,  1,  22,  32,  -1,  555, 251,  132.0,  23,  Nuc274961,  2206,  0, 0, 0, , 0, 0, 0, 0, 0,
29,  1,  23,  33,  -1,  591, 232,  137.0,  21,  Nuc283107,  2232,  0, 0, 0, , 0, 0, 0, 0, 0,
30,  1,  24,  34,  -1,  588, 181,  117.0,  23,  Nuc293733,  1977,  0, 0, 0, , 0, 0, 0, 0, 0,
31,  1,  24,  35,  -1,  594, 155,  111.0,  23,  Nuc306809,  2076,  0, 0, 0, , 0, 0, 0, 0, 0,
32,  1,  25,  36,  37,  901, 366,  112.0,  33,  Nuc314299,  4184,  0, 0, 0, , 0, 0, 0, 0, 0,
33,  1,  26,  38,  -1,  809, 331,  126.0,  21,  Nuc343651,  2252,  0, 0, 0, , 0, 0, 0, 0, 0,
34,  1,  26,  39,  -1,  829, 355,  128.0,  21,  Nuc359662,  2435,  0, 0, 0, , 0, 0, 0, 0, 0,
35,  1,  27,  40,  -1,  762, 362,  145.0,  23,  Nuc370583,  2669,  0, 0, 0, , 0, 0, 0, 0, 0,
36,  1,  28,  41,  -1,  715, 359,  139.0,  23,  Nuc386061,  2515,  0, 0, 0, , 0, 0, 0, 0, 0,
37,  1,  29,  42,  -1,  689, 291,  134.0,  23,  Nuc406950,  2466,  0, 0, 0, , 0, 0, 0, 0, 0,
38,  1,  29,  43,  -1,  736, 276,  132.0,  21,  Nuc441220,  2587,  0, 0, 0, , 0, 0, 0, 0, 0,
39,  1,  30,  44,  -1,  402, 146,  108.0,  23,  Nuc445488,  1251,  0, 0, 0, , 0, 0, 0, 0, 0,
40,  1,  30,  45,  -1,  391, 163,  116.0,  23,  Nuc450531,  1700,  0, 0, 0, , 0, 0, 0, 0, 0,
41,  1,  31,  46,  -1,  392, 225,  131.0,  21,  Nuc451823,  1248,  0, 0, 0, , 0, 0, 0, 0, 0,
42,  1,  33,  47,  -1,  486, 140,  112.0,  23,  Nuc454654,  1640,  0, 0, 0, , 0, 0, 0, 0, 0,
43,  1,  33,  48,  -1,  478, 161,  118.0,  23,  Nuc457630,  1631,  0, 0, 0, , 0, 0, 0, 0, 0,
44,  1,  34,  49,  -1,  467, 246,  130.0,  23,  Nuc460130,  1754,  0, 0, 0, , 0, 0, 0, 0, 0,
45,  1,  35,  50,  -1,  485, 202,  136.0,  23,  Nuc462360,  2103,  0, 0, 0, , 0, 0, 0, 0, 0,
46,  1,  36,  51,  -1,  919, 654,  116.0,  23,  Nuc466272,  3013,  0, 0, 0, , 0, 0, 0, 0, 0,
47,  1,  36,  52,  -1,  940, 654,  111.0,  23,  Nuc478765,  3057,  0, 0, 0, , 0, 0, 0, 0, 0,
48,  1,  37,  53,  -1,  863, 718,  120.0,  23,  Nuc497638,  2505,  0, 0, 0, , 0, 0, 0, 0, 0,
49,  1,  37,  54,  -1,  881, 732,  114.0,  23,  Nuc541217,  3034,  0, 0, 0, , 0, 0, 0, 0, 0,
50,  1,  38,  55,  -1,  796, 741,  133.0,  23,  Nuc546698,  2781,  0, 0, 0, , 0, 0, 0, 0, 0,
51,  1,  39,  56,  -1,  762, 700,  128.0,  23,  Nuc578573,  2711,  0, 0, 0, , 0, 0, 0, 0, 0,
52,  1,  40,  57,  -1,  684, 700,  148.0,  23,  Nuc606112,  2861,  0, 0, 0, , 0, 0, 0, 0, 0,
53,  1,  41,  58,  -1,  728, 733,  152.0,  23,  Nuc668691,  3143,  0, 0, 0, , 0, 0, 0, 0, 0,
54,  1,  42,  59,  -1,  422, 864,  136.0,  23,  Nuc682023,  2551,  0, 0, 0, , 0, 0, 0, 0, 0,
55,  1,  43,  60,  -1,  346, 838,  125.0,  23,  Nuc694386,  2472,  0, 0, 0, , 0, 0, 0, 0, 0,
56,  1,  44,  61,  -1,  397, 830,  143.0,  23,  Nuc701656,  2565,  0, 0, 0, , 0, 0, 0, 0, 0,
57,  1,  45,  62,  -1,  904, 463,  126.0,  21,  Nuc701786,  2734,  0, 0, 0, , 0, 0, 0, 0, 0,
58,  1,  45,  63,  -1,  929, 492,  123.0,  23,  Nuc727140,  3145,  0, 0, 0, , 0, 0, 0, 0, 0,
59,  1,  46,  64,  -1,  848, 458,  140.0,  23,  Nuc736748,  2734,  0, 0, 0, , 0, 0, 0, 0, 0,
60,  1,  47,  65,  -1,  851, 508,  142.0,  23,  Nuc744049,  3147,  0, 0, 0, , 0, 0, 0, 0, 0,
61,  1,  48,  66,  -1,  755, 480,  136.0,  21,  Nuc765531,  2400,  0, 0, 0, , 0, 0, 0, 0, 0,
62,  1,  49,  67,  -1,  743, 531,  141.0,  23,  Nuc777248,  2619,  0, 0, 0, , 0, 0, 0, 0, 0,
63,  1,  50,  68,  -1,  791, 474,  157.0,  23,  Nuc781803,  2966,  0, 0, 0, , 0, 0, 0, 0, 0,
64,  1,  51,  69,  -1,  744, 443,  157.0,  21,  Nuc787798,  2896,  0, 0, 0, , 0, 0, 0, 0, 0,
65,  1,  52,  70,  -1,  799, 614,  137.0,  23,  Nuc799502,  2951,  0, 0, 0, , 0, 0, 0, 0, 0,
66,  1,  53,  71,  -1,  872, 601,  137.0,  23,  Nuc846731,  2813,  0, 0, 0, , 0, 0, 0, 0, 0,
67,  1,  53,  72,  -1,  854, 597,  127.0,  23,  Nuc855266,  2955,  0, 0, 0, , 0, 0, 0, 0, 0,
68,  1,  54,  73,  -1,  939, 570,  120.0,  23,  Nuc895713,  2603,  0, 0, 0, , 0, 0, 0, 0, 0,
69,  1,  54,  74,  -1,  956, 560,  113.0,  23,  Nuc906496,  3143,  0, 0, 0, , 0, 0, 0, 0, 0,
70,  1,  55,  75,  -1,  743, 618,  135.0,  23,  Nuc911877,  2897,  0, 0, 0, , 0, 0, 0, 0, 0,
71,  1,  56,  76,  -1,  763, 647,  158.0,  23,  Nuc952976,  3253,  0, 0, 0, , 0, 0, 0, 0, 0,
72,  1,  57,  77,  -1,  795, 607,  158.0,  23,  Nuc966740,  3220,  0, 0, 0, , 0, 0, 0, 0, 0,
73,  1,  58,  78,  -1,  488, 617,  132.0,  23,  Nuc1024078,  1832,  0, 0, 0, , 0, 0, 0, 0, 0,
74,  1,  59,  -1,  -1,  251, 746,  123.0,  23,  Nuc1057024,  1620,  0, 0, 0, , 0, 0, 0, 0, 0,
75,  1,  60,  79,  -1,  326, 745,  124.0,  25,  Nuc1057026,  2452,  0, 0, 0, , 0, 0, 0, 0, 0,
76,  1,  61,  80,  -1,  460, 761,  128.0,  23,  Nuc1057316,  2157,  0, 0, 0, , 0, 0, 0, 0, 0,
77,  1,  62,  81,  -1,  406, 743,  122.0,  25,  Nuc1057688,  2759,  0, 0, 0, , 0, 0, 0, 0, 0,
78,  1,  63,  82,  -1,  451, 723,  146.0,  23,  Nuc1057714,  3245,  0, 0, 0, , 0, 0, 0, 0, 0,
79,  1,  65,  83,  -1,  559, 667,  141.0,  21,  Nuc1057884,  1527,  0, 0, 0, , 0, 0, 0, 0, 0,
80,  1,  65,  84,  -1,  541, 719,  133.0,  23,  Nuc1091554,  2289,  0, 0, 0, , 0, 0, 0, 0, 0,
81,  1,  66,  85,  -1,  616, 706,  138.0,  23,  Nuc1102187,  2705,  0, 0, 0, , 0, 0, 0, 0, 0,
82,  1,  67,  86,  -1,  600, 754,  129.0,  23,  Nuc1145021,  2372,  0, 0, 0, , 0, 0, 0, 0, 0,
83,  1,  68,  87,  88,  338, 526,  156.0,  23,  Nuc1208097,  2307,  0, 0, 0, , 0, 0, 0, 0, 0,
84,  1,  68,  -1,  -1,  409, 541,  152.0,  23,  Nuc1208157,  1860,  0, 0, 0, , 0, 0, 0, 0, 0,
85,  1,  70,  89,  -1,  477, 532,  135.0,  23,  Nuc1208175,  2456,  0, 0, 0, , 0, 0, 0, 0, 0,
86,  1,  71,  90,  -1,  552, 785,  145.0,  23,  Nuc1210591,  2593,  0, 0, 0, , 0, 0, 0, 0, 0,
87,  1,  72,  91,  -1,  558, 845,  144.0,  23,  Nuc1231721,  2600,  0, 0, 0, , 0, 0, 0, 0, 0,
88,  1,  73,  92,  -1,  469, 828,  150.0,  23,  Nuc1247430,  2784,  0, 0, 0, , 0, 0, 0, 0, 0,
89,  1,  74,  93,  -1,  487, 785,  160.0,  23,  Nuc1262349,  2362,  0, 0, 0, , 0, 0, 0, 0, 0,
90,  1,  75,  94,  -1,  653, 628,  136.0,  23,  Nuc1272743,  2651,  0, 0, 0, , 0, 0, 0, 0, 0,
91,  1,  76,  95,  -1,  635, 634,  149.0,  23,  Nuc1335627,  2489,  0, 0, 0, , 0, 0, 0, 0, 0,
92,  1,  77,  96,  -1,  561, 584,  140.0,  23,  Nuc1336651,  777,  0, 0, 0, , 0, 0, 0, 0, 0,
93,  1,  78,  97,  -1,  601, 550,  139.0,  23,  Nuc1390566,  2403,  0, 0, 0, , 0, 0, 0, 0, 0,
94,  1,  79,  98,  -1,  398, 459,  145.0,  23,  Nuc1418701,  2472,  0, 0, 0, , 0, 0, 0, 0, 0,
95,  1,  81,  99,  -1,  437, 405,  146.0,  25,  Nuc1418759,  2629,  0, 0, 0, , 0, 0, 0, 0, 0,
96,  1,  82,  100,  101,  475, 475,  147.0,  23,  Nuc1418836,  2373,  0, 0, 0, , 0, 0, 0, 0, 0,
97,  1,  83,  102,  -1,  468, 465,  132.0,  27,  Nuc1426612,  3710,  0, 0, 0, , 0, 0, 0, 0, 0,
98,  1,  84,  103,  -1,  549, 482,  132.0,  23,  Nuc1431487,  4061,  0, 0, 0, , 0, 0, 0, 0, 0,
99,  1,  85,  104,  -1,  547, 480,  147.0,  23,  Nuc1468236,  2221,  0, 0, 0, , 0, 0, 0, 0, 0,
100,  1,  86,  105,  -1,  347, 381,  171.0,  23,  Nuc1483207,  999,  0, 0, 0, , 0, 0, 0, 0, 0,
101,  1,  86,  106,  -1,  349, 435,  168.0,  25,  Nuc1492446,  2090,  0, 0, 0, , 0, 0, 0, 0, 0,
102,  1,  87,  107,  -1,  443, 323,  168.0,  23,  Nuc1493207,  2348,  0, 0, 0, , 0, 0, 0, 0, 0,
103,  1,  88,  108,  -1,  397, 343,  163.0,  23,  Nuc1493578,  2606,  0, 0, 0, , 0, 0, 0, 0, 0,
104,  1,  89,  109,  -1,  366, 282,  147.0,  23,  Nuc1494703,  3256,  0, 0, 0, , 0, 0, 0, 0, 0,
105,  1,  90,  110,  -1,  413, 246,  150.0,  23,  Nuc1496349,  2621,  0, 0, 0, , 0, 0, 0, 0, 0,
106,  1,  91,  111,  -1,  641, 327,  155.0,  23,  Nuc1500709,  2593,  0, 0, 0, , 0, 0, 0, 0, 0,
107,  1,  92,  112,  -1,  638, 391,  152.0,  23,  Nuc1508320,  2185,  0, 0, 0, , 0, 0, 0, 0, 0,
108,  1,  93,  113,  -1,  552, 397,  141.0,  23,  Nuc1514852,  3234,  0, 0, 0, , 0, 0, 0, 0, 0,
109,  1,  94,  114,  -1,  593, 353,  135.0,  23,  Nuc1545745,  2261,  0, 0, 0, , 0, 0, 0, 0, 0,
110,  1,  96,  115,  116,  524, 262,  151.0,  23,  Nuc1553345,  2401,  0, 0, 0, , 0, 0, 0, 0, 0,
111,  1,  97,  117,  -1,  566, 310,  161.0,  21,  Nuc1577597,  2535,  0, 0, 0, , 0, 0, 0, 0, 0,
112,  1,  98,  118,  -1,  514, 346,  164.0,  23,  Nuc1584267,  2792,  0, 0, 0, , 0, 0, 0, 0, 0,
113,  1,  99,  119,  -1,  629, 467,  148.0,  23,  Nuc1584566,  2919,  0, 0, 0, , 0, 0, 0, 0, 0,
114,  1,  100,  120,  -1,  668, 453,  137.0,  23,  Nuc1622738,  2513,  0, 0, 0, , 0, 0, 0, 0, 0,
115,  1,  101,  121,  -1,  656, 524,  161.0,  21,  Nuc1640555,  1943,  0, 0, 0, , 0, 0, 0, 0, 0,
116,  1,  102,  122,  -1,  638, 529,  151.0,  23,  Nuc1643503,  4489,  0, 0, 0, , 0, 0, 0, 0, 0,
117,  1,  103,  123,  -1,  684, 584,  157.0,  23,  Nuc1703073,  2984,  0, 0, 0, , 0, 0, 0, 0, 0,
118,  1,  104,  124,  -1,  668, 580,  147.0,  23,  Nuc1707935,  2725,  0, 0, 0, , 0, 0, 0, 0, 0,
119,  1,  105,  125,  -1,  547, 531,  154.0,  23,  Nuc1740599,  5303,  0, 0, 0, , 0, 0, 0, 0, 0,
120,  1,  106,  126,  -1,  521, 578,  153.0,  21,  Nuc1754934,  4180,  0, 0, 0, , 0, 0, 0, 0, 0,
121,  1,  107,  127,  -1,  452, 439,  166.0,  25,  Nuc1759744,  2935,  0, 0, 0, , 0, 0, 0, 0, 0,
122,  1,  108,  128,  129,  497, 494,  164.0,  21,  Nuc1771995,  3044,  0, 0, 0, , 0, 0, 0, 0, 0,
123,  1,  109,  130,  -1,  481, 561,  163.0,  21,  Nuc1773052,  749,  0, 0, 0, , 0, 0, 0, 0, 0,
124,  1,  109,  131,  132,  455, 518,  167.0,  31,  Nuc1773089,  5124,  0, 0, 0, , 0, 0, 0, 0, 0,
125,  1,  111,  133,  -1,  414, 720,  167.0,  23,  Nuc1773158,  2711,  0, 0, 0, , 0, 0, 0, 0, 0,
126,  1,  112,  134,  -1,  325, 701,  162.0,  21,  Nuc1784055,  2172,  0, 0, 0, , 0, 0, 0, 0, 0,
127,  1,  113,  135,  -1,  433, 583,  171.0,  23,  Nuc1785245,  2368,  0, 0, 0, , 0, 0, 0, 0, 0,
128,  1,  114,  136,  -1,  364, 605,  164.0,  21,  Nuc1793805,  993,  0, 0, 0, , 0, 0, 0, 0, 0,
129,  1,  114,  137,  -1,  365, 636,  176.0,  23,  Nuc1793820,  3022,  0, 0, 0, , 0, 0, 0, 0, 0,
130,  1,  115,  138,  -1,  430, 413,  179.0,  23,  Nuc1794099,  3114,  0, 0, 0, , 0, 0, 0, 0, 0,
131,  1,  116,  139,  -1,  541, 406,  176.0,  25,  Nuc1794444,  3461,  0, 0, 0, , 0, 0, 0, 0, 0,
132,  1,  117,  140,  -1,  631, 426,  173.0,  23,  Nuc1800309,  3194,  0, 0, 0, , 0, 0, 0, 0, 0,
133,  1,  118,  141,  -1,  681, 411,  168.0,  25,  Nuc1848853,  3290,  0, 0, 0, , 0, 0, 0, 0, 0,
134,  1,  119,  142,  -1,  688, 504,  173.0,  23,  Nuc1850283,  3624,  0, 0, 0, , 0, 0, 0, 0, 0,
135,  1,  120,  143,  -1,  729, 508,  170.0,  23,  Nuc1858765,  3708,  0, 0, 0, , 0, 0, 0, 0, 0,
136,  1,  121,  144,  -1,  664, 603,  173.0,  23,  Nuc1862195,  3270,  0, 0, 0, , 0, 0, 0, 0, 0,
137,  1,  122,  145,  -1,  728, 564,  163.0,  21,  Nuc1867409,  3747,  0, 0, 0, , 0, 0, 0, 0, 0,
138,  1,  122,  146,  -1,  731, 587,  169.0,  23,  Nuc1868175,  3595,  0, 0, 0, , 0, 0, 0, 0, 0,
139,  1,  123,  147,  -1,  437, 695,  178.0,  25,  Nuc1869371,  2590,  0, 0, 0, , 0, 0, 0, 0, 0,
140,  1,  124,  148,  -1,  625, 722,  166.0,  23,  Nuc1869978,  3162,  0, 0, 0, , 0, 0, 0, 0, 0,
141,  1,  125,  149,  -1,  600, 773,  161.0,  23,  Nuc1871433,  3116,  0, 0, 0, , 0, 0, 0, 0, 0,
142,  1,  126,  150,  -1,  535, 676,  177.0,  23,  Nuc1883022,  3103,  0, 0, 0, , 0, 0, 0, 0, 0,
143,  1,  127,  151,  -1,  518, 731,  172.0,  25,  Nuc1889437,  3367,  0, 0, 0, , 0, 0, 0, 0, 0,
144,  1,  128,  152,  -1,  655, 663,  170.0,  23,  Nuc1892134,  3298,  0, 0, 0, , 0, 0, 0, 0, 0,
145,  1,  129,  153,  -1,  570, 607,  179.0,  23,  Nuc1921258,  3492,  0, 0, 0, , 0, 0, 0, 0, 0,
146,  1,  130,  154,  -1,  590, 506,  181.0,  25,  Nuc1922061,  3022,  0, 0, 0, , 0, 0, 0, 0, 0,
147,  1,  131,  155,  -1,  633, 532,  180.0,  25,  Nuc1922161,  3010,  0, 0, 0, , 0, 0, 0, 0, 0,
148,  1,  132,  156,  -1,  443, 613,  182.0,  23,  Nuc1923275,  2937,  0, 0, 0, , 0, 0, 0, 0, 0,
149,  1,  133,  157,  158,  509, 665,  154.0,  21,  Nuc1934251,  2603,  0, 0, 0, , 0, 0, 0, 0, 0,
150,  1,  134,  159,  -1,  509, 606,  169.0,  23,  Nuc1950037,  3434,  0, 0, 0, , 0, 0, 0, 0, 0,
151,  1,  135,  160,  -1,  403, 549,  185.0,  23,  Nuc1953713,  2604,  0, 0, 0, , 0, 0, 0, 0, 0,
152,  1,  136,  161,  -1,  378, 480,  182.0,  23,  Nuc1954684,  2338,  0, 0, 0, , 0, 0, 0, 0, 0,
153,  1,  137,  162,  -1,  501, 568,  183.0,  23,  Nuc1954918,  2801,  0, 0, 0, , 0, 0, 0, 0, 0,
154,  1,  138,  163,  -1,  539, 539,  181.0,  23,  Nuc1955356,  3305,  0, 0, 0, , 0, 0, 0, 0, 0,
155,  1,  139,  164,  -1,  497, 480,  184.0,  23,  Nuc1968419,  3249,  0, 0, 0, , 0, 0, 0, 0, 0,
156,  1,  140,  165,  -1,  454, 505,  184.0,  23,  Nuc1968581,  3504,  0, 0, 0, , 0, 0, 0, 0, 0,
157,  1,  141,  166,  -1,  576, 591,  164.0,  23,  Nuc1968804,  2646,  0, 0, 0, , 0, 0, 0, 0, 0,
158,  1,  142,  167,  168,  394, 763,  158.0,  23,  Nuc2009217,  2116,  0, 0, 0, , 0, 0, 0, 0, 0,
159,  1,  143,  169,  -1,  387, 803,  122.0,  23,  Nuc2012708,  1647,  0, 0, 0, , 0, 0, 0, 0, 0,
160,  1,  145,  170,  -1,  550, 486,  166.0,  21,  Nuc2012753,  2847,  0, 0, 0, , 0, 0, 0, 0, 0,
161,  1,  146,  171,  -1,  535, 425,  162.0,  25,  Nuc2021725,  3218,  0, 0, 0, , 0, 0, 0, 0, 0,
162,  1,  147,  172,  -1,  594, 518,  164.0,  21,  Nuc2034660,  3520,  0, 0, 0, , 0, 0, 0, 0, 0,
163,  1,  148,  173,  -1,  320, 464,  149.0,  23,  Nuc2064275,  2363,  0, 0, 0, , 0, 0, 0, 0, 0,
164,  1,  148,  174,  -1,  315, 403,  149.0,  23,  Nuc2064473,  1252,  0, 0, 0, , 0, 0, 0, 0, 0,
165,  1,  149,  175,  -1,  335, 342,  155.0,  21,  Nuc2064492,  1906,  0, 0, 0, , 0, 0, 0, 0, 0,
166,  1,  150,  176,  -1,  303, 304,  151.0,  23,  Nuc2064512,  905,  0, 0, 0, , 0, 0, 0, 0, 0,
167,  1,  152,  177,  178,  252, 640,  155.0,  23,  Nuc2064538,  2775,  0, 0, 0, , 0, 0, 0, 0, 0,
168,  1,  153,  179,  180,  376, 359,  131.0,  23,  Nuc2064797,  1712,  0, 0, 0, , 0, 0, 0, 0, 0,
169,  1,  155,  181,  -1,  280, 585,  163.0,  23,  Nuc2070342,  3158,  0, 0, 0, , 0, 0, 0, 0, 0,
170,  1,  155,  182,  -1,  279, 584,  159.0,  23,  Nuc2070346,  2856,  0, 0, 0, , 0, 0, 0, 0, 0,
171,  1,  156,  183,  -1,  309, 543,  172.0,  23,  Nuc2070715,  1972,  0, 0, 0, , 0, 0, 0, 0, 0,
172,  1,  -1,  184,  185,  380, 926,  92.0,  23,  Nuc2070748,  3823,  0, 0, 0, , 0, 0, 0, 0, 0,
173,  1,  -1,  186,  -1,  350, 703,  135.0,  25,  Nuc2080681,  1470,  0, 0, 0, , 0, 0, 0, 0, 0,
174,  1,  -1,  187,  -1,  379, 563,  141.0,  25,  Nuc2080781,  2940,  0, 0, 0, , 0, 0, 0, 0, 0,
175,  1,  -1,  188,  -1,  209, 416,  145.0,  21,  Nuc2080808,  2001,  0, 0, 0, , 0, 0, 0, 0, 0,
176,  1,  -1,  189,  -1,  253, 503,  161.0,  23,  Nuc2081041,  933,  0, 0, 0, , 0, 0, 0, 0, 0,
177,  1,  -1,  190,  -1,  282, 467,  164.0,  21,  Nuc2081043,  837,  0, 0, 0, , 0, 0, 0, 0, 0,
