1,  1,  1,  1,  -1,  505, 962,  88.0,  23,  Nuc41,  1813,  0, 0, 0, , 0, 0, 0, 0, 0,
2,  1,  1,  2,  -1,  465, 957,  86.0,  23,  Nuc7208,  2188,  0, 0, 0, , 0, 0, 0, 0, 0,
3,  1,  2,  3,  -1,  454, 889,  107.0,  21,  Nuc9499,  2176,  0, 0, 0, , 0, 0, 0, 0, 0,
4,  1,  3,  4,  -1,  452, 930,  106.0,  21,  Nuc26061,  1978,  0, 0, 0, , 0, 0, 0, 0, 0,
5,  1,  4,  5,  -1,  720, 904,  98.0,  23,  Nuc29648,  2033,  0, 0, 0, , 0, 0, 0, 0, 0,
6,  1,  4,  6,  -1,  692, 896,  105.0,  23,  Nuc37559,  1994,  0, 0, 0, , 0, 0, 0, 0, 0,
7,  1,  5,  7,  -1,  625, 947,  93.0,  23,  Nuc47863,  1955,  0, 0, 0, , 0, 0, 0, 0, 0,
8,  1,  5,  8,  -1,  642, 960,  86.0,  23,  Nuc51534,  2047,  0, 0, 0, , 0, 0, 0, 0, 0,
9,  1,  6,  9,  -1,  627, 863,  122.0,  23,  Nuc63960,  2258,  0, 0, 0, , 0, 0, 0, 0, 0,
10,  1,  7,  10,  -1,  579, 827,  119.0,  21,  Nuc65752,  2040,  0, 0, 0, , 0, 0, 0, 0, 0,
11,  1,  8,  11,  -1,  546, 928,  102.0,  23,  Nuc69321,  1957,  0, 0, 0, , 0, 0, 0, 0, 0,
12,  1,  9,  12,  -1,  588, 929,  109.0,  23,  Nuc73704,  2153,  0, 0, 0, , 0, 0, 0, 0, 0,
13,  1,  10,  13,  -1,  456, 834,  118.0,  23,  Nuc90571,  1381,  0, 0, 0, , 0, 0, 0, 0, 0,
14,  1,  11,  14,  -1,  516, 826,  121.0,  23,  Nuc102419,  1832,  0, 0, 0, , 0, 0, 0, 0, 0,
15,  1,  12,  15,  -1,  533, 909,  121.0,  23,  Nuc144293,  2032,  0, 0, 0, , 0, 0, 0, 0, 0,
16,  1,  13,  16,  -1,  480, 899,  125.0,  23,  Nuc146827,  2077,  0, 0, 0, , 0, 0, 0, 0, 0,
17,  1,  14,  17,  -1,  322, 211,  117.0,  21,  Nuc152743,  1136,  0, 0, 0, , 0, 0, 0, 0, 0,
18,  1,  15,  18,  -1,  308, 181,  112.0,  23,  Nuc152746,  1355,  0, 0, 0, , 0, 0, 0, 0, 0,
19,  1,  16,  19,  -1,  314, 249,  131.0,  21,  Nuc152795,  1167,  0, 0, 0, , 0, 0, 0, 0, 0,
20,  1,  17,  20,  -1,  692, 775,  123.0,  23,  Nuc152887,  2374,  0, 0, 0, , 0, 0, 0, 0, 0,
21,  1,  18,  21,  -1,  702, 838,  123.0,  23,  Nuc173360,  2581,  0, 0, 0, , 0, 0, 0, 0, 0,
22,  1,  19,  22,  -1,  679, 783,  148.0,  23,  Nuc190542,  3096,  0, 0, 0, , 0, 0, 0, 0, 0,
23,  1,  20,  23,  -1,  653, 833,  141.0,  21,  Nuc205675,  2924,  0, 0, 0, , 0, 0, 0, 0, 0,
24,  1,  21,  24,  -1,  833, 804,  108.0,  23,  Nuc209740,  1975,  0, 0, 0, , 0, 0, 0, 0, 0,
25,  1,  22,  25,  -1,  839, 829,  100.0,  25,  Nuc215636,  2939,  0, 0, 0, , 0, 0, 0, 0, 0,
26,  1,  23,  26,  -1,  780, 815,  120.0,  23,  Nuc230355,  2545,  0, 0, 0, , 0, 0, 0, 0, 0,
27,  1,  24,  27,  -1,  771, 854,  112.0,  23,  Nuc248250,  2674,  0, 0, 0, , 0, 0, 0, 0, 0,
28,  1,  25,  28,  -1,  763, 213,  108.0,  23,  Nuc251861,  1968,  0, 0, 0, , 0, 0, 0, 0, 0,
29,  1,  25,  29,  -1,  727, 191,  106.0,  23,  Nuc260690,  1719,  0, 0, 0, , 0, 0, 0, 0, 0,
30,  1,  26,  30,  -1,  643, 209,  124.0,  23,  Nuc264734,  2013,  0, 0, 0, , 0, 0, 0, 0, 0,
31,  1,  27,  31,  -1,  682, 220,  130.0,  23,  Nuc272758,  2332,  0, 0, 0, , 0, 0, 0, 0, 0,
32,  1,  28,  32,  -1,  546, 255,  131.0,  21,  Nuc274962,  1267,  0, 0, 0, , 0, 0, 0, 0, 0,
33,  1,  29,  33,  -1,  591, 229,  138.0,  21,  Nuc283108,  2253,  0, 0, 0, , 0, 0, 0, 0, 0,
34,  1,  30,  34,  -1,  583, 186,  118.0,  21,  Nuc293734,  1556,  0, 0, 0, , 0, 0, 0, 0, 0,
35,  1,  31,  35,  -1,  593, 150,  110.0,  23,  Nuc306810,  1966,  0, 0, 0, , 0, 0, 0, 0, 0,
36,  1,  32,  36,  -1,  891, 346,  111.0,  23,  Nuc314300,  2218,  0, 0, 0, , 0, 0, 0, 0, 0,
37,  1,  32,  37,  -1,  910, 382,  112.0,  23,  Nuc326386,  2527,  0, 0, 0, , 0, 0, 0, 0, 0,
38,  1,  33,  38,  -1,  801, 320,  126.0,  21,  Nuc343652,  2538,  0, 0, 0, , 0, 0, 0, 0, 0,
39,  1,  34,  39,  -1,  833, 356,  128.0,  21,  Nuc359663,  2448,  0, 0, 0, , 0, 0, 0, 0, 0,
40,  1,  35,  40,  -1,  761, 358,  146.0,  21,  Nuc370584,  2539,  0, 0, 0, , 0, 0, 0, 0, 0,
41,  1,  36,  41,  -1,  706, 356,  138.0,  23,  Nuc386062,  2222,  0, 0, 0, , 0, 0, 0, 0, 0,
42,  1,  37,  42,  -1,  675, 290,  135.0,  21,  Nuc406951,  2063,  0, 0, 0, , 0, 0, 0, 0, 0,
43,  1,  38,  43,  -1,  736, 276,  133.0,  21,  Nuc441221,  2614,  0, 0, 0, , 0, 0, 0, 0, 0,
44,  1,  39,  44,  -1,  403, 144,  108.0,  25,  Nuc445489,  1525,  0, 0, 0, , 0, 0, 0, 0, 0,
45,  1,  40,  45,  -1,  392, 162,  117.0,  23,  Nuc450532,  1594,  0, 0, 0, , 0, 0, 0, 0, 0,
46,  1,  41,  46,  -1,  391, 227,  131.0,  23,  Nuc451824,  1642,  0, 0, 0, , 0, 0, 0, 0, 0,
47,  1,  42,  47,  -1,  486, 139,  113.0,  21,  Nuc454655,  1652,  0, 0, 0, , 0, 0, 0, 0, 0,
48,  1,  43,  48,  -1,  476, 167,  120.0,  23,  Nuc457631,  1486,  0, 0, 0, , 0, 0, 0, 0, 0,
49,  1,  44,  49,  -1,  461, 248,  130.0,  23,  Nuc460131,  1721,  0, 0, 0, , 0, 0, 0, 0, 0,
50,  1,  45,  50,  -1,  482, 202,  137.0,  23,  Nuc462361,  1743,  0, 0, 0, , 0, 0, 0, 0, 0,
51,  1,  46,  51,  -1,  914, 654,  118.0,  23,  Nuc466273,  2847,  0, 0, 0, , 0, 0, 0, 0, 0,
52,  1,  47,  52,  -1,  944, 656,  109.0,  23,  Nuc478766,  2840,  0, 0, 0, , 0, 0, 0, 0, 0,
53,  1,  48,  53,  -1,  857, 717,  122.0,  23,  Nuc497639,  2556,  0, 0, 0, , 0, 0, 0, 0, 0,
54,  1,  49,  54,  -1,  884, 735,  112.0,  23,  Nuc541218,  2555,  0, 0, 0, , 0, 0, 0, 0, 0,
55,  1,  50,  55,  -1,  794, 738,  134.0,  21,  Nuc546699,  2844,  0, 0, 0, , 0, 0, 0, 0, 0,
56,  1,  51,  56,  -1,  754, 693,  127.0,  23,  Nuc578574,  2501,  0, 0, 0, , 0, 0, 0, 0, 0,
57,  1,  52,  57,  -1,  680, 697,  147.0,  21,  Nuc606113,  2963,  0, 0, 0, , 0, 0, 0, 0, 0,
58,  1,  53,  58,  -1,  725, 731,  153.0,  23,  Nuc668692,  3010,  0, 0, 0, , 0, 0, 0, 0, 0,
59,  1,  54,  59,  -1,  422, 862,  136.0,  21,  Nuc682024,  2555,  0, 0, 0, , 0, 0, 0, 0, 0,
60,  1,  55,  60,  -1,  348, 835,  126.0,  21,  Nuc694387,  2447,  0, 0, 0, , 0, 0, 0, 0, 0,
61,  1,  56,  61,  -1,  396, 828,  142.0,  21,  Nuc701657,  2316,  0, 0, 0, , 0, 0, 0, 0, 0,
62,  1,  57,  62,  -1,  900, 456,  126.0,  21,  Nuc701787,  2708,  0, 0, 0, , 0, 0, 0, 0, 0,
63,  1,  58,  63,  -1,  934, 492,  123.0,  23,  Nuc727141,  2730,  0, 0, 0, , 0, 0, 0, 0, 0,
64,  1,  59,  64,  -1,  848, 453,  141.0,  21,  Nuc736749,  3140,  0, 0, 0, , 0, 0, 0, 0, 0,
65,  1,  60,  65,  -1,  854, 514,  143.0,  23,  Nuc744050,  2618,  0, 0, 0, , 0, 0, 0, 0, 0,
66,  1,  61,  66,  -1,  759, 474,  135.0,  21,  Nuc765532,  2357,  0, 0, 0, , 0, 0, 0, 0, 0,
67,  1,  62,  67,  -1,  748, 536,  141.0,  21,  Nuc777249,  2668,  0, 0, 0, , 0, 0, 0, 0, 0,
68,  1,  63,  68,  -1,  794, 473,  157.0,  23,  Nuc781804,  3285,  0, 0, 0, , 0, 0, 0, 0, 0,
69,  1,  64,  69,  -1,  739, 437,  158.0,  21,  Nuc787799,  3115,  0, 0, 0, , 0, 0, 0, 0, 0,
70,  1,  65,  70,  -1,  796, 613,  138.0,  23,  Nuc799503,  2899,  0, 0, 0, , 0, 0, 0, 0, 0,
71,  1,  66,  71,  -1,  870, 601,  138.0,  21,  Nuc846732,  2757,  0, 0, 0, , 0, 0, 0, 0, 0,
72,  1,  67,  72,  -1,  848, 597,  125.0,  23,  Nuc855267,  2635,  0, 0, 0, , 0, 0, 0, 0, 0,
73,  1,  68,  73,  -1,  936, 575,  122.0,  23,  Nuc895714,  2561,  0, 0, 0, , 0, 0, 0, 0, 0,
74,  1,  69,  74,  -1,  960, 557,  112.0,  23,  Nuc906497,  3042,  0, 0, 0, , 0, 0, 0, 0, 0,
75,  1,  70,  75,  -1,  736, 616,  136.0,  23,  Nuc911878,  2990,  0, 0, 0, , 0, 0, 0, 0, 0,
76,  1,  71,  76,  -1,  763, 649,  159.0,  23,  Nuc952977,  3179,  0, 0, 0, , 0, 0, 0, 0, 0,
77,  1,  72,  77,  -1,  796, 602,  158.0,  23,  Nuc966741,  3528,  0, 0, 0, , 0, 0, 0, 0, 0,
78,  1,  73,  78,  79,  490, 617,  132.0,  23,  Nuc1024079,  1763,  0, 0, 0, , 0, 0, 0, 0, 0,
79,  1,  75,  80,  -1,  328, 740,  124.0,  23,  Nuc1057027,  949,  0, 0, 0, , 0, 0, 0, 0, 0,
80,  1,  76,  81,  -1,  464, 759,  128.0,  21,  Nuc1057317,  2316,  0, 0, 0, , 0, 0, 0, 0, 0,
81,  1,  77,  82,  -1,  410, 740,  122.0,  23,  Nuc1057689,  2634,  0, 0, 0, , 0, 0, 0, 0, 0,
82,  1,  78,  83,  -1,  453, 720,  146.0,  23,  Nuc1057715,  3203,  0, 0, 0, , 0, 0, 0, 0, 0,
83,  1,  79,  84,  -1,  556, 666,  141.0,  21,  Nuc1057885,  2396,  0, 0, 0, , 0, 0, 0, 0, 0,
84,  1,  80,  85,  -1,  541, 720,  133.0,  25,  Nuc1091555,  2242,  0, 0, 0, , 0, 0, 0, 0, 0,
85,  1,  81,  86,  -1,  613, 703,  136.0,  23,  Nuc1102188,  2910,  0, 0, 0, , 0, 0, 0, 0, 0,
86,  1,  82,  87,  -1,  600, 752,  128.0,  23,  Nuc1145022,  2688,  0, 0, 0, , 0, 0, 0, 0, 0,
87,  1,  83,  88,  89,  316, 532,  145.0,  23,  Nuc1208098,  1308,  0, 0, 0, , 0, 0, 0, 0, 0,
88,  1,  83,  90,  -1,  342, 524,  155.0,  23,  Nuc1208138,  1916,  0, 0, 0, , 0, 0, 0, 0, 0,
89,  1,  85,  91,  -1,  477, 532,  135.0,  23,  Nuc1208176,  2350,  0, 0, 0, , 0, 0, 0, 0, 0,
90,  1,  86,  92,  -1,  554, 787,  145.0,  21,  Nuc1210592,  2572,  0, 0, 0, , 0, 0, 0, 0, 0,
91,  1,  87,  93,  -1,  555, 843,  145.0,  23,  Nuc1231722,  2477,  0, 0, 0, , 0, 0, 0, 0, 0,
92,  1,  88,  94,  -1,  468, 825,  151.0,  23,  Nuc1247431,  3245,  0, 0, 0, , 0, 0, 0, 0, 0,
93,  1,  89,  95,  -1,  487, 786,  160.0,  23,  Nuc1262350,  2723,  0, 0, 0, , 0, 0, 0, 0, 0,
94,  1,  90,  96,  -1,  657, 628,  135.0,  23,  Nuc1272744,  2521,  0, 0, 0, , 0, 0, 0, 0, 0,
95,  1,  91,  97,  -1,  631, 631,  149.0,  23,  Nuc1335628,  3147,  0, 0, 0, , 0, 0, 0, 0, 0,
96,  1,  92,  98,  -1,  562, 589,  139.0,  23,  Nuc1336652,  1512,  0, 0, 0, , 0, 0, 0, 0, 0,
97,  1,  93,  99,  -1,  606, 545,  139.0,  23,  Nuc1390567,  2395,  0, 0, 0, , 0, 0, 0, 0, 0,
98,  1,  94,  100,  -1,  398, 462,  145.0,  23,  Nuc1418702,  2048,  0, 0, 0, , 0, 0, 0, 0, 0,
99,  1,  95,  101,  -1,  439, 406,  147.0,  23,  Nuc1418760,  3147,  0, 0, 0, , 0, 0, 0, 0, 0,
100,  1,  96,  102,  -1,  458, 522,  154.0,  25,  Nuc1418837,  754,  0, 0, 0, , 0, 0, 0, 0, 0,
101,  1,  96,  103,  -1,  475, 474,  146.0,  23,  Nuc1426607,  2179,  0, 0, 0, , 0, 0, 0, 0, 0,
102,  1,  97,  104,  105,  467, 467,  131.0,  27,  Nuc1426613,  3613,  0, 0, 0, , 0, 0, 0, 0, 0,
103,  1,  98,  106,  -1,  548, 482,  130.0,  25,  Nuc1431488,  3326,  0, 0, 0, , 0, 0, 0, 0, 0,
104,  1,  99,  107,  -1,  547, 479,  146.0,  21,  Nuc1468237,  664,  0, 0, 0, , 0, 0, 0, 0, 0,
105,  1,  100,  108,  -1,  345, 382,  172.0,  23,  Nuc1483208,  1272,  0, 0, 0, , 0, 0, 0, 0, 0,
106,  1,  101,  109,  -1,  351, 437,  169.0,  23,  Nuc1492447,  2688,  0, 0, 0, , 0, 0, 0, 0, 0,
107,  1,  102,  110,  -1,  439, 323,  168.0,  23,  Nuc1493208,  2100,  0, 0, 0, , 0, 0, 0, 0, 0,
108,  1,  103,  111,  -1,  398, 341,  163.0,  21,  Nuc1493579,  2727,  0, 0, 0, , 0, 0, 0, 0, 0,
109,  1,  104,  112,  -1,  369, 282,  147.0,  23,  Nuc1494704,  3272,  0, 0, 0, , 0, 0, 0, 0, 0,
110,  1,  105,  113,  -1,  413, 247,  150.0,  23,  Nuc1496350,  2539,  0, 0, 0, , 0, 0, 0, 0, 0,
111,  1,  106,  114,  -1,  637, 331,  155.0,  23,  Nuc1500710,  2610,  0, 0, 0, , 0, 0, 0, 0, 0,
112,  1,  107,  115,  -1,  634, 393,  151.0,  21,  Nuc1508321,  1665,  0, 0, 0, , 0, 0, 0, 0, 0,
113,  1,  108,  116,  -1,  549, 400,  142.0,  23,  Nuc1514853,  3166,  0, 0, 0, , 0, 0, 0, 0, 0,
114,  1,  109,  117,  -1,  593, 352,  136.0,  23,  Nuc1545746,  2059,  0, 0, 0, , 0, 0, 0, 0, 0,
115,  1,  110,  118,  -1,  489, 312,  146.0,  21,  Nuc1553346,  1997,  0, 0, 0, , 0, 0, 0, 0, 0,
116,  1,  110,  119,  -1,  520, 262,  151.0,  23,  Nuc1572614,  2567,  0, 0, 0, , 0, 0, 0, 0, 0,
117,  1,  111,  120,  -1,  563, 310,  162.0,  21,  Nuc1577598,  2861,  0, 0, 0, , 0, 0, 0, 0, 0,
118,  1,  112,  121,  -1,  516, 345,  165.0,  21,  Nuc1584268,  2785,  0, 0, 0, , 0, 0, 0, 0, 0,
119,  1,  113,  122,  -1,  631, 470,  147.0,  23,  Nuc1584567,  3256,  0, 0, 0, , 0, 0, 0, 0, 0,
120,  1,  114,  123,  -1,  669, 455,  137.0,  23,  Nuc1622739,  2545,  0, 0, 0, , 0, 0, 0, 0, 0,
121,  1,  115,  124,  125,  663, 531,  161.0,  21,  Nuc1640556,  2134,  0, 0, 0, , 0, 0, 0, 0, 0,
122,  1,  116,  126,  -1,  637, 527,  150.0,  23,  Nuc1643504,  4283,  0, 0, 0, , 0, 0, 0, 0, 0,
123,  1,  117,  127,  -1,  686, 583,  157.0,  21,  Nuc1703074,  2129,  0, 0, 0, , 0, 0, 0, 0, 0,
124,  1,  118,  128,  -1,  666, 573,  145.0,  25,  Nuc1707936,  3034,  0, 0, 0, , 0, 0, 0, 0, 0,
125,  1,  119,  129,  -1,  544, 532,  155.0,  21,  Nuc1740600,  3592,  0, 0, 0, , 0, 0, 0, 0, 0,
126,  1,  120,  130,  131,  517, 578,  154.0,  21,  Nuc1754935,  3370,  0, 0, 0, , 0, 0, 0, 0, 0,
127,  1,  121,  132,  -1,  452, 438,  167.0,  23,  Nuc1759745,  4055,  0, 0, 0, , 0, 0, 0, 0, 0,
128,  1,  122,  -1,  -1,  453, 503,  163.0,  29,  Nuc1771996,  4380,  0, 0, 0, , 0, 0, 0, 0, 0,
129,  1,  122,  133,  -1,  498, 494,  164.0,  21,  Nuc1771997,  3636,  0, 0, 0, , 0, 0, 0, 0, 0,
130,  1,  123,  134,  -1,  482, 558,  163.0,  21,  Nuc1773053,  621,  0, 0, 0, , 0, 0, 0, 0, 0,
131,  1,  124,  135,  -1,  408, 498,  170.0,  21,  Nuc1773090,  921,  0, 0, 0, , 0, 0, 0, 0, 0,
132,  1,  124,  136,  -1,  454, 511,  166.0,  29,  Nuc1773104,  9233,  0, 0, 0, , 0, 0, 0, 0, 0,
133,  1,  125,  137,  -1,  414, 711,  167.0,  23,  Nuc1773159,  2637,  0, 0, 0, , 0, 0, 0, 0, 0,
134,  1,  126,  138,  139,  324, 698,  163.0,  21,  Nuc1784056,  3116,  0, 0, 0, , 0, 0, 0, 0, 0,
135,  1,  127,  140,  -1,  431, 583,  170.0,  23,  Nuc1785246,  2457,  0, 0, 0, , 0, 0, 0, 0, 0,
136,  1,  128,  141,  -1,  364, 605,  164.0,  23,  Nuc1793806,  2402,  0, 0, 0, , 0, 0, 0, 0, 0,
137,  1,  129,  142,  -1,  363, 634,  177.0,  23,  Nuc1793821,  3064,  0, 0, 0, , 0, 0, 0, 0, 0,
138,  1,  130,  143,  -1,  431, 410,  178.0,  23,  Nuc1794100,  3943,  0, 0, 0, , 0, 0, 0, 0, 0,
139,  1,  131,  144,  -1,  541, 406,  176.0,  25,  Nuc1794445,  3534,  0, 0, 0, , 0, 0, 0, 0, 0,
140,  1,  132,  145,  -1,  632, 429,  172.0,  23,  Nuc1800310,  3406,  0, 0, 0, , 0, 0, 0, 0, 0,
141,  1,  133,  146,  -1,  678, 412,  168.0,  23,  Nuc1848854,  2850,  0, 0, 0, , 0, 0, 0, 0, 0,
142,  1,  134,  147,  -1,  684, 505,  174.0,  23,  Nuc1850284,  3592,  0, 0, 0, , 0, 0, 0, 0, 0,
143,  1,  135,  148,  -1,  729, 506,  170.0,  23,  Nuc1858766,  3094,  0, 0, 0, , 0, 0, 0, 0, 0,
144,  1,  136,  149,  -1,  663, 602,  172.0,  21,  Nuc1862196,  3434,  0, 0, 0, , 0, 0, 0, 0, 0,
145,  1,  137,  150,  -1,  724, 556,  160.0,  23,  Nuc1867410,  3267,  0, 0, 0, , 0, 0, 0, 0, 0,
146,  1,  138,  151,  -1,  729, 587,  169.0,  23,  Nuc1868176,  2951,  0, 0, 0, , 0, 0, 0, 0, 0,
147,  1,  139,  152,  -1,  437, 692,  177.0,  23,  Nuc1869372,  3282,  0, 0, 0, , 0, 0, 0, 0, 0,
148,  1,  140,  153,  -1,  623, 720,  166.0,  23,  Nuc1869979,  3201,  0, 0, 0, , 0, 0, 0, 0, 0,
149,  1,  141,  154,  -1,  600, 769,  161.0,  23,  Nuc1871434,  3580,  0, 0, 0, , 0, 0, 0, 0, 0,
150,  1,  142,  155,  -1,  536, 676,  177.0,  23,  Nuc1883023,  3180,  0, 0, 0, , 0, 0, 0, 0, 0,
151,  1,  143,  156,  -1,  521, 728,  172.0,  23,  Nuc1889438,  3476,  0, 0, 0, , 0, 0, 0, 0, 0,
152,  1,  144,  157,  -1,  654, 657,  170.0,  23,  Nuc1892135,  3313,  0, 0, 0, , 0, 0, 0, 0, 0,
153,  1,  145,  158,  159,  572, 604,  179.0,  23,  Nuc1921259,  3700,  0, 0, 0, , 0, 0, 0, 0, 0,
154,  1,  146,  160,  -1,  588, 505,  181.0,  23,  Nuc1922062,  3194,  0, 0, 0, , 0, 0, 0, 0, 0,
155,  1,  147,  161,  -1,  633, 532,  179.0,  23,  Nuc1922162,  3653,  0, 0, 0, , 0, 0, 0, 0, 0,
156,  1,  148,  162,  163,  444, 612,  182.0,  23,  Nuc1923276,  2991,  0, 0, 0, , 0, 0, 0, 0, 0,
157,  1,  149,  164,  -1,  459, 644,  158.0,  27,  Nuc1934252,  390,  0, 0, 0, , 0, 0, 0, 0, 0,
158,  1,  149,  165,  -1,  512, 667,  155.0,  21,  Nuc1943205,  1841,  0, 0, 0, , 0, 0, 0, 0, 0,
159,  1,  150,  166,  -1,  509, 605,  169.0,  21,  Nuc1950038,  3164,  0, 0, 0, , 0, 0, 0, 0, 0,
160,  1,  151,  167,  -1,  402, 548,  185.0,  23,  Nuc1953714,  2617,  0, 0, 0, , 0, 0, 0, 0, 0,
161,  1,  152,  168,  -1,  377, 479,  181.0,  23,  Nuc1954685,  2344,  0, 0, 0, , 0, 0, 0, 0, 0,
162,  1,  153,  169,  170,  502, 566,  183.0,  21,  Nuc1954919,  2964,  0, 0, 0, , 0, 0, 0, 0, 0,
163,  1,  154,  171,  -1,  537, 541,  180.0,  21,  Nuc1955357,  4025,  0, 0, 0, , 0, 0, 0, 0, 0,
164,  1,  155,  172,  -1,  496, 479,  184.0,  23,  Nuc1968420,  3076,  0, 0, 0, , 0, 0, 0, 0, 0,
165,  1,  156,  173,  -1,  454, 503,  184.0,  21,  Nuc1968582,  3645,  0, 0, 0, , 0, 0, 0, 0, 0,
166,  1,  157,  174,  -1,  576, 596,  163.0,  21,  Nuc1968805,  2403,  0, 0, 0, , 0, 0, 0, 0, 0,
167,  1,  158,  175,  -1,  349, 773,  148.0,  23,  Nuc2009218,  1006,  0, 0, 0, , 0, 0, 0, 0, 0,
168,  1,  158,  176,  -1,  394, 762,  158.0,  23,  Nuc2009227,  2502,  0, 0, 0, , 0, 0, 0, 0, 0,
169,  1,  159,  177,  -1,  387, 802,  123.0,  21,  Nuc2012709,  1571,  0, 0, 0, , 0, 0, 0, 0, 0,
170,  1,  160,  178,  179,  551, 487,  166.0,  21,  Nuc2012754,  3311,  0, 0, 0, , 0, 0, 0, 0, 0,
171,  1,  161,  180,  -1,  536, 427,  162.0,  23,  Nuc2021726,  2917,  0, 0, 0, , 0, 0, 0, 0, 0,
172,  1,  162,  181,  182,  594, 515,  163.0,  21,  Nuc2034661,  3568,  0, 0, 0, , 0, 0, 0, 0, 0,
173,  1,  163,  183,  -1,  320, 464,  148.0,  21,  Nuc2064276,  1906,  0, 0, 0, , 0, 0, 0, 0, 0,
174,  1,  164,  184,  -1,  316, 404,  149.0,  23,  Nuc2064474,  1670,  0, 0, 0, , 0, 0, 0, 0, 0,
175,  1,  165,  185,  -1,  330, 342,  155.0,  23,  Nuc2064493,  1835,  0, 0, 0, , 0, 0, 0, 0, 0,
176,  1,  166,  186,  -1,  303, 304,  151.0,  21,  Nuc2064513,  538,  0, 0, 0, , 0, 0, 0, 0, 0,
177,  1,  167,  187,  188,  265, 697,  148.0,  23,  Nuc2064539,  1254,  0, 0, 0, , 0, 0, 0, 0, 0,
178,  1,  167,  189,  -1,  253, 641,  154.0,  23,  Nuc2064695,  2407,  0, 0, 0, , 0, 0, 0, 0, 0,
179,  1,  168,  190,  -1,  431, 335,  132.0,  21,  Nuc2064798,  1966,  0, 0, 0, , 0, 0, 0, 0, 0,
180,  1,  168,  191,  -1,  379, 359,  131.0,  23,  Nuc2070261,  1678,  0, 0, 0, , 0, 0, 0, 0, 0,
181,  1,  169,  192,  -1,  281, 588,  165.0,  21,  Nuc2070343,  2590,  0, 0, 0, , 0, 0, 0, 0, 0,
182,  1,  170,  193,  -1,  280, 588,  161.0,  23,  Nuc2070347,  2590,  0, 0, 0, , 0, 0, 0, 0, 0,
183,  1,  171,  194,  195,  306, 543,  172.0,  23,  Nuc2070716,  1649,  0, 0, 0, , 0, 0, 0, 0, 0,
184,  1,  172,  196,  -1,  375, 918,  98.0,  23,  Nuc2070749,  1553,  0, 0, 0, , 0, 0, 0, 0, 0,
185,  1,  172,  197,  -1,  380, 932,  89.0,  23,  Nuc2080647,  1150,  0, 0, 0, , 0, 0, 0, 0, 0,
186,  1,  173,  198,  199,  355, 701,  135.0,  23,  Nuc2080682,  604,  0, 0, 0, , 0, 0, 0, 0, 0,
187,  1,  174,  200,  -1,  380, 564,  140.0,  23,  Nuc2080782,  3007,  0, 0, 0, , 0, 0, 0, 0, 0,
188,  1,  175,  201,  202,  209, 416,  144.0,  23,  Nuc2080809,  267,  0, 0, 0, , 0, 0, 0, 0, 0,
189,  1,  176,  -1,  -1,  253, 501,  160.0,  21,  Nuc2081042,  241,  0, 0, 0, , 0, 0, 0, 0, 0,
190,  1,  177,  203,  -1,  284, 465,  164.0,  21,  Nuc2081044,  2820,  0, 0, 0, , 0, 0, 0, 0, 0,
191,  1,  -1,  204,  205,  381, 840,  110.0,  23,  Nuc2084882,  1236,  0, 0, 0, , 0, 0, 0, 0, 0,
192,  1,  -1,  206,  207,  299, 385,  136.0,  23,  Nuc2088389,  1272,  0, 0, 0, , 0, 0, 0, 0, 0,
