1,  1,  1,  1,  -1,  506, 964,  88.0,  23,  Nuc42,  1906,  0, 0, 0, , 0, 0, 0, 0, 0,
2,  1,  2,  2,  -1,  460, 956,  86.0,  23,  Nuc7209,  2042,  0, 0, 0, , 0, 0, 0, 0, 0,
3,  1,  3,  3,  -1,  453, 879,  107.0,  23,  Nuc9500,  2889,  0, 0, 0, , 0, 0, 0, 0, 0,
4,  1,  4,  4,  -1,  452, 929,  107.0,  21,  Nuc26062,  2257,  0, 0, 0, , 0, 0, 0, 0, 0,
5,  1,  5,  5,  -1,  726, 905,  98.0,  23,  Nuc29649,  2080,  0, 0, 0, , 0, 0, 0, 0, 0,
6,  1,  6,  6,  -1,  687, 894,  107.0,  23,  Nuc37560,  1998,  0, 0, 0, , 0, 0, 0, 0, 0,
7,  1,  7,  7,  -1,  621, 944,  96.0,  23,  Nuc47864,  1791,  0, 0, 0, , 0, 0, 0, 0, 0,
8,  1,  8,  8,  -1,  642, 960,  86.0,  23,  Nuc51535,  1866,  0, 0, 0, , 0, 0, 0, 0, 0,
9,  1,  9,  9,  -1,  622, 861,  123.0,  23,  Nuc63961,  2156,  0, 0, 0, , 0, 0, 0, 0, 0,
10,  1,  10,  10,  -1,  578, 824,  119.0,  21,  Nuc65753,  2557,  0, 0, 0, , 0, 0, 0, 0, 0,
11,  1,  11,  11,  -1,  541, 929,  102.0,  23,  Nuc69322,  2223,  0, 0, 0, , 0, 0, 0, 0, 0,
12,  1,  12,  12,  -1,  584, 929,  110.0,  23,  Nuc73705,  1942,  0, 0, 0, , 0, 0, 0, 0, 0,
13,  1,  13,  13,  -1,  456, 828,  118.0,  21,  Nuc90572,  1752,  0, 0, 0, , 0, 0, 0, 0, 0,
14,  1,  14,  14,  -1,  516, 822,  121.0,  21,  Nuc102420,  1886,  0, 0, 0, , 0, 0, 0, 0, 0,
15,  1,  15,  15,  -1,  530, 908,  121.0,  23,  Nuc144294,  2381,  0, 0, 0, , 0, 0, 0, 0, 0,
16,  1,  16,  16,  -1,  480, 898,  125.0,  21,  Nuc146828,  2376,  0, 0, 0, , 0, 0, 0, 0, 0,
17,  1,  17,  -1,  -1,  321, 214,  120.0,  21,  Nuc152744,  1087,  0, 0, 0, , 0, 0, 0, 0, 0,
18,  1,  18,  17,  -1,  307, 179,  112.0,  23,  Nuc152747,  1388,  0, 0, 0, , 0, 0, 0, 0, 0,
19,  1,  19,  18,  -1,  314, 252,  132.0,  21,  Nuc152796,  1622,  0, 0, 0, , 0, 0, 0, 0, 0,
20,  1,  20,  19,  -1,  688, 774,  123.0,  23,  Nuc152888,  3145,  0, 0, 0, , 0, 0, 0, 0, 0,
21,  1,  21,  20,  -1,  700, 834,  124.0,  23,  Nuc173361,  2412,  0, 0, 0, , 0, 0, 0, 0, 0,
22,  1,  22,  21,  -1,  681, 781,  147.0,  23,  Nuc190543,  2931,  0, 0, 0, , 0, 0, 0, 0, 0,
23,  1,  23,  22,  -1,  653, 832,  141.0,  23,  Nuc205676,  2875,  0, 0, 0, , 0, 0, 0, 0, 0,
24,  1,  24,  23,  -1,  831, 802,  109.0,  25,  Nuc209741,  2143,  0, 0, 0, , 0, 0, 0, 0, 0,
25,  1,  25,  24,  -1,  838, 832,  99.0,  25,  Nuc215637,  2974,  0, 0, 0, , 0, 0, 0, 0, 0,
26,  1,  26,  25,  -1,  781, 813,  121.0,  23,  Nuc230356,  2791,  0, 0, 0, , 0, 0, 0, 0, 0,
27,  1,  27,  26,  -1,  770, 857,  112.0,  23,  Nuc248251,  2730,  0, 0, 0, , 0, 0, 0, 0, 0,
28,  1,  28,  27,  -1,  767, 212,  108.0,  23,  Nuc251862,  2049,  0, 0, 0, , 0, 0, 0, 0, 0,
29,  1,  29,  28,  -1,  722, 187,  106.0,  23,  Nuc260691,  2312,  0, 0, 0, , 0, 0, 0, 0, 0,
30,  1,  30,  29,  -1,  641, 209,  124.0,  23,  Nuc264735,  1914,  0, 0, 0, , 0, 0, 0, 0, 0,
31,  1,  31,  30,  -1,  687, 220,  130.0,  23,  Nuc272759,  2041,  0, 0, 0, , 0, 0, 0, 0, 0,
32,  1,  32,  31,  -1,  544, 259,  130.0,  21,  Nuc274963,  1319,  0, 0, 0, , 0, 0, 0, 0, 0,
33,  1,  33,  32,  -1,  591, 231,  139.0,  21,  Nuc283109,  2367,  0, 0, 0, , 0, 0, 0, 0, 0,
34,  1,  34,  33,  -1,  580, 186,  120.0,  21,  Nuc293735,  626,  0, 0, 0, , 0, 0, 0, 0, 0,
35,  1,  35,  34,  -1,  595, 147,  110.0,  23,  Nuc306811,  1929,  0, 0, 0, , 0, 0, 0, 0, 0,
36,  1,  36,  35,  -1,  891, 341,  111.0,  23,  Nuc314301,  2365,  0, 0, 0, , 0, 0, 0, 0, 0,
37,  1,  37,  36,  -1,  914, 384,  111.0,  23,  Nuc326387,  2627,  0, 0, 0, , 0, 0, 0, 0, 0,
38,  1,  38,  37,  -1,  798, 312,  125.0,  21,  Nuc343653,  2301,  0, 0, 0, , 0, 0, 0, 0, 0,
39,  1,  39,  38,  -1,  838, 355,  129.0,  21,  Nuc359664,  2202,  0, 0, 0, , 0, 0, 0, 0, 0,
40,  1,  40,  39,  -1,  758, 356,  146.0,  21,  Nuc370585,  2758,  0, 0, 0, , 0, 0, 0, 0, 0,
41,  1,  41,  40,  -1,  707, 359,  139.0,  23,  Nuc386063,  2578,  0, 0, 0, , 0, 0, 0, 0, 0,
42,  1,  42,  41,  -1,  669, 292,  136.0,  21,  Nuc406952,  2675,  0, 0, 0, , 0, 0, 0, 0, 0,
43,  1,  43,  42,  -1,  736, 279,  134.0,  21,  Nuc441222,  2564,  0, 0, 0, , 0, 0, 0, 0, 0,
44,  1,  44,  43,  -1,  404, 140,  108.0,  23,  Nuc445490,  1890,  0, 0, 0, , 0, 0, 0, 0, 0,
45,  1,  45,  44,  -1,  392, 163,  118.0,  23,  Nuc450533,  1886,  0, 0, 0, , 0, 0, 0, 0, 0,
46,  1,  46,  45,  -1,  391, 232,  132.0,  21,  Nuc451825,  1562,  0, 0, 0, , 0, 0, 0, 0, 0,
47,  1,  47,  46,  -1,  485, 138,  112.0,  21,  Nuc454656,  1708,  0, 0, 0, , 0, 0, 0, 0, 0,
48,  1,  48,  47,  -1,  472, 171,  122.0,  23,  Nuc457632,  2064,  0, 0, 0, , 0, 0, 0, 0, 0,
49,  1,  49,  48,  -1,  459, 251,  130.0,  21,  Nuc460132,  1756,  0, 0, 0, , 0, 0, 0, 0, 0,
50,  1,  50,  49,  -1,  480, 205,  137.0,  21,  Nuc462362,  2289,  0, 0, 0, , 0, 0, 0, 0, 0,
51,  1,  51,  50,  -1,  910, 656,  120.0,  23,  Nuc466274,  2727,  0, 0, 0, , 0, 0, 0, 0, 0,
52,  1,  52,  51,  -1,  945, 658,  110.0,  23,  Nuc478767,  2850,  0, 0, 0, , 0, 0, 0, 0, 0,
53,  1,  53,  52,  -1,  855, 718,  124.0,  23,  Nuc497640,  2641,  0, 0, 0, , 0, 0, 0, 0, 0,
54,  1,  54,  53,  -1,  885, 734,  112.0,  23,  Nuc541219,  3139,  0, 0, 0, , 0, 0, 0, 0, 0,
55,  1,  55,  54,  -1,  790, 736,  135.0,  21,  Nuc546700,  3061,  0, 0, 0, , 0, 0, 0, 0, 0,
56,  1,  56,  55,  -1,  753, 693,  127.0,  23,  Nuc578575,  2650,  0, 0, 0, , 0, 0, 0, 0, 0,
57,  1,  57,  56,  -1,  679, 694,  147.0,  23,  Nuc606114,  3487,  0, 0, 0, , 0, 0, 0, 0, 0,
58,  1,  58,  57,  -1,  722, 728,  153.0,  23,  Nuc668693,  3260,  0, 0, 0, , 0, 0, 0, 0, 0,
59,  1,  59,  58,  -1,  423, 862,  136.0,  21,  Nuc682025,  2675,  0, 0, 0, , 0, 0, 0, 0, 0,
60,  1,  60,  59,  -1,  348, 834,  126.0,  21,  Nuc694388,  2462,  0, 0, 0, , 0, 0, 0, 0, 0,
61,  1,  61,  60,  -1,  397, 829,  141.0,  21,  Nuc701658,  2674,  0, 0, 0, , 0, 0, 0, 0, 0,
62,  1,  62,  61,  -1,  901, 453,  127.0,  23,  Nuc701788,  2495,  0, 0, 0, , 0, 0, 0, 0, 0,
63,  1,  63,  62,  -1,  936, 494,  124.0,  23,  Nuc727142,  3153,  0, 0, 0, , 0, 0, 0, 0, 0,
64,  1,  64,  63,  -1,  850, 454,  141.0,  21,  Nuc736750,  2879,  0, 0, 0, , 0, 0, 0, 0, 0,
65,  1,  65,  64,  -1,  860, 516,  143.0,  21,  Nuc744051,  2853,  0, 0, 0, , 0, 0, 0, 0, 0,
66,  1,  66,  65,  -1,  763, 478,  135.0,  23,  Nuc765533,  2563,  0, 0, 0, , 0, 0, 0, 0, 0,
67,  1,  67,  66,  -1,  750, 540,  141.0,  23,  Nuc777250,  2947,  0, 0, 0, , 0, 0, 0, 0, 0,
68,  1,  68,  67,  -1,  795, 473,  157.0,  23,  Nuc781805,  3066,  0, 0, 0, , 0, 0, 0, 0, 0,
69,  1,  69,  68,  -1,  739, 438,  158.0,  21,  Nuc787800,  3245,  0, 0, 0, , 0, 0, 0, 0, 0,
70,  1,  70,  69,  -1,  793, 614,  137.0,  21,  Nuc799504,  3161,  0, 0, 0, , 0, 0, 0, 0, 0,
71,  1,  71,  70,  -1,  869, 601,  138.0,  23,  Nuc846733,  2927,  0, 0, 0, , 0, 0, 0, 0, 0,
72,  1,  72,  71,  -1,  847, 600,  124.0,  23,  Nuc855268,  2568,  0, 0, 0, , 0, 0, 0, 0, 0,
73,  1,  73,  72,  -1,  935, 578,  123.0,  23,  Nuc895715,  2825,  0, 0, 0, , 0, 0, 0, 0, 0,
74,  1,  74,  73,  -1,  961, 557,  112.0,  23,  Nuc906498,  3122,  0, 0, 0, , 0, 0, 0, 0, 0,
75,  1,  75,  74,  -1,  736, 616,  135.0,  21,  Nuc911879,  3220,  0, 0, 0, , 0, 0, 0, 0, 0,
76,  1,  76,  75,  -1,  763, 647,  158.0,  23,  Nuc952978,  3574,  0, 0, 0, , 0, 0, 0, 0, 0,
77,  1,  77,  76,  -1,  795, 605,  158.0,  21,  Nuc966742,  3468,  0, 0, 0, , 0, 0, 0, 0, 0,
78,  1,  78,  77,  -1,  474, 684,  133.0,  23,  Nuc1024080,  1862,  0, 0, 0, , 0, 0, 0, 0, 0,
79,  1,  78,  78,  79,  494, 615,  132.0,  23,  Nuc1024095,  2156,  0, 0, 0, , 0, 0, 0, 0, 0,
80,  1,  79,  80,  -1,  330, 743,  126.0,  23,  Nuc1057028,  1848,  0, 0, 0, , 0, 0, 0, 0, 0,
81,  1,  80,  81,  -1,  465, 758,  128.0,  21,  Nuc1057318,  2917,  0, 0, 0, , 0, 0, 0, 0, 0,
82,  1,  81,  82,  -1,  412, 735,  122.0,  21,  Nuc1057690,  3302,  0, 0, 0, , 0, 0, 0, 0, 0,
83,  1,  82,  83,  -1,  455, 719,  145.0,  21,  Nuc1057716,  3664,  0, 0, 0, , 0, 0, 0, 0, 0,
84,  1,  83,  84,  -1,  557, 668,  140.0,  21,  Nuc1057886,  2009,  0, 0, 0, , 0, 0, 0, 0, 0,
85,  1,  84,  85,  -1,  542, 718,  133.0,  23,  Nuc1091556,  2532,  0, 0, 0, , 0, 0, 0, 0, 0,
86,  1,  85,  86,  -1,  613, 704,  136.0,  21,  Nuc1102189,  3168,  0, 0, 0, , 0, 0, 0, 0, 0,
87,  1,  86,  87,  -1,  602, 749,  127.0,  21,  Nuc1145023,  2409,  0, 0, 0, , 0, 0, 0, 0, 0,
88,  1,  87,  88,  -1,  307, 581,  143.0,  21,  Nuc1208099,  901,  0, 0, 0, , 0, 0, 0, 0, 0,
89,  1,  87,  89,  -1,  313, 533,  144.0,  21,  Nuc1208113,  2269,  0, 0, 0, , 0, 0, 0, 0, 0,
90,  1,  88,  90,  -1,  344, 524,  154.0,  21,  Nuc1208139,  2194,  0, 0, 0, , 0, 0, 0, 0, 0,
91,  1,  89,  91,  -1,  482, 536,  133.0,  21,  Nuc1208177,  2644,  0, 0, 0, , 0, 0, 0, 0, 0,
92,  1,  90,  92,  -1,  553, 786,  146.0,  21,  Nuc1210593,  1910,  0, 0, 0, , 0, 0, 0, 0, 0,
93,  1,  91,  93,  -1,  556, 841,  146.0,  21,  Nuc1231723,  2659,  0, 0, 0, , 0, 0, 0, 0, 0,
94,  1,  92,  94,  -1,  470, 824,  150.0,  21,  Nuc1247432,  3556,  0, 0, 0, , 0, 0, 0, 0, 0,
95,  1,  93,  95,  -1,  486, 784,  159.0,  21,  Nuc1262351,  2519,  0, 0, 0, , 0, 0, 0, 0, 0,
96,  1,  94,  96,  -1,  656, 630,  134.0,  23,  Nuc1272745,  2437,  0, 0, 0, , 0, 0, 0, 0, 0,
97,  1,  95,  97,  -1,  631, 629,  147.0,  23,  Nuc1335629,  2033,  0, 0, 0, , 0, 0, 0, 0, 0,
98,  1,  96,  98,  -1,  565, 584,  138.0,  21,  Nuc1336653,  2139,  0, 0, 0, , 0, 0, 0, 0, 0,
99,  1,  97,  99,  -1,  609, 547,  137.0,  23,  Nuc1390568,  2462,  0, 0, 0, , 0, 0, 0, 0, 0,
100,  1,  98,  100,  -1,  401, 467,  146.0,  21,  Nuc1418703,  2202,  0, 0, 0, , 0, 0, 0, 0, 0,
101,  1,  99,  101,  -1,  439, 411,  146.0,  23,  Nuc1418761,  2775,  0, 0, 0, , 0, 0, 0, 0, 0,
102,  1,  100,  102,  103,  460, 521,  157.0,  23,  Nuc1418838,  2820,  0, 0, 0, , 0, 0, 0, 0, 0,
103,  1,  101,  104,  -1,  479, 477,  146.0,  23,  Nuc1426608,  1905,  0, 0, 0, , 0, 0, 0, 0, 0,
104,  1,  102,  105,  -1,  467, 398,  132.0,  23,  Nuc1426614,  2172,  0, 0, 0, , 0, 0, 0, 0, 0,
105,  1,  102,  106,  -1,  468, 471,  129.0,  25,  Nuc1426636,  3765,  0, 0, 0, , 0, 0, 0, 0, 0,
106,  1,  103,  107,  -1,  552, 487,  129.0,  27,  Nuc1431489,  3528,  0, 0, 0, , 0, 0, 0, 0, 0,
107,  1,  104,  108,  -1,  549, 495,  146.0,  21,  Nuc1468238,  328,  0, 0, 0, , 0, 0, 0, 0, 0,
108,  1,  105,  109,  -1,  346, 385,  172.0,  23,  Nuc1483209,  1533,  0, 0, 0, , 0, 0, 0, 0, 0,
109,  1,  106,  110,  -1,  355, 440,  168.0,  23,  Nuc1492448,  3032,  0, 0, 0, , 0, 0, 0, 0, 0,
110,  1,  107,  111,  -1,  441, 323,  167.0,  23,  Nuc1493209,  2596,  0, 0, 0, , 0, 0, 0, 0, 0,
111,  1,  108,  112,  -1,  402, 345,  161.0,  21,  Nuc1493580,  2875,  0, 0, 0, , 0, 0, 0, 0, 0,
112,  1,  109,  113,  -1,  369, 283,  147.0,  21,  Nuc1494705,  2781,  0, 0, 0, , 0, 0, 0, 0, 0,
113,  1,  110,  114,  -1,  413, 250,  151.0,  21,  Nuc1496351,  2870,  0, 0, 0, , 0, 0, 0, 0, 0,
114,  1,  111,  115,  -1,  636, 334,  156.0,  21,  Nuc1500711,  2580,  0, 0, 0, , 0, 0, 0, 0, 0,
115,  1,  112,  116,  -1,  633, 397,  151.0,  21,  Nuc1508322,  1780,  0, 0, 0, , 0, 0, 0, 0, 0,
116,  1,  113,  117,  -1,  550, 403,  141.0,  21,  Nuc1514854,  2004,  0, 0, 0, , 0, 0, 0, 0, 0,
117,  1,  114,  118,  -1,  591, 357,  136.0,  21,  Nuc1545747,  2424,  0, 0, 0, , 0, 0, 0, 0, 0,
118,  1,  115,  119,  -1,  487, 318,  147.0,  21,  Nuc1553347,  2404,  0, 0, 0, , 0, 0, 0, 0, 0,
119,  1,  116,  120,  -1,  518, 262,  151.0,  21,  Nuc1572615,  2926,  0, 0, 0, , 0, 0, 0, 0, 0,
120,  1,  117,  121,  -1,  565, 311,  162.0,  21,  Nuc1577599,  3119,  0, 0, 0, , 0, 0, 0, 0, 0,
121,  1,  118,  122,  -1,  517, 349,  164.0,  21,  Nuc1584269,  3277,  0, 0, 0, , 0, 0, 0, 0, 0,
122,  1,  119,  123,  -1,  632, 473,  147.0,  21,  Nuc1584568,  2747,  0, 0, 0, , 0, 0, 0, 0, 0,
123,  1,  120,  124,  -1,  673, 459,  136.0,  23,  Nuc1622740,  2829,  0, 0, 0, , 0, 0, 0, 0, 0,
124,  1,  121,  125,  -1,  627, 536,  161.0,  23,  Nuc1640557,  1052,  0, 0, 0, , 0, 0, 0, 0, 0,
125,  1,  121,  126,  -1,  664, 529,  160.0,  21,  Nuc1640559,  2970,  0, 0, 0, , 0, 0, 0, 0, 0,
126,  1,  122,  127,  -1,  640, 529,  149.0,  23,  Nuc1643505,  4429,  0, 0, 0, , 0, 0, 0, 0, 0,
127,  1,  123,  128,  -1,  685, 590,  155.0,  23,  Nuc1703075,  2299,  0, 0, 0, , 0, 0, 0, 0, 0,
128,  1,  124,  129,  -1,  668, 571,  144.0,  23,  Nuc1707937,  3639,  0, 0, 0, , 0, 0, 0, 0, 0,
129,  1,  125,  130,  -1,  546, 536,  154.0,  21,  Nuc1740601,  2993,  0, 0, 0, , 0, 0, 0, 0, 0,
130,  1,  126,  -1,  -1,  540, 609,  155.0,  31,  Nuc1754936,  1184,  0, 0, 0, , 0, 0, 0, 0, 0,
131,  1,  126,  131,  -1,  519, 582,  152.0,  21,  Nuc1754937,  2913,  0, 0, 0, , 0, 0, 0, 0, 0,
132,  1,  127,  132,  -1,  457, 439,  167.0,  23,  Nuc1759746,  4495,  0, 0, 0, , 0, 0, 0, 0, 0,
133,  1,  129,  133,  -1,  499, 496,  163.0,  21,  Nuc1771998,  5117,  0, 0, 0, , 0, 0, 0, 0, 0,
134,  1,  130,  134,  -1,  483, 559,  162.0,  21,  Nuc1773054,  1935,  0, 0, 0, , 0, 0, 0, 0, 0,
135,  1,  131,  135,  -1,  411, 501,  169.0,  21,  Nuc1773091,  1328,  0, 0, 0, , 0, 0, 0, 0, 0,
136,  1,  132,  136,  -1,  457, 516,  167.0,  29,  Nuc1773105,  2952,  0, 0, 0, , 0, 0, 0, 0, 0,
137,  1,  133,  137,  -1,  417, 709,  166.0,  23,  Nuc1773160,  3085,  0, 0, 0, , 0, 0, 0, 0, 0,
138,  1,  134,  138,  -1,  332, 664,  154.0,  21,  Nuc1784057,  537,  0, 0, 0, , 0, 0, 0, 0, 0,
139,  1,  134,  139,  -1,  326, 702,  161.0,  21,  Nuc1785223,  3039,  0, 0, 0, , 0, 0, 0, 0, 0,
140,  1,  135,  140,  -1,  433, 584,  169.0,  21,  Nuc1785247,  3148,  0, 0, 0, , 0, 0, 0, 0, 0,
141,  1,  136,  141,  -1,  366, 607,  163.0,  21,  Nuc1793807,  2713,  0, 0, 0, , 0, 0, 0, 0, 0,
142,  1,  137,  142,  -1,  366, 638,  176.0,  21,  Nuc1793822,  3385,  0, 0, 0, , 0, 0, 0, 0, 0,
143,  1,  138,  143,  -1,  432, 412,  179.0,  23,  Nuc1794101,  3847,  0, 0, 0, , 0, 0, 0, 0, 0,
144,  1,  139,  144,  -1,  541, 408,  176.0,  23,  Nuc1794446,  3732,  0, 0, 0, , 0, 0, 0, 0, 0,
145,  1,  140,  145,  -1,  629, 431,  172.0,  21,  Nuc1800311,  3940,  0, 0, 0, , 0, 0, 0, 0, 0,
146,  1,  141,  146,  -1,  678, 411,  167.0,  21,  Nuc1848855,  3563,  0, 0, 0, , 0, 0, 0, 0, 0,
147,  1,  142,  147,  -1,  684, 506,  173.0,  21,  Nuc1850285,  3941,  0, 0, 0, , 0, 0, 0, 0, 0,
148,  1,  143,  148,  -1,  728, 507,  170.0,  23,  Nuc1858767,  3573,  0, 0, 0, , 0, 0, 0, 0, 0,
149,  1,  144,  149,  -1,  665, 602,  172.0,  21,  Nuc1862197,  4087,  0, 0, 0, , 0, 0, 0, 0, 0,
150,  1,  145,  150,  -1,  723, 556,  159.0,  23,  Nuc1867411,  3972,  0, 0, 0, , 0, 0, 0, 0, 0,
151,  1,  146,  151,  -1,  730, 587,  170.0,  23,  Nuc1868177,  3338,  0, 0, 0, , 0, 0, 0, 0, 0,
152,  1,  147,  152,  -1,  440, 693,  178.0,  23,  Nuc1869373,  3536,  0, 0, 0, , 0, 0, 0, 0, 0,
153,  1,  148,  153,  -1,  620, 720,  165.0,  21,  Nuc1869980,  3703,  0, 0, 0, , 0, 0, 0, 0, 0,
154,  1,  149,  154,  -1,  601, 766,  161.0,  23,  Nuc1871435,  4036,  0, 0, 0, , 0, 0, 0, 0, 0,
155,  1,  150,  155,  -1,  538, 678,  176.0,  21,  Nuc1883024,  3642,  0, 0, 0, , 0, 0, 0, 0, 0,
156,  1,  151,  156,  -1,  522, 727,  172.0,  23,  Nuc1889439,  3510,  0, 0, 0, , 0, 0, 0, 0, 0,
157,  1,  152,  157,  -1,  656, 658,  169.0,  21,  Nuc1892136,  3320,  0, 0, 0, , 0, 0, 0, 0, 0,
158,  1,  153,  -1,  -1,  526, 609,  184.0,  43,  Nuc1921260,  791,  0, 0, 0, , 0, 0, 0, 0, 0,
159,  1,  153,  158,  -1,  575, 606,  179.0,  23,  Nuc1921261,  4642,  0, 0, 0, , 0, 0, 0, 0, 0,
160,  1,  154,  159,  -1,  587, 506,  181.0,  23,  Nuc1922063,  3547,  0, 0, 0, , 0, 0, 0, 0, 0,
161,  1,  155,  160,  -1,  633, 534,  178.0,  23,  Nuc1922163,  4481,  0, 0, 0, , 0, 0, 0, 0, 0,
162,  1,  156,  161,  -1,  490, 607,  184.0,  31,  Nuc1923277,  978,  0, 0, 0, , 0, 0, 0, 0, 0,
163,  1,  156,  162,  -1,  445, 613,  182.0,  23,  Nuc1923279,  3017,  0, 0, 0, , 0, 0, 0, 0, 0,
164,  1,  157,  163,  -1,  458, 647,  160.0,  23,  Nuc1934253,  686,  0, 0, 0, , 0, 0, 0, 0, 0,
165,  1,  158,  164,  -1,  517, 670,  155.0,  21,  Nuc1943206,  2003,  0, 0, 0, , 0, 0, 0, 0, 0,
166,  1,  159,  165,  -1,  511, 607,  169.0,  23,  Nuc1950039,  3581,  0, 0, 0, , 0, 0, 0, 0, 0,
167,  1,  160,  166,  -1,  403, 547,  185.0,  23,  Nuc1953715,  2399,  0, 0, 0, , 0, 0, 0, 0, 0,
168,  1,  161,  167,  -1,  376, 480,  182.0,  23,  Nuc1954686,  2347,  0, 0, 0, , 0, 0, 0, 0, 0,
169,  1,  162,  168,  -1,  467, 544,  185.0,  35,  Nuc1954920,  727,  0, 0, 0, , 0, 0, 0, 0, 0,
170,  1,  162,  169,  -1,  502, 567,  183.0,  21,  Nuc1954922,  3044,  0, 0, 0, , 0, 0, 0, 0, 0,
171,  1,  163,  170,  -1,  537, 543,  180.0,  21,  Nuc1955358,  5195,  0, 0, 0, , 0, 0, 0, 0, 0,
172,  1,  164,  171,  -1,  499, 481,  184.0,  23,  Nuc1968421,  3374,  0, 0, 0, , 0, 0, 0, 0, 0,
173,  1,  165,  172,  -1,  455, 507,  184.0,  23,  Nuc1968583,  4116,  0, 0, 0, , 0, 0, 0, 0, 0,
174,  1,  166,  173,  -1,  581, 597,  163.0,  21,  Nuc1968806,  2899,  0, 0, 0, , 0, 0, 0, 0, 0,
175,  1,  167,  174,  -1,  349, 770,  147.0,  21,  Nuc2009219,  1919,  0, 0, 0, , 0, 0, 0, 0, 0,
176,  1,  168,  175,  -1,  394, 760,  157.0,  21,  Nuc2009228,  2823,  0, 0, 0, , 0, 0, 0, 0, 0,
177,  1,  169,  176,  -1,  388, 797,  124.0,  21,  Nuc2012710,  2213,  0, 0, 0, , 0, 0, 0, 0, 0,
178,  1,  170,  177,  -1,  535, 524,  170.0,  31,  Nuc2012755,  533,  0, 0, 0, , 0, 0, 0, 0, 0,
179,  1,  170,  178,  -1,  553, 488,  166.0,  21,  Nuc2012768,  3505,  0, 0, 0, , 0, 0, 0, 0, 0,
180,  1,  171,  179,  -1,  534, 431,  161.0,  21,  Nuc2021727,  3742,  0, 0, 0, , 0, 0, 0, 0, 0,
181,  1,  172,  180,  -1,  583, 528,  172.0,  31,  Nuc2034662,  1159,  0, 0, 0, , 0, 0, 0, 0, 0,
182,  1,  172,  181,  -1,  598, 515,  162.0,  21,  Nuc2034668,  3623,  0, 0, 0, , 0, 0, 0, 0, 0,
183,  1,  173,  182,  -1,  323, 466,  148.0,  21,  Nuc2064277,  1961,  0, 0, 0, , 0, 0, 0, 0, 0,
184,  1,  174,  183,  -1,  317, 404,  150.0,  21,  Nuc2064475,  2296,  0, 0, 0, , 0, 0, 0, 0, 0,
185,  1,  175,  184,  -1,  330, 343,  153.0,  21,  Nuc2064494,  2300,  0, 0, 0, , 0, 0, 0, 0, 0,
186,  1,  176,  -1,  -1,  303, 306,  151.0,  21,  Nuc2064514,  1168,  0, 0, 0, , 0, 0, 0, 0, 0,
187,  1,  177,  185,  -1,  283, 736,  140.0,  21,  Nuc2064540,  833,  0, 0, 0, , 0, 0, 0, 0, 0,
188,  1,  177,  186,  -1,  265, 697,  147.0,  21,  Nuc2064682,  2148,  0, 0, 0, , 0, 0, 0, 0, 0,
189,  1,  178,  187,  -1,  252, 638,  154.0,  23,  Nuc2064696,  2383,  0, 0, 0, , 0, 0, 0, 0, 0,
190,  1,  179,  188,  -1,  432, 339,  131.0,  21,  Nuc2064799,  2656,  0, 0, 0, , 0, 0, 0, 0, 0,
191,  1,  180,  189,  -1,  381, 363,  130.0,  21,  Nuc2070262,  2239,  0, 0, 0, , 0, 0, 0, 0, 0,
192,  1,  181,  190,  -1,  283, 593,  166.0,  21,  Nuc2070344,  2510,  0, 0, 0, , 0, 0, 0, 0, 0,
193,  1,  182,  191,  -1,  282, 591,  160.0,  21,  Nuc2070348,  2545,  0, 0, 0, , 0, 0, 0, 0, 0,
194,  1,  183,  192,  -1,  360, 552,  176.0,  21,  Nuc2070717,  1428,  0, 0, 0, , 0, 0, 0, 0, 0,
195,  1,  183,  193,  -1,  302, 546,  172.0,  23,  Nuc2070735,  1692,  0, 0, 0, , 0, 0, 0, 0, 0,
196,  1,  184,  194,  -1,  376, 916,  99.0,  23,  Nuc2070750,  1552,  0, 0, 0, , 0, 0, 0, 0, 0,
197,  1,  185,  195,  -1,  377, 931,  90.0,  21,  Nuc2080648,  1810,  0, 0, 0, , 0, 0, 0, 0, 0,
198,  1,  186,  196,  -1,  314, 646,  136.0,  23,  Nuc2080683,  617,  0, 0, 0, , 0, 0, 0, 0, 0,
199,  1,  186,  197,  -1,  360, 701,  135.0,  23,  Nuc2080706,  1702,  0, 0, 0, , 0, 0, 0, 0, 0,
200,  1,  187,  198,  -1,  381, 566,  140.0,  23,  Nuc2080783,  2652,  0, 0, 0, , 0, 0, 0, 0, 0,
201,  1,  188,  -1,  -1,  251, 432,  153.0,  21,  Nuc2080810,  750,  0, 0, 0, , 0, 0, 0, 0, 0,
202,  1,  188,  199,  -1,  210, 418,  144.0,  21,  Nuc2080811,  1112,  0, 0, 0, , 0, 0, 0, 0, 0,
203,  1,  190,  200,  -1,  288, 466,  165.0,  21,  Nuc2081045,  3279,  0, 0, 0, , 0, 0, 0, 0, 0,
204,  1,  191,  201,  -1,  384, 877,  117.0,  21,  Nuc2084883,  1918,  0, 0, 0, , 0, 0, 0, 0, 0,
205,  1,  191,  202,  -1,  377, 837,  110.0,  23,  Nuc2088383,  300,  0, 0, 0, , 0, 0, 0, 0, 0,
206,  1,  192,  203,  -1,  299, 350,  129.0,  23,  Nuc2088390,  593,  0, 0, 0, , 0, 0, 0, 0, 0,
207,  1,  192,  204,  -1,  300, 392,  138.0,  23,  Nuc2088416,  1861,  0, 0, 0, , 0, 0, 0, 0, 0,
208,  1,  -1,  -1,  -1,  398, 638,  127.0,  23,  Nuc2088431,  1483,  0, 0, 0, , 0, 0, 0, 0, 0,
209,  1,  -1,  205,  -1,  244, 625,  133.0,  23,  Nuc2088432,  1236,  0, 0, 0, , 0, 0, 0, 0, 0,
210,  1,  -1,  -1,  -1,  395, 637,  140.0,  23,  Nuc2088434,  655,  0, 0, 0, , 0, 0, 0, 0, 0,
