1,  1,  1,  1,  -1,  507, 965,  88.0,  23,  Nuc43,  1860,  0, 0, 0, , 0, 0, 0, 0, 0,
2,  1,  2,  2,  -1,  457, 957,  86.0,  23,  Nuc7210,  2030,  0, 0, 0, , 0, 0, 0, 0, 0,
3,  1,  3,  3,  -1,  454, 879,  105.0,  23,  Nuc9501,  1767,  0, 0, 0, , 0, 0, 0, 0, 0,
4,  1,  4,  4,  -1,  452, 931,  107.0,  23,  Nuc26063,  2768,  0, 0, 0, , 0, 0, 0, 0, 0,
5,  1,  5,  5,  -1,  728, 911,  98.0,  23,  Nuc29650,  2068,  0, 0, 0, , 0, 0, 0, 0, 0,
6,  1,  6,  6,  -1,  685, 895,  108.0,  23,  Nuc37561,  2128,  0, 0, 0, , 0, 0, 0, 0, 0,
7,  1,  7,  7,  -1,  617, 943,  97.0,  23,  Nuc47865,  1646,  0, 0, 0, , 0, 0, 0, 0, 0,
8,  1,  8,  8,  -1,  642, 961,  86.0,  23,  Nuc51536,  2157,  0, 0, 0, , 0, 0, 0, 0, 0,
9,  1,  9,  9,  -1,  620, 863,  123.0,  23,  Nuc63962,  2914,  0, 0, 0, , 0, 0, 0, 0, 0,
10,  1,  10,  10,  -1,  578, 825,  119.0,  21,  Nuc65754,  2576,  0, 0, 0, , 0, 0, 0, 0, 0,
11,  1,  11,  11,  -1,  538, 928,  103.0,  23,  Nuc69323,  2067,  0, 0, 0, , 0, 0, 0, 0, 0,
12,  1,  12,  12,  -1,  582, 929,  110.0,  23,  Nuc73706,  2425,  0, 0, 0, , 0, 0, 0, 0, 0,
13,  1,  13,  13,  -1,  455, 827,  119.0,  21,  Nuc90573,  1946,  0, 0, 0, , 0, 0, 0, 0, 0,
14,  1,  14,  14,  -1,  515, 819,  121.0,  23,  Nuc102421,  2029,  0, 0, 0, , 0, 0, 0, 0, 0,
15,  1,  15,  15,  -1,  528, 906,  121.0,  23,  Nuc144295,  2614,  0, 0, 0, , 0, 0, 0, 0, 0,
16,  1,  16,  16,  -1,  479, 897,  125.0,  21,  Nuc146829,  2698,  0, 0, 0, , 0, 0, 0, 0, 0,
17,  1,  18,  17,  18,  307, 181,  113.0,  23,  Nuc152748,  1308,  0, 0, 0, , 0, 0, 0, 0, 0,
18,  1,  19,  19,  -1,  315, 252,  132.0,  21,  Nuc152797,  1825,  0, 0, 0, , 0, 0, 0, 0, 0,
19,  1,  20,  20,  -1,  688, 777,  123.0,  21,  Nuc152889,  3322,  0, 0, 0, , 0, 0, 0, 0, 0,
20,  1,  21,  21,  -1,  700, 837,  124.0,  21,  Nuc173362,  3106,  0, 0, 0, , 0, 0, 0, 0, 0,
21,  1,  22,  22,  -1,  679, 779,  146.0,  23,  Nuc190544,  2823,  0, 0, 0, , 0, 0, 0, 0, 0,
22,  1,  23,  23,  -1,  652, 829,  141.0,  23,  Nuc205677,  3397,  0, 0, 0, , 0, 0, 0, 0, 0,
23,  1,  24,  24,  -1,  832, 802,  111.0,  25,  Nuc209742,  2630,  0, 0, 0, , 0, 0, 0, 0, 0,
24,  1,  25,  25,  -1,  839, 836,  99.0,  23,  Nuc215638,  2883,  0, 0, 0, , 0, 0, 0, 0, 0,
25,  1,  26,  26,  -1,  781, 813,  122.0,  23,  Nuc230357,  3052,  0, 0, 0, , 0, 0, 0, 0, 0,
26,  1,  27,  27,  -1,  771, 858,  112.0,  23,  Nuc248252,  2438,  0, 0, 0, , 0, 0, 0, 0, 0,
27,  1,  28,  28,  -1,  771, 214,  108.0,  23,  Nuc251863,  2343,  0, 0, 0, , 0, 0, 0, 0, 0,
28,  1,  29,  29,  -1,  721, 186,  106.0,  23,  Nuc260692,  1998,  0, 0, 0, , 0, 0, 0, 0, 0,
29,  1,  30,  30,  -1,  640, 207,  124.0,  23,  Nuc264736,  2248,  0, 0, 0, , 0, 0, 0, 0, 0,
30,  1,  31,  31,  -1,  688, 219,  131.0,  23,  Nuc272760,  2549,  0, 0, 0, , 0, 0, 0, 0, 0,
31,  1,  32,  32,  -1,  542, 265,  132.0,  21,  Nuc274964,  1748,  0, 0, 0, , 0, 0, 0, 0, 0,
32,  1,  33,  33,  -1,  589, 234,  140.0,  21,  Nuc283110,  2295,  0, 0, 0, , 0, 0, 0, 0, 0,
33,  1,  34,  34,  -1,  576, 188,  121.0,  21,  Nuc293736,  1513,  0, 0, 0, , 0, 0, 0, 0, 0,
34,  1,  35,  35,  -1,  596, 148,  110.0,  23,  Nuc306812,  1904,  0, 0, 0, , 0, 0, 0, 0, 0,
35,  1,  36,  36,  -1,  893, 338,  110.0,  23,  Nuc314302,  2331,  0, 0, 0, , 0, 0, 0, 0, 0,
36,  1,  37,  37,  -1,  919, 388,  111.0,  21,  Nuc326388,  2605,  0, 0, 0, , 0, 0, 0, 0, 0,
37,  1,  38,  38,  -1,  799, 310,  125.0,  21,  Nuc343654,  2814,  0, 0, 0, , 0, 0, 0, 0, 0,
38,  1,  39,  39,  -1,  840, 355,  129.0,  21,  Nuc359665,  2381,  0, 0, 0, , 0, 0, 0, 0, 0,
39,  1,  40,  40,  -1,  756, 357,  147.0,  21,  Nuc370586,  2944,  0, 0, 0, , 0, 0, 0, 0, 0,
40,  1,  41,  41,  -1,  707, 361,  141.0,  21,  Nuc386064,  2524,  0, 0, 0, , 0, 0, 0, 0, 0,
41,  1,  42,  42,  -1,  667, 295,  137.0,  21,  Nuc406953,  3076,  0, 0, 0, , 0, 0, 0, 0, 0,
42,  1,  43,  43,  -1,  739, 279,  134.0,  21,  Nuc441223,  2726,  0, 0, 0, , 0, 0, 0, 0, 0,
43,  1,  44,  44,  -1,  405, 143,  106.0,  23,  Nuc445491,  2484,  0, 0, 0, , 0, 0, 0, 0, 0,
44,  1,  45,  45,  -1,  393, 168,  119.0,  23,  Nuc450534,  2085,  0, 0, 0, , 0, 0, 0, 0, 0,
45,  1,  46,  46,  -1,  390, 231,  132.0,  21,  Nuc451826,  1908,  0, 0, 0, , 0, 0, 0, 0, 0,
46,  1,  47,  47,  -1,  484, 139,  113.0,  21,  Nuc454657,  1574,  0, 0, 0, , 0, 0, 0, 0, 0,
47,  1,  48,  48,  -1,  467, 174,  123.0,  23,  Nuc457633,  2432,  0, 0, 0, , 0, 0, 0, 0, 0,
48,  1,  49,  49,  -1,  461, 255,  130.0,  23,  Nuc460133,  1755,  0, 0, 0, , 0, 0, 0, 0, 0,
49,  1,  50,  50,  -1,  480, 206,  138.0,  21,  Nuc462363,  2543,  0, 0, 0, , 0, 0, 0, 0, 0,
50,  1,  51,  51,  -1,  908, 657,  121.0,  23,  Nuc466275,  3288,  0, 0, 0, , 0, 0, 0, 0, 0,
51,  1,  52,  52,  -1,  946, 661,  110.0,  23,  Nuc478768,  3042,  0, 0, 0, , 0, 0, 0, 0, 0,
52,  1,  53,  53,  -1,  856, 719,  124.0,  21,  Nuc497641,  2838,  0, 0, 0, , 0, 0, 0, 0, 0,
53,  1,  54,  54,  -1,  887, 734,  113.0,  23,  Nuc541220,  2899,  0, 0, 0, , 0, 0, 0, 0, 0,
54,  1,  55,  55,  -1,  790, 733,  135.0,  21,  Nuc546701,  3483,  0, 0, 0, , 0, 0, 0, 0, 0,
55,  1,  56,  56,  -1,  759, 694,  127.0,  23,  Nuc578576,  2519,  0, 0, 0, , 0, 0, 0, 0, 0,
56,  1,  57,  57,  -1,  678, 692,  147.0,  21,  Nuc606115,  3679,  0, 0, 0, , 0, 0, 0, 0, 0,
57,  1,  58,  58,  -1,  722, 726,  153.0,  21,  Nuc668694,  3179,  0, 0, 0, , 0, 0, 0, 0, 0,
58,  1,  59,  59,  -1,  425, 860,  135.0,  21,  Nuc682026,  2755,  0, 0, 0, , 0, 0, 0, 0, 0,
59,  1,  60,  60,  -1,  348, 834,  127.0,  21,  Nuc694389,  2373,  0, 0, 0, , 0, 0, 0, 0, 0,
60,  1,  61,  61,  -1,  397, 828,  141.0,  21,  Nuc701659,  2153,  0, 0, 0, , 0, 0, 0, 0, 0,
61,  1,  62,  62,  -1,  899, 448,  127.0,  21,  Nuc701789,  2665,  0, 0, 0, , 0, 0, 0, 0, 0,
62,  1,  63,  63,  -1,  938, 497,  123.0,  21,  Nuc727143,  2990,  0, 0, 0, , 0, 0, 0, 0, 0,
63,  1,  64,  64,  -1,  851, 454,  141.0,  23,  Nuc736751,  3163,  0, 0, 0, , 0, 0, 0, 0, 0,
64,  1,  65,  65,  -1,  862, 517,  143.0,  21,  Nuc744052,  3178,  0, 0, 0, , 0, 0, 0, 0, 0,
65,  1,  66,  66,  -1,  766, 478,  134.0,  21,  Nuc765534,  3224,  0, 0, 0, , 0, 0, 0, 0, 0,
66,  1,  67,  67,  -1,  751, 539,  140.0,  23,  Nuc777251,  2900,  0, 0, 0, , 0, 0, 0, 0, 0,
67,  1,  68,  68,  -1,  795, 474,  156.0,  21,  Nuc781806,  3451,  0, 0, 0, , 0, 0, 0, 0, 0,
68,  1,  69,  69,  -1,  740, 441,  158.0,  21,  Nuc787801,  3478,  0, 0, 0, , 0, 0, 0, 0, 0,
69,  1,  70,  70,  -1,  795, 612,  136.0,  21,  Nuc799505,  3614,  0, 0, 0, , 0, 0, 0, 0, 0,
70,  1,  71,  71,  -1,  868, 604,  138.0,  21,  Nuc846734,  3284,  0, 0, 0, , 0, 0, 0, 0, 0,
71,  1,  72,  72,  -1,  849, 599,  124.0,  23,  Nuc855269,  2978,  0, 0, 0, , 0, 0, 0, 0, 0,
72,  1,  73,  73,  -1,  934, 580,  123.0,  23,  Nuc895716,  3014,  0, 0, 0, , 0, 0, 0, 0, 0,
73,  1,  74,  74,  -1,  963, 559,  113.0,  23,  Nuc906499,  3189,  0, 0, 0, , 0, 0, 0, 0, 0,
74,  1,  75,  75,  -1,  736, 617,  134.0,  21,  Nuc911880,  3615,  0, 0, 0, , 0, 0, 0, 0, 0,
75,  1,  76,  76,  -1,  759, 645,  157.0,  21,  Nuc952979,  3915,  0, 0, 0, , 0, 0, 0, 0, 0,
76,  1,  77,  77,  -1,  796, 601,  157.0,  21,  Nuc966743,  4363,  0, 0, 0, , 0, 0, 0, 0, 0,
77,  1,  78,  78,  -1,  473, 683,  133.0,  23,  Nuc1024081,  2159,  0, 0, 0, , 0, 0, 0, 0, 0,
78,  1,  79,  79,  -1,  453, 602,  143.0,  21,  Nuc1024096,  290,  0, 0, 0, , 0, 0, 0, 0, 0,
79,  1,  79,  80,  -1,  496, 615,  131.0,  23,  Nuc1056968,  2533,  0, 0, 0, , 0, 0, 0, 0, 0,
80,  1,  80,  81,  -1,  329, 743,  126.0,  21,  Nuc1057029,  2500,  0, 0, 0, , 0, 0, 0, 0, 0,
81,  1,  81,  82,  -1,  467, 759,  128.0,  21,  Nuc1057319,  2445,  0, 0, 0, , 0, 0, 0, 0, 0,
82,  1,  82,  83,  -1,  412, 735,  122.0,  23,  Nuc1057691,  3408,  0, 0, 0, , 0, 0, 0, 0, 0,
83,  1,  83,  84,  -1,  457, 719,  146.0,  23,  Nuc1057717,  4089,  0, 0, 0, , 0, 0, 0, 0, 0,
84,  1,  84,  85,  -1,  560, 666,  140.0,  21,  Nuc1057887,  2607,  0, 0, 0, , 0, 0, 0, 0, 0,
85,  1,  85,  86,  -1,  541, 717,  132.0,  23,  Nuc1091557,  2759,  0, 0, 0, , 0, 0, 0, 0, 0,
86,  1,  86,  87,  -1,  614, 703,  135.0,  21,  Nuc1102190,  3681,  0, 0, 0, , 0, 0, 0, 0, 0,
87,  1,  87,  88,  -1,  601, 750,  127.0,  23,  Nuc1145024,  2340,  0, 0, 0, , 0, 0, 0, 0, 0,
88,  1,  88,  89,  -1,  307, 583,  143.0,  23,  Nuc1208100,  1234,  0, 0, 0, , 0, 0, 0, 0, 0,
89,  1,  89,  90,  -1,  312, 533,  144.0,  21,  Nuc1208114,  2759,  0, 0, 0, , 0, 0, 0, 0, 0,
90,  1,  90,  91,  92,  345, 524,  154.0,  23,  Nuc1208140,  1895,  0, 0, 0, , 0, 0, 0, 0, 0,
91,  1,  91,  93,  -1,  487, 537,  134.0,  21,  Nuc1208178,  2470,  0, 0, 0, , 0, 0, 0, 0, 0,
92,  1,  92,  94,  -1,  552, 786,  146.0,  21,  Nuc1210594,  2178,  0, 0, 0, , 0, 0, 0, 0, 0,
93,  1,  93,  95,  -1,  554, 843,  145.0,  21,  Nuc1231724,  3017,  0, 0, 0, , 0, 0, 0, 0, 0,
94,  1,  94,  96,  -1,  471, 824,  149.0,  21,  Nuc1247433,  3488,  0, 0, 0, , 0, 0, 0, 0, 0,
95,  1,  95,  97,  -1,  487, 783,  159.0,  23,  Nuc1262352,  3334,  0, 0, 0, , 0, 0, 0, 0, 0,
96,  1,  96,  98,  -1,  657, 630,  133.0,  23,  Nuc1272746,  2585,  0, 0, 0, , 0, 0, 0, 0, 0,
97,  1,  97,  99,  -1,  636, 627,  147.0,  23,  Nuc1335630,  2307,  0, 0, 0, , 0, 0, 0, 0, 0,
98,  1,  98,  100,  -1,  568, 585,  138.0,  21,  Nuc1336654,  2357,  0, 0, 0, , 0, 0, 0, 0, 0,
99,  1,  99,  101,  -1,  614, 548,  136.0,  23,  Nuc1390569,  2736,  0, 0, 0, , 0, 0, 0, 0, 0,
100,  1,  100,  102,  -1,  402, 469,  146.0,  21,  Nuc1418704,  2078,  0, 0, 0, , 0, 0, 0, 0, 0,
101,  1,  101,  103,  -1,  438, 412,  147.0,  23,  Nuc1418762,  3157,  0, 0, 0, , 0, 0, 0, 0, 0,
102,  1,  102,  104,  -1,  415, 548,  152.0,  21,  Nuc1418839,  927,  0, 0, 0, , 0, 0, 0, 0, 0,
103,  1,  102,  105,  -1,  462, 521,  158.0,  21,  Nuc1419075,  3322,  0, 0, 0, , 0, 0, 0, 0, 0,
104,  1,  103,  -1,  -1,  480, 478,  145.0,  21,  Nuc1426609,  2193,  0, 0, 0, , 0, 0, 0, 0, 0,
105,  1,  104,  106,  -1,  469, 399,  132.0,  23,  Nuc1426615,  2441,  0, 0, 0, , 0, 0, 0, 0, 0,
106,  1,  105,  107,  -1,  469, 472,  128.0,  25,  Nuc1426637,  4641,  0, 0, 0, , 0, 0, 0, 0, 0,
107,  1,  106,  108,  -1,  555, 494,  130.0,  23,  Nuc1431490,  3207,  0, 0, 0, , 0, 0, 0, 0, 0,
108,  1,  107,  109,  -1,  552, 499,  146.0,  21,  Nuc1468239,  2063,  0, 0, 0, , 0, 0, 0, 0, 0,
109,  1,  108,  110,  -1,  346, 383,  172.0,  23,  Nuc1483210,  1727,  0, 0, 0, , 0, 0, 0, 0, 0,
110,  1,  109,  111,  -1,  358, 442,  167.0,  21,  Nuc1492449,  4028,  0, 0, 0, , 0, 0, 0, 0, 0,
111,  1,  110,  112,  -1,  444, 324,  167.0,  23,  Nuc1493210,  3117,  0, 0, 0, , 0, 0, 0, 0, 0,
112,  1,  111,  113,  -1,  404, 348,  161.0,  23,  Nuc1493581,  3288,  0, 0, 0, , 0, 0, 0, 0, 0,
113,  1,  112,  114,  -1,  371, 284,  147.0,  21,  Nuc1494706,  2695,  0, 0, 0, , 0, 0, 0, 0, 0,
114,  1,  113,  115,  -1,  417, 251,  151.0,  23,  Nuc1496352,  3050,  0, 0, 0, , 0, 0, 0, 0, 0,
115,  1,  114,  116,  -1,  638, 335,  157.0,  21,  Nuc1500712,  3363,  0, 0, 0, , 0, 0, 0, 0, 0,
116,  1,  115,  117,  -1,  633, 401,  151.0,  21,  Nuc1508323,  1924,  0, 0, 0, , 0, 0, 0, 0, 0,
117,  1,  116,  118,  -1,  553, 413,  142.0,  21,  Nuc1514855,  681,  0, 0, 0, , 0, 0, 0, 0, 0,
118,  1,  117,  119,  -1,  590, 359,  136.0,  21,  Nuc1545748,  2867,  0, 0, 0, , 0, 0, 0, 0, 0,
119,  1,  118,  120,  -1,  485, 325,  147.0,  21,  Nuc1553348,  3645,  0, 0, 0, , 0, 0, 0, 0, 0,
120,  1,  119,  121,  -1,  518, 261,  151.0,  23,  Nuc1572616,  2877,  0, 0, 0, , 0, 0, 0, 0, 0,
121,  1,  120,  122,  -1,  566, 312,  162.0,  21,  Nuc1577600,  2905,  0, 0, 0, , 0, 0, 0, 0, 0,
122,  1,  121,  123,  -1,  518, 356,  164.0,  21,  Nuc1584270,  3534,  0, 0, 0, , 0, 0, 0, 0, 0,
123,  1,  122,  124,  -1,  633, 474,  146.0,  21,  Nuc1584569,  2781,  0, 0, 0, , 0, 0, 0, 0, 0,
124,  1,  123,  125,  -1,  678, 459,  135.0,  21,  Nuc1622741,  3237,  0, 0, 0, , 0, 0, 0, 0, 0,
125,  1,  124,  -1,  -1,  630, 537,  161.0,  19,  Nuc1640558,  570,  0, 0, 0, , 0, 0, 0, 0, 0,
126,  1,  125,  126,  -1,  665, 528,  159.0,  21,  Nuc1640560,  4511,  0, 0, 0, , 0, 0, 0, 0, 0,
127,  1,  126,  127,  -1,  643, 530,  149.0,  23,  Nuc1643506,  3256,  0, 0, 0, , 0, 0, 0, 0, 0,
128,  1,  127,  128,  -1,  688, 588,  155.0,  21,  Nuc1703076,  3185,  0, 0, 0, , 0, 0, 0, 0, 0,
129,  1,  128,  129,  -1,  672, 573,  143.0,  23,  Nuc1707938,  3661,  0, 0, 0, , 0, 0, 0, 0, 0,
130,  1,  129,  130,  -1,  548, 539,  154.0,  21,  Nuc1740602,  3523,  0, 0, 0, , 0, 0, 0, 0, 0,
131,  1,  131,  131,  -1,  521, 584,  151.0,  21,  Nuc1754938,  2966,  0, 0, 0, , 0, 0, 0, 0, 0,
132,  1,  132,  132,  -1,  457, 441,  167.0,  23,  Nuc1759747,  5181,  0, 0, 0, , 0, 0, 0, 0, 0,
133,  1,  133,  133,  -1,  500, 499,  164.0,  21,  Nuc1771999,  4732,  0, 0, 0, , 0, 0, 0, 0, 0,
134,  1,  134,  134,  -1,  484, 560,  162.0,  21,  Nuc1773055,  2163,  0, 0, 0, , 0, 0, 0, 0, 0,
135,  1,  135,  135,  -1,  410, 502,  169.0,  21,  Nuc1773092,  2031,  0, 0, 0, , 0, 0, 0, 0, 0,
136,  1,  136,  136,  -1,  458, 518,  167.0,  27,  Nuc1773106,  2847,  0, 0, 0, , 0, 0, 0, 0, 0,
137,  1,  137,  137,  -1,  417, 708,  165.0,  21,  Nuc1773161,  3159,  0, 0, 0, , 0, 0, 0, 0, 0,
138,  1,  138,  138,  -1,  334, 664,  154.0,  21,  Nuc1784058,  1636,  0, 0, 0, , 0, 0, 0, 0, 0,
139,  1,  139,  139,  -1,  332, 705,  162.0,  21,  Nuc1785224,  3318,  0, 0, 0, , 0, 0, 0, 0, 0,
140,  1,  140,  140,  -1,  435, 585,  169.0,  23,  Nuc1785248,  4059,  0, 0, 0, , 0, 0, 0, 0, 0,
141,  1,  141,  141,  -1,  367, 607,  161.0,  21,  Nuc1793808,  3337,  0, 0, 0, , 0, 0, 0, 0, 0,
142,  1,  142,  142,  -1,  366, 638,  177.0,  23,  Nuc1793823,  3225,  0, 0, 0, , 0, 0, 0, 0, 0,
143,  1,  143,  143,  -1,  433, 409,  178.0,  23,  Nuc1794102,  4182,  0, 0, 0, , 0, 0, 0, 0, 0,
144,  1,  144,  144,  -1,  541, 406,  176.0,  23,  Nuc1794447,  3664,  0, 0, 0, , 0, 0, 0, 0, 0,
145,  1,  145,  145,  -1,  625, 433,  172.0,  21,  Nuc1800312,  4466,  0, 0, 0, , 0, 0, 0, 0, 0,
146,  1,  146,  146,  -1,  679, 412,  166.0,  21,  Nuc1848856,  4005,  0, 0, 0, , 0, 0, 0, 0, 0,
147,  1,  147,  147,  -1,  683, 505,  173.0,  21,  Nuc1850286,  4390,  0, 0, 0, , 0, 0, 0, 0, 0,
148,  1,  148,  148,  -1,  728, 506,  171.0,  21,  Nuc1858768,  4059,  0, 0, 0, , 0, 0, 0, 0, 0,
149,  1,  149,  149,  -1,  663, 599,  171.0,  21,  Nuc1862198,  4910,  0, 0, 0, , 0, 0, 0, 0, 0,
150,  1,  150,  150,  -1,  725, 553,  160.0,  23,  Nuc1867412,  4394,  0, 0, 0, , 0, 0, 0, 0, 0,
151,  1,  151,  151,  -1,  732, 587,  170.0,  23,  Nuc1868178,  3783,  0, 0, 0, , 0, 0, 0, 0, 0,
152,  1,  152,  152,  -1,  443, 690,  177.0,  23,  Nuc1869374,  3496,  0, 0, 0, , 0, 0, 0, 0, 0,
153,  1,  153,  153,  -1,  619, 718,  165.0,  23,  Nuc1869981,  3416,  0, 0, 0, , 0, 0, 0, 0, 0,
154,  1,  154,  154,  -1,  599, 766,  161.0,  23,  Nuc1871436,  4404,  0, 0, 0, , 0, 0, 0, 0, 0,
155,  1,  155,  155,  -1,  538, 677,  176.0,  21,  Nuc1883025,  4043,  0, 0, 0, , 0, 0, 0, 0, 0,
156,  1,  156,  156,  -1,  523, 727,  171.0,  23,  Nuc1889440,  4467,  0, 0, 0, , 0, 0, 0, 0, 0,
157,  1,  157,  157,  -1,  657, 662,  169.0,  23,  Nuc1892137,  4457,  0, 0, 0, , 0, 0, 0, 0, 0,
158,  1,  159,  158,  -1,  576, 604,  179.0,  23,  Nuc1921262,  4939,  0, 0, 0, , 0, 0, 0, 0, 0,
159,  1,  160,  159,  -1,  585, 504,  180.0,  21,  Nuc1922064,  4085,  0, 0, 0, , 0, 0, 0, 0, 0,
160,  1,  161,  160,  -1,  635, 533,  178.0,  23,  Nuc1922164,  4139,  0, 0, 0, , 0, 0, 0, 0, 0,
161,  1,  162,  -1,  -1,  490, 605,  184.0,  29,  Nuc1923278,  330,  0, 0, 0, , 0, 0, 0, 0, 0,
162,  1,  163,  161,  -1,  448, 616,  183.0,  23,  Nuc1923280,  4102,  0, 0, 0, , 0, 0, 0, 0, 0,
163,  1,  164,  162,  -1,  459, 650,  159.0,  21,  Nuc1934254,  2301,  0, 0, 0, , 0, 0, 0, 0, 0,
164,  1,  165,  163,  -1,  521, 669,  155.0,  21,  Nuc1943207,  2343,  0, 0, 0, , 0, 0, 0, 0, 0,
165,  1,  166,  164,  -1,  513, 608,  169.0,  23,  Nuc1950040,  4206,  0, 0, 0, , 0, 0, 0, 0, 0,
166,  1,  167,  165,  -1,  405, 545,  185.0,  23,  Nuc1953716,  2629,  0, 0, 0, , 0, 0, 0, 0, 0,
167,  1,  168,  166,  -1,  374, 479,  182.0,  23,  Nuc1954687,  3163,  0, 0, 0, , 0, 0, 0, 0, 0,
168,  1,  169,  -1,  -1,  465, 543,  186.0,  37,  Nuc1954921,  1092,  0, 0, 0, , 0, 0, 0, 0, 0,
169,  1,  170,  167,  -1,  501, 567,  183.0,  21,  Nuc1954923,  4195,  0, 0, 0, , 0, 0, 0, 0, 0,
170,  1,  171,  168,  -1,  537, 541,  179.0,  21,  Nuc1955359,  5077,  0, 0, 0, , 0, 0, 0, 0, 0,
171,  1,  172,  169,  -1,  502, 479,  183.0,  21,  Nuc1968422,  3888,  0, 0, 0, , 0, 0, 0, 0, 0,
172,  1,  173,  170,  -1,  455, 507,  184.0,  23,  Nuc1968584,  4207,  0, 0, 0, , 0, 0, 0, 0, 0,
173,  1,  174,  171,  -1,  583, 598,  162.0,  21,  Nuc1968807,  4233,  0, 0, 0, , 0, 0, 0, 0, 0,
174,  1,  175,  172,  -1,  349, 768,  147.0,  21,  Nuc2009220,  1754,  0, 0, 0, , 0, 0, 0, 0, 0,
175,  1,  176,  173,  -1,  396, 758,  157.0,  21,  Nuc2009229,  3420,  0, 0, 0, , 0, 0, 0, 0, 0,
176,  1,  177,  174,  -1,  389, 794,  125.0,  21,  Nuc2012711,  1893,  0, 0, 0, , 0, 0, 0, 0, 0,
177,  1,  178,  175,  -1,  536, 526,  170.0,  27,  Nuc2012756,  1396,  0, 0, 0, , 0, 0, 0, 0, 0,
178,  1,  179,  176,  -1,  553, 488,  167.0,  21,  Nuc2012769,  4232,  0, 0, 0, , 0, 0, 0, 0, 0,
179,  1,  180,  177,  -1,  537, 435,  160.0,  23,  Nuc2021728,  3548,  0, 0, 0, , 0, 0, 0, 0, 0,
180,  1,  181,  178,  -1,  581, 527,  171.0,  31,  Nuc2034663,  2767,  0, 0, 0, , 0, 0, 0, 0, 0,
181,  1,  182,  179,  -1,  601, 518,  163.0,  23,  Nuc2034669,  3865,  0, 0, 0, , 0, 0, 0, 0, 0,
182,  1,  183,  180,  -1,  324, 468,  148.0,  21,  Nuc2064278,  1852,  0, 0, 0, , 0, 0, 0, 0, 0,
183,  1,  184,  181,  -1,  318, 403,  151.0,  21,  Nuc2064476,  2515,  0, 0, 0, , 0, 0, 0, 0, 0,
184,  1,  185,  182,  -1,  330, 346,  154.0,  21,  Nuc2064495,  2800,  0, 0, 0, , 0, 0, 0, 0, 0,
185,  1,  187,  183,  184,  286, 737,  140.0,  21,  Nuc2064541,  1411,  0, 0, 0, , 0, 0, 0, 0, 0,
186,  1,  188,  185,  -1,  265, 693,  147.0,  21,  Nuc2064683,  1635,  0, 0, 0, , 0, 0, 0, 0, 0,
187,  1,  189,  186,  -1,  254, 639,  154.0,  21,  Nuc2064697,  3068,  0, 0, 0, , 0, 0, 0, 0, 0,
188,  1,  190,  187,  -1,  434, 343,  131.0,  21,  Nuc2064800,  2565,  0, 0, 0, , 0, 0, 0, 0, 0,
189,  1,  191,  188,  -1,  380, 365,  130.0,  23,  Nuc2070263,  2356,  0, 0, 0, , 0, 0, 0, 0, 0,
190,  1,  192,  -1,  -1,  282, 592,  166.0,  21,  Nuc2070345,  2533,  0, 0, 0, , 0, 0, 0, 0, 0,
191,  1,  193,  189,  -1,  280, 592,  161.0,  21,  Nuc2070349,  3333,  0, 0, 0, , 0, 0, 0, 0, 0,
192,  1,  194,  190,  -1,  360, 553,  176.0,  21,  Nuc2070718,  1911,  0, 0, 0, , 0, 0, 0, 0, 0,
193,  1,  195,  191,  -1,  302, 547,  172.0,  23,  Nuc2070736,  1658,  0, 0, 0, , 0, 0, 0, 0, 0,
194,  1,  196,  192,  -1,  376, 913,  101.0,  23,  Nuc2070751,  2211,  0, 0, 0, , 0, 0, 0, 0, 0,
195,  1,  197,  193,  -1,  375, 930,  91.0,  23,  Nuc2080649,  1407,  0, 0, 0, , 0, 0, 0, 0, 0,
196,  1,  198,  194,  -1,  315, 646,  136.0,  23,  Nuc2080684,  1664,  0, 0, 0, , 0, 0, 0, 0, 0,
197,  1,  199,  195,  196,  363, 696,  135.0,  21,  Nuc2080707,  2413,  0, 0, 0, , 0, 0, 0, 0, 0,
198,  1,  200,  197,  -1,  384, 566,  139.0,  23,  Nuc2080784,  3250,  0, 0, 0, , 0, 0, 0, 0, 0,
199,  1,  202,  198,  -1,  209, 420,  143.0,  21,  Nuc2080812,  1728,  0, 0, 0, , 0, 0, 0, 0, 0,
200,  1,  203,  199,  -1,  290, 462,  166.0,  21,  Nuc2081046,  3687,  0, 0, 0, , 0, 0, 0, 0, 0,
201,  1,  204,  200,  -1,  383, 875,  118.0,  21,  Nuc2084884,  1983,  0, 0, 0, , 0, 0, 0, 0, 0,
202,  1,  205,  201,  -1,  376, 837,  110.0,  23,  Nuc2088384,  1456,  0, 0, 0, , 0, 0, 0, 0, 0,
203,  1,  206,  202,  -1,  298, 353,  129.0,  23,  Nuc2088391,  905,  0, 0, 0, , 0, 0, 0, 0, 0,
204,  1,  207,  203,  -1,  301, 396,  138.0,  21,  Nuc2088417,  2189,  0, 0, 0, , 0, 0, 0, 0, 0,
205,  1,  209,  -1,  -1,  245, 624,  132.0,  23,  Nuc2088433,  291,  0, 0, 0, , 0, 0, 0, 0, 0,
206,  1,  -1,  204,  -1,  220, 556,  146.0,  21,  Nuc2088435,  1344,  0, 0, 0, , 0, 0, 0, 0, 0,
