1,  1,  1,  1,  -1,  510, 966,  87.0,  21,  Nuc44,  1948,  0, 0, 0, , 0, 0, 0, 0, 0,
2,  1,  2,  2,  -1,  454, 956,  86.0,  21,  Nuc7211,  2024,  0, 0, 0, , 0, 0, 0, 0, 0,
3,  1,  3,  3,  -1,  456, 880,  106.0,  23,  Nuc9502,  2295,  0, 0, 0, , 0, 0, 0, 0, 0,
4,  1,  4,  4,  -1,  453, 932,  106.0,  21,  Nuc26064,  2395,  0, 0, 0, , 0, 0, 0, 0, 0,
5,  1,  5,  5,  -1,  727, 912,  98.0,  23,  Nuc29651,  2135,  0, 0, 0, , 0, 0, 0, 0, 0,
6,  1,  6,  6,  -1,  684, 896,  109.0,  21,  Nuc37562,  2209,  0, 0, 0, , 0, 0, 0, 0, 0,
7,  1,  7,  7,  -1,  616, 941,  98.0,  25,  Nuc47866,  1795,  0, 0, 0, , 0, 0, 0, 0, 0,
8,  1,  8,  8,  -1,  644, 962,  86.0,  23,  Nuc51537,  2140,  0, 0, 0, , 0, 0, 0, 0, 0,
9,  1,  9,  9,  -1,  620, 863,  124.0,  21,  Nuc63963,  2770,  0, 0, 0, , 0, 0, 0, 0, 0,
10,  1,  10,  10,  -1,  578, 825,  118.0,  21,  Nuc65755,  2927,  0, 0, 0, , 0, 0, 0, 0, 0,
11,  1,  11,  11,  -1,  535, 926,  103.0,  21,  Nuc69324,  2713,  0, 0, 0, , 0, 0, 0, 0, 0,
12,  1,  12,  12,  -1,  583, 925,  111.0,  23,  Nuc73707,  2538,  0, 0, 0, , 0, 0, 0, 0, 0,
13,  1,  13,  13,  -1,  454, 827,  119.0,  21,  Nuc90574,  2247,  0, 0, 0, , 0, 0, 0, 0, 0,
14,  1,  14,  14,  -1,  514, 815,  122.0,  23,  Nuc102422,  1981,  0, 0, 0, , 0, 0, 0, 0, 0,
15,  1,  15,  15,  -1,  528, 899,  121.0,  23,  Nuc144296,  2541,  0, 0, 0, , 0, 0, 0, 0, 0,
16,  1,  16,  16,  -1,  476, 895,  125.0,  21,  Nuc146830,  3183,  0, 0, 0, , 0, 0, 0, 0, 0,
17,  1,  17,  17,  -1,  322, 221,  124.0,  21,  Nuc152749,  1362,  0, 0, 0, , 0, 0, 0, 0, 0,
18,  1,  17,  18,  -1,  306, 181,  113.0,  23,  Nuc152762,  1285,  0, 0, 0, , 0, 0, 0, 0, 0,
19,  1,  18,  19,  -1,  314, 252,  133.0,  21,  Nuc152798,  1716,  0, 0, 0, , 0, 0, 0, 0, 0,
20,  1,  19,  20,  -1,  688, 775,  123.0,  21,  Nuc152890,  3368,  0, 0, 0, , 0, 0, 0, 0, 0,
21,  1,  20,  21,  -1,  701, 840,  124.0,  21,  Nuc173363,  3055,  0, 0, 0, , 0, 0, 0, 0, 0,
22,  1,  21,  22,  -1,  673, 775,  146.0,  21,  Nuc190545,  3527,  0, 0, 0, , 0, 0, 0, 0, 0,
23,  1,  22,  23,  -1,  650, 828,  141.0,  21,  Nuc205678,  3823,  0, 0, 0, , 0, 0, 0, 0, 0,
24,  1,  23,  24,  -1,  831, 798,  112.0,  25,  Nuc209743,  2875,  0, 0, 0, , 0, 0, 0, 0, 0,
25,  1,  24,  25,  -1,  839, 838,  99.0,  23,  Nuc215639,  2669,  0, 0, 0, , 0, 0, 0, 0, 0,
26,  1,  25,  26,  -1,  779, 811,  122.0,  23,  Nuc230358,  3008,  0, 0, 0, , 0, 0, 0, 0, 0,
27,  1,  26,  27,  -1,  769, 857,  112.0,  23,  Nuc248253,  3069,  0, 0, 0, , 0, 0, 0, 0, 0,
28,  1,  27,  28,  -1,  775, 217,  108.0,  23,  Nuc251864,  2516,  0, 0, 0, , 0, 0, 0, 0, 0,
29,  1,  28,  29,  -1,  719, 186,  107.0,  23,  Nuc260693,  2173,  0, 0, 0, , 0, 0, 0, 0, 0,
30,  1,  29,  30,  -1,  642, 211,  125.0,  21,  Nuc264737,  2428,  0, 0, 0, , 0, 0, 0, 0, 0,
31,  1,  30,  31,  -1,  690, 219,  131.0,  21,  Nuc272761,  2306,  0, 0, 0, , 0, 0, 0, 0, 0,
32,  1,  31,  32,  -1,  544, 272,  133.0,  21,  Nuc274965,  2137,  0, 0, 0, , 0, 0, 0, 0, 0,
33,  1,  32,  33,  -1,  589, 234,  141.0,  21,  Nuc283111,  2961,  0, 0, 0, , 0, 0, 0, 0, 0,
34,  1,  33,  34,  -1,  574, 191,  123.0,  21,  Nuc293737,  2179,  0, 0, 0, , 0, 0, 0, 0, 0,
35,  1,  34,  35,  -1,  598, 148,  111.0,  23,  Nuc306813,  2060,  0, 0, 0, , 0, 0, 0, 0, 0,
36,  1,  35,  36,  -1,  891, 334,  109.0,  21,  Nuc314303,  2556,  0, 0, 0, , 0, 0, 0, 0, 0,
37,  1,  36,  37,  -1,  924, 390,  109.0,  21,  Nuc326389,  2552,  0, 0, 0, , 0, 0, 0, 0, 0,
38,  1,  37,  38,  -1,  800, 312,  125.0,  21,  Nuc343655,  3173,  0, 0, 0, , 0, 0, 0, 0, 0,
39,  1,  38,  39,  -1,  841, 356,  129.0,  21,  Nuc359666,  2677,  0, 0, 0, , 0, 0, 0, 0, 0,
40,  1,  39,  40,  -1,  761, 361,  148.0,  21,  Nuc370587,  3241,  0, 0, 0, , 0, 0, 0, 0, 0,
41,  1,  40,  41,  -1,  707, 366,  141.0,  21,  Nuc386065,  2781,  0, 0, 0, , 0, 0, 0, 0, 0,
42,  1,  41,  42,  -1,  666, 298,  137.0,  21,  Nuc406954,  3315,  0, 0, 0, , 0, 0, 0, 0, 0,
43,  1,  42,  43,  -1,  741, 280,  134.0,  21,  Nuc441224,  3063,  0, 0, 0, , 0, 0, 0, 0, 0,
44,  1,  43,  44,  -1,  407, 145,  106.0,  23,  Nuc445492,  2225,  0, 0, 0, , 0, 0, 0, 0, 0,
45,  1,  44,  45,  -1,  393, 172,  120.0,  23,  Nuc450535,  2249,  0, 0, 0, , 0, 0, 0, 0, 0,
46,  1,  45,  46,  -1,  391, 231,  133.0,  21,  Nuc451827,  2231,  0, 0, 0, , 0, 0, 0, 0, 0,
47,  1,  46,  47,  -1,  486, 139,  112.0,  21,  Nuc454658,  1971,  0, 0, 0, , 0, 0, 0, 0, 0,
48,  1,  47,  48,  -1,  464, 176,  123.0,  23,  Nuc457634,  3254,  0, 0, 0, , 0, 0, 0, 0, 0,
49,  1,  48,  49,  -1,  462, 263,  130.0,  21,  Nuc460134,  1927,  0, 0, 0, , 0, 0, 0, 0, 0,
50,  1,  49,  50,  -1,  481, 205,  139.0,  21,  Nuc462364,  2374,  0, 0, 0, , 0, 0, 0, 0, 0,
51,  1,  50,  51,  -1,  905, 655,  121.0,  21,  Nuc466276,  2916,  0, 0, 0, , 0, 0, 0, 0, 0,
52,  1,  51,  52,  -1,  950, 661,  108.0,  21,  Nuc478769,  3356,  0, 0, 0, , 0, 0, 0, 0, 0,
53,  1,  52,  53,  -1,  854, 715,  124.0,  21,  Nuc497642,  3188,  0, 0, 0, , 0, 0, 0, 0, 0,
54,  1,  53,  54,  -1,  890, 733,  113.0,  23,  Nuc541221,  2942,  0, 0, 0, , 0, 0, 0, 0, 0,
55,  1,  54,  55,  -1,  791, 735,  135.0,  21,  Nuc546702,  3775,  0, 0, 0, , 0, 0, 0, 0, 0,
56,  1,  55,  56,  -1,  759, 694,  128.0,  21,  Nuc578577,  2715,  0, 0, 0, , 0, 0, 0, 0, 0,
57,  1,  56,  57,  -1,  678, 694,  147.0,  21,  Nuc606116,  3260,  0, 0, 0, , 0, 0, 0, 0, 0,
58,  1,  57,  58,  -1,  725, 726,  153.0,  21,  Nuc668695,  4205,  0, 0, 0, , 0, 0, 0, 0, 0,
59,  1,  58,  59,  -1,  428, 860,  135.0,  21,  Nuc682027,  2940,  0, 0, 0, , 0, 0, 0, 0, 0,
60,  1,  59,  60,  61,  347, 836,  127.0,  21,  Nuc694390,  2665,  0, 0, 0, , 0, 0, 0, 0, 0,
61,  1,  60,  62,  -1,  398, 826,  140.0,  21,  Nuc701660,  1908,  0, 0, 0, , 0, 0, 0, 0, 0,
62,  1,  61,  63,  -1,  897, 445,  127.0,  21,  Nuc701790,  3315,  0, 0, 0, , 0, 0, 0, 0, 0,
63,  1,  62,  64,  -1,  938, 500,  122.0,  21,  Nuc727144,  2972,  0, 0, 0, , 0, 0, 0, 0, 0,
64,  1,  63,  65,  -1,  848, 448,  140.0,  21,  Nuc736752,  3387,  0, 0, 0, , 0, 0, 0, 0, 0,
65,  1,  64,  66,  -1,  862, 518,  142.0,  21,  Nuc744053,  3576,  0, 0, 0, , 0, 0, 0, 0, 0,
66,  1,  65,  67,  -1,  771, 480,  133.0,  21,  Nuc765535,  3172,  0, 0, 0, , 0, 0, 0, 0, 0,
67,  1,  66,  68,  -1,  750, 538,  140.0,  21,  Nuc777252,  3306,  0, 0, 0, , 0, 0, 0, 0, 0,
68,  1,  67,  69,  -1,  795, 477,  156.0,  21,  Nuc781807,  3872,  0, 0, 0, , 0, 0, 0, 0, 0,
69,  1,  68,  70,  -1,  738, 443,  157.0,  21,  Nuc787802,  3834,  0, 0, 0, , 0, 0, 0, 0, 0,
70,  1,  69,  71,  -1,  798, 612,  136.0,  23,  Nuc799506,  3843,  0, 0, 0, , 0, 0, 0, 0, 0,
71,  1,  70,  72,  -1,  869, 607,  138.0,  21,  Nuc846735,  3524,  0, 0, 0, , 0, 0, 0, 0, 0,
72,  1,  71,  73,  -1,  849, 595,  124.0,  21,  Nuc855270,  3869,  0, 0, 0, , 0, 0, 0, 0, 0,
73,  1,  72,  74,  -1,  933, 578,  123.0,  21,  Nuc895717,  3195,  0, 0, 0, , 0, 0, 0, 0, 0,
74,  1,  73,  75,  -1,  964, 559,  112.0,  23,  Nuc906500,  2954,  0, 0, 0, , 0, 0, 0, 0, 0,
75,  1,  74,  76,  -1,  735, 617,  134.0,  21,  Nuc911881,  4045,  0, 0, 0, , 0, 0, 0, 0, 0,
76,  1,  75,  77,  -1,  757, 644,  157.0,  21,  Nuc952980,  4249,  0, 0, 0, , 0, 0, 0, 0, 0,
77,  1,  76,  78,  -1,  799, 596,  157.0,  21,  Nuc966744,  4201,  0, 0, 0, , 0, 0, 0, 0, 0,
78,  1,  77,  79,  -1,  474, 680,  133.0,  21,  Nuc1024082,  2211,  0, 0, 0, , 0, 0, 0, 0, 0,
79,  1,  78,  80,  -1,  456, 600,  142.0,  21,  Nuc1024097,  2103,  0, 0, 0, , 0, 0, 0, 0, 0,
80,  1,  79,  81,  -1,  498, 613,  132.0,  21,  Nuc1056969,  2353,  0, 0, 0, , 0, 0, 0, 0, 0,
81,  1,  80,  82,  -1,  327, 743,  127.0,  21,  Nuc1057030,  3003,  0, 0, 0, , 0, 0, 0, 0, 0,
82,  1,  81,  83,  -1,  469, 761,  129.0,  21,  Nuc1057320,  2872,  0, 0, 0, , 0, 0, 0, 0, 0,
83,  1,  82,  84,  -1,  410, 731,  123.0,  21,  Nuc1057692,  3181,  0, 0, 0, , 0, 0, 0, 0, 0,
84,  1,  83,  85,  -1,  458, 718,  146.0,  21,  Nuc1057718,  5101,  0, 0, 0, , 0, 0, 0, 0, 0,
85,  1,  84,  86,  -1,  564, 663,  139.0,  21,  Nuc1057888,  2447,  0, 0, 0, , 0, 0, 0, 0, 0,
86,  1,  85,  87,  -1,  542, 717,  132.0,  23,  Nuc1091558,  2898,  0, 0, 0, , 0, 0, 0, 0, 0,
87,  1,  86,  88,  -1,  617, 702,  136.0,  21,  Nuc1102191,  3978,  0, 0, 0, , 0, 0, 0, 0, 0,
88,  1,  87,  89,  -1,  599, 751,  127.0,  21,  Nuc1145025,  2591,  0, 0, 0, , 0, 0, 0, 0, 0,
89,  1,  88,  90,  -1,  309, 583,  144.0,  21,  Nuc1208101,  1536,  0, 0, 0, , 0, 0, 0, 0, 0,
90,  1,  89,  91,  -1,  313, 535,  145.0,  23,  Nuc1208115,  2784,  0, 0, 0, , 0, 0, 0, 0, 0,
91,  1,  90,  92,  -1,  346, 528,  159.0,  21,  Nuc1208141,  2955,  0, 0, 0, , 0, 0, 0, 0, 0,
92,  1,  90,  93,  -1,  345, 526,  155.0,  21,  Nuc1208152,  2955,  0, 0, 0, , 0, 0, 0, 0, 0,
93,  1,  91,  94,  -1,  492, 538,  135.0,  23,  Nuc1208179,  2178,  0, 0, 0, , 0, 0, 0, 0, 0,
94,  1,  92,  95,  -1,  552, 784,  146.0,  21,  Nuc1210595,  3381,  0, 0, 0, , 0, 0, 0, 0, 0,
95,  1,  93,  96,  -1,  552, 845,  144.0,  21,  Nuc1231725,  3465,  0, 0, 0, , 0, 0, 0, 0, 0,
96,  1,  94,  97,  -1,  469, 826,  149.0,  21,  Nuc1247434,  3917,  0, 0, 0, , 0, 0, 0, 0, 0,
97,  1,  95,  98,  -1,  484, 781,  160.0,  23,  Nuc1262353,  3767,  0, 0, 0, , 0, 0, 0, 0, 0,
98,  1,  96,  99,  -1,  660, 629,  132.0,  23,  Nuc1272747,  2737,  0, 0, 0, , 0, 0, 0, 0, 0,
99,  1,  97,  100,  -1,  639, 626,  148.0,  23,  Nuc1335631,  2834,  0, 0, 0, , 0, 0, 0, 0, 0,
100,  1,  98,  101,  -1,  571, 588,  137.0,  21,  Nuc1336655,  2649,  0, 0, 0, , 0, 0, 0, 0, 0,
101,  1,  99,  102,  -1,  620, 547,  136.0,  23,  Nuc1390570,  3657,  0, 0, 0, , 0, 0, 0, 0, 0,
102,  1,  100,  103,  -1,  403, 470,  147.0,  21,  Nuc1418705,  2053,  0, 0, 0, , 0, 0, 0, 0, 0,
103,  1,  101,  104,  -1,  436, 415,  148.0,  23,  Nuc1418763,  3138,  0, 0, 0, , 0, 0, 0, 0, 0,
104,  1,  102,  105,  -1,  418, 549,  152.0,  21,  Nuc1418840,  1839,  0, 0, 0, , 0, 0, 0, 0, 0,
105,  1,  103,  106,  -1,  461, 518,  160.0,  21,  Nuc1419076,  2763,  0, 0, 0, , 0, 0, 0, 0, 0,
106,  1,  105,  107,  -1,  470, 402,  132.0,  23,  Nuc1426616,  1959,  0, 0, 0, , 0, 0, 0, 0, 0,
107,  1,  106,  108,  109,  467, 474,  130.0,  23,  Nuc1426638,  4622,  0, 0, 0, , 0, 0, 0, 0, 0,
108,  1,  107,  110,  -1,  557, 496,  129.0,  23,  Nuc1431491,  3652,  0, 0, 0, , 0, 0, 0, 0, 0,
109,  1,  108,  111,  112,  554, 503,  147.0,  21,  Nuc1468240,  2585,  0, 0, 0, , 0, 0, 0, 0, 0,
110,  1,  109,  113,  -1,  346, 381,  169.0,  21,  Nuc1483211,  2566,  0, 0, 0, , 0, 0, 0, 0, 0,
111,  1,  110,  114,  115,  359, 445,  166.0,  21,  Nuc1492450,  3786,  0, 0, 0, , 0, 0, 0, 0, 0,
112,  1,  111,  116,  -1,  448, 326,  167.0,  23,  Nuc1493211,  3604,  0, 0, 0, , 0, 0, 0, 0, 0,
113,  1,  112,  117,  -1,  405, 351,  161.0,  23,  Nuc1493582,  3532,  0, 0, 0, , 0, 0, 0, 0, 0,
114,  1,  113,  118,  -1,  372, 289,  147.0,  21,  Nuc1494707,  2947,  0, 0, 0, , 0, 0, 0, 0, 0,
115,  1,  114,  119,  -1,  423, 251,  151.0,  23,  Nuc1496353,  2868,  0, 0, 0, , 0, 0, 0, 0, 0,
116,  1,  115,  120,  -1,  641, 333,  158.0,  23,  Nuc1500713,  3195,  0, 0, 0, , 0, 0, 0, 0, 0,
117,  1,  116,  121,  -1,  636, 408,  150.0,  21,  Nuc1508324,  2450,  0, 0, 0, , 0, 0, 0, 0, 0,
118,  1,  117,  122,  -1,  553, 419,  141.0,  21,  Nuc1514856,  2014,  0, 0, 0, , 0, 0, 0, 0, 0,
119,  1,  118,  123,  -1,  589, 360,  137.0,  21,  Nuc1545749,  3181,  0, 0, 0, , 0, 0, 0, 0, 0,
120,  1,  119,  124,  -1,  485, 328,  147.0,  21,  Nuc1553349,  3701,  0, 0, 0, , 0, 0, 0, 0, 0,
121,  1,  120,  125,  -1,  519, 262,  152.0,  23,  Nuc1572617,  3003,  0, 0, 0, , 0, 0, 0, 0, 0,
122,  1,  121,  126,  -1,  568, 314,  162.0,  21,  Nuc1577601,  3652,  0, 0, 0, , 0, 0, 0, 0, 0,
123,  1,  122,  127,  -1,  515, 359,  164.0,  23,  Nuc1584271,  4242,  0, 0, 0, , 0, 0, 0, 0, 0,
124,  1,  123,  128,  -1,  635, 476,  147.0,  21,  Nuc1584570,  2234,  0, 0, 0, , 0, 0, 0, 0, 0,
125,  1,  124,  129,  -1,  686, 458,  134.0,  23,  Nuc1622742,  3538,  0, 0, 0, , 0, 0, 0, 0, 0,
126,  1,  126,  130,  -1,  667, 528,  159.0,  21,  Nuc1640561,  4955,  0, 0, 0, , 0, 0, 0, 0, 0,
127,  1,  127,  131,  -1,  647, 536,  149.0,  21,  Nuc1643507,  2919,  0, 0, 0, , 0, 0, 0, 0, 0,
128,  1,  128,  132,  -1,  692, 586,  155.0,  21,  Nuc1703077,  4789,  0, 0, 0, , 0, 0, 0, 0, 0,
129,  1,  129,  133,  -1,  676, 571,  143.0,  23,  Nuc1707939,  4403,  0, 0, 0, , 0, 0, 0, 0, 0,
130,  1,  130,  134,  -1,  550, 543,  154.0,  21,  Nuc1740603,  4138,  0, 0, 0, , 0, 0, 0, 0, 0,
131,  1,  131,  135,  -1,  521, 590,  152.0,  21,  Nuc1754939,  3853,  0, 0, 0, , 0, 0, 0, 0, 0,
132,  1,  132,  136,  -1,  459, 443,  166.0,  23,  Nuc1759748,  5548,  0, 0, 0, , 0, 0, 0, 0, 0,
133,  1,  133,  137,  -1,  499, 501,  164.0,  21,  Nuc1772000,  5620,  0, 0, 0, , 0, 0, 0, 0, 0,
134,  1,  134,  138,  -1,  484, 560,  162.0,  21,  Nuc1773056,  2122,  0, 0, 0, , 0, 0, 0, 0, 0,
135,  1,  135,  139,  -1,  410, 503,  169.0,  21,  Nuc1773093,  2153,  0, 0, 0, , 0, 0, 0, 0, 0,
136,  1,  136,  140,  -1,  458, 519,  167.0,  29,  Nuc1773107,  2660,  0, 0, 0, , 0, 0, 0, 0, 0,
137,  1,  137,  141,  -1,  416, 706,  165.0,  21,  Nuc1773162,  3205,  0, 0, 0, , 0, 0, 0, 0, 0,
138,  1,  138,  142,  -1,  335, 661,  153.0,  21,  Nuc1784059,  1872,  0, 0, 0, , 0, 0, 0, 0, 0,
139,  1,  139,  143,  -1,  333, 709,  164.0,  21,  Nuc1785225,  1577,  0, 0, 0, , 0, 0, 0, 0, 0,
140,  1,  140,  144,  -1,  433, 583,  169.0,  21,  Nuc1785249,  4288,  0, 0, 0, , 0, 0, 0, 0, 0,
141,  1,  141,  145,  -1,  367, 605,  160.0,  23,  Nuc1793809,  3590,  0, 0, 0, , 0, 0, 0, 0, 0,
142,  1,  142,  146,  -1,  368, 639,  177.0,  21,  Nuc1793824,  4032,  0, 0, 0, , 0, 0, 0, 0, 0,
143,  1,  143,  147,  -1,  431, 409,  179.0,  23,  Nuc1794103,  4312,  0, 0, 0, , 0, 0, 0, 0, 0,
144,  1,  144,  148,  -1,  541, 403,  176.0,  23,  Nuc1794448,  4012,  0, 0, 0, , 0, 0, 0, 0, 0,
145,  1,  145,  149,  -1,  623, 434,  171.0,  21,  Nuc1800313,  4389,  0, 0, 0, , 0, 0, 0, 0, 0,
146,  1,  146,  150,  -1,  683, 413,  166.0,  23,  Nuc1848857,  4773,  0, 0, 0, , 0, 0, 0, 0, 0,
147,  1,  147,  151,  -1,  684, 503,  172.0,  21,  Nuc1850287,  4931,  0, 0, 0, , 0, 0, 0, 0, 0,
148,  1,  148,  152,  -1,  730, 506,  170.0,  21,  Nuc1858769,  4889,  0, 0, 0, , 0, 0, 0, 0, 0,
149,  1,  149,  153,  -1,  663, 596,  171.0,  21,  Nuc1862199,  5342,  0, 0, 0, , 0, 0, 0, 0, 0,
150,  1,  150,  154,  -1,  727, 552,  161.0,  23,  Nuc1867413,  4150,  0, 0, 0, , 0, 0, 0, 0, 0,
151,  1,  151,  155,  -1,  732, 587,  170.0,  23,  Nuc1868179,  4046,  0, 0, 0, , 0, 0, 0, 0, 0,
152,  1,  152,  156,  -1,  446, 688,  178.0,  23,  Nuc1869375,  3612,  0, 0, 0, , 0, 0, 0, 0, 0,
153,  1,  153,  157,  -1,  620, 715,  164.0,  21,  Nuc1869982,  4373,  0, 0, 0, , 0, 0, 0, 0, 0,
154,  1,  154,  158,  -1,  597, 767,  161.0,  23,  Nuc1871437,  4821,  0, 0, 0, , 0, 0, 0, 0, 0,
155,  1,  155,  159,  -1,  540, 677,  176.0,  21,  Nuc1883026,  4440,  0, 0, 0, , 0, 0, 0, 0, 0,
156,  1,  156,  160,  -1,  522, 728,  171.0,  23,  Nuc1889441,  4382,  0, 0, 0, , 0, 0, 0, 0, 0,
157,  1,  157,  161,  -1,  658, 662,  168.0,  23,  Nuc1892138,  4884,  0, 0, 0, , 0, 0, 0, 0, 0,
158,  1,  158,  162,  -1,  577, 605,  179.0,  23,  Nuc1921263,  5397,  0, 0, 0, , 0, 0, 0, 0, 0,
159,  1,  159,  163,  -1,  583, 504,  180.0,  21,  Nuc1922065,  4628,  0, 0, 0, , 0, 0, 0, 0, 0,
160,  1,  160,  164,  -1,  638, 536,  177.0,  23,  Nuc1922165,  4209,  0, 0, 0, , 0, 0, 0, 0, 0,
161,  1,  162,  165,  -1,  448, 618,  183.0,  23,  Nuc1923281,  4488,  0, 0, 0, , 0, 0, 0, 0, 0,
162,  1,  163,  166,  -1,  457, 651,  159.0,  21,  Nuc1934255,  2074,  0, 0, 0, , 0, 0, 0, 0, 0,
163,  1,  164,  167,  -1,  525, 669,  157.0,  21,  Nuc1943208,  2679,  0, 0, 0, , 0, 0, 0, 0, 0,
164,  1,  165,  168,  -1,  516, 609,  170.0,  23,  Nuc1950041,  4927,  0, 0, 0, , 0, 0, 0, 0, 0,
165,  1,  166,  169,  -1,  408, 545,  184.0,  23,  Nuc1953717,  3081,  0, 0, 0, , 0, 0, 0, 0, 0,
166,  1,  167,  170,  -1,  373, 480,  182.0,  23,  Nuc1954688,  2846,  0, 0, 0, , 0, 0, 0, 0, 0,
167,  1,  169,  171,  -1,  499, 567,  183.0,  21,  Nuc1954924,  4760,  0, 0, 0, , 0, 0, 0, 0, 0,
168,  1,  170,  172,  -1,  535, 541,  178.0,  23,  Nuc1955360,  4678,  0, 0, 0, , 0, 0, 0, 0, 0,
169,  1,  171,  173,  -1,  504, 476,  182.0,  23,  Nuc1968423,  5235,  0, 0, 0, , 0, 0, 0, 0, 0,
170,  1,  172,  174,  -1,  455, 508,  183.0,  23,  Nuc1968585,  5101,  0, 0, 0, , 0, 0, 0, 0, 0,
171,  1,  173,  175,  176,  584, 598,  161.0,  23,  Nuc1968808,  5761,  0, 0, 0, , 0, 0, 0, 0, 0,
172,  1,  174,  177,  -1,  348, 768,  147.0,  21,  Nuc2009221,  1785,  0, 0, 0, , 0, 0, 0, 0, 0,
173,  1,  175,  178,  -1,  400, 758,  157.0,  21,  Nuc2009230,  3751,  0, 0, 0, , 0, 0, 0, 0, 0,
174,  1,  176,  179,  -1,  392, 791,  126.0,  21,  Nuc2012712,  2473,  0, 0, 0, , 0, 0, 0, 0, 0,
175,  1,  177,  180,  -1,  535, 527,  170.0,  25,  Nuc2012757,  1354,  0, 0, 0, , 0, 0, 0, 0, 0,
176,  1,  178,  181,  -1,  553, 487,  167.0,  21,  Nuc2012770,  4971,  0, 0, 0, , 0, 0, 0, 0, 0,
177,  1,  179,  182,  -1,  536, 438,  160.0,  23,  Nuc2021729,  3886,  0, 0, 0, , 0, 0, 0, 0, 0,
178,  1,  180,  183,  -1,  580, 528,  171.0,  29,  Nuc2034664,  1823,  0, 0, 0, , 0, 0, 0, 0, 0,
179,  1,  181,  184,  -1,  604, 517,  164.0,  21,  Nuc2034670,  4731,  0, 0, 0, , 0, 0, 0, 0, 0,
180,  1,  182,  185,  -1,  324, 472,  148.0,  21,  Nuc2064279,  2097,  0, 0, 0, , 0, 0, 0, 0, 0,
181,  1,  183,  186,  -1,  316, 403,  152.0,  21,  Nuc2064477,  2405,  0, 0, 0, , 0, 0, 0, 0, 0,
182,  1,  184,  187,  -1,  332, 350,  154.0,  21,  Nuc2064496,  3312,  0, 0, 0, , 0, 0, 0, 0, 0,
183,  1,  185,  188,  -1,  253, 738,  128.0,  21,  Nuc2064542,  1937,  0, 0, 0, , 0, 0, 0, 0, 0,
184,  1,  185,  189,  -1,  289, 737,  141.0,  23,  Nuc2064555,  831,  0, 0, 0, , 0, 0, 0, 0, 0,
185,  1,  186,  190,  -1,  266, 689,  150.0,  21,  Nuc2064684,  763,  0, 0, 0, , 0, 0, 0, 0, 0,
186,  1,  187,  191,  -1,  256, 640,  154.0,  21,  Nuc2064698,  2649,  0, 0, 0, , 0, 0, 0, 0, 0,
187,  1,  188,  192,  -1,  435, 346,  131.0,  21,  Nuc2064801,  2632,  0, 0, 0, , 0, 0, 0, 0, 0,
188,  1,  189,  193,  -1,  380, 369,  130.0,  23,  Nuc2070264,  2722,  0, 0, 0, , 0, 0, 0, 0, 0,
189,  1,  191,  194,  195,  279, 589,  161.0,  21,  Nuc2070350,  3461,  0, 0, 0, , 0, 0, 0, 0, 0,
190,  1,  192,  196,  -1,  361, 555,  176.0,  21,  Nuc2070719,  1877,  0, 0, 0, , 0, 0, 0, 0, 0,
191,  1,  193,  197,  -1,  302, 546,  172.0,  21,  Nuc2070737,  2285,  0, 0, 0, , 0, 0, 0, 0, 0,
192,  1,  194,  198,  -1,  377, 910,  101.0,  23,  Nuc2070752,  2007,  0, 0, 0, , 0, 0, 0, 0, 0,
193,  1,  195,  199,  -1,  375, 930,  90.0,  23,  Nuc2080650,  1070,  0, 0, 0, , 0, 0, 0, 0, 0,
194,  1,  196,  200,  -1,  316, 645,  136.0,  23,  Nuc2080685,  2045,  0, 0, 0, , 0, 0, 0, 0, 0,
195,  1,  197,  -1,  -1,  396, 639,  140.0,  21,  Nuc2080708,  616,  0, 0, 0, , 0, 0, 0, 0, 0,
196,  1,  197,  201,  -1,  365, 692,  136.0,  23,  Nuc2080709,  2424,  0, 0, 0, , 0, 0, 0, 0, 0,
197,  1,  198,  202,  -1,  385, 567,  139.0,  23,  Nuc2080785,  3975,  0, 0, 0, , 0, 0, 0, 0, 0,
198,  1,  199,  203,  204,  207, 420,  143.0,  21,  Nuc2080813,  1701,  0, 0, 0, , 0, 0, 0, 0, 0,
199,  1,  200,  205,  -1,  291, 463,  166.0,  21,  Nuc2081047,  4223,  0, 0, 0, , 0, 0, 0, 0, 0,
200,  1,  201,  206,  -1,  385, 876,  117.0,  21,  Nuc2084885,  2094,  0, 0, 0, , 0, 0, 0, 0, 0,
201,  1,  202,  207,  -1,  376, 837,  111.0,  21,  Nuc2088385,  1645,  0, 0, 0, , 0, 0, 0, 0, 0,
202,  1,  203,  208,  -1,  295, 354,  130.0,  23,  Nuc2088392,  871,  0, 0, 0, , 0, 0, 0, 0, 0,
203,  1,  204,  209,  -1,  301, 400,  138.0,  21,  Nuc2088418,  2886,  0, 0, 0, , 0, 0, 0, 0, 0,
204,  1,  206,  210,  -1,  226, 559,  144.0,  21,  Nuc2088436,  1313,  0, 0, 0, , 0, 0, 0, 0, 0,
205,  1,  -1,  211,  -1,  194, 651,  128.0,  21,  Nuc2088451,  1173,  0, 0, 0, , 0, 0, 0, 0, 0,
206,  1,  -1,  212,  213,  250, 502,  155.0,  21,  Nuc2088490,  1067,  0, 0, 0, , 0, 0, 0, 0, 0,
