1,  1,  1,  1,  -1,  515, 967,  86.0,  21,  Nuc45,  2168,  0, 0, 0, , 0, 0, 0, 0, 0,
2,  1,  2,  2,  -1,  452, 955,  85.0,  23,  Nuc7212,  1969,  0, 0, 0, , 0, 0, 0, 0, 0,
3,  1,  3,  3,  -1,  459, 880,  106.0,  23,  Nuc9503,  2272,  0, 0, 0, , 0, 0, 0, 0, 0,
4,  1,  4,  4,  -1,  456, 933,  106.0,  21,  Nuc26065,  2637,  0, 0, 0, , 0, 0, 0, 0, 0,
5,  1,  5,  5,  -1,  729, 913,  97.0,  21,  Nuc29652,  2730,  0, 0, 0, , 0, 0, 0, 0, 0,
6,  1,  6,  6,  -1,  683, 896,  109.0,  21,  Nuc37563,  2249,  0, 0, 0, , 0, 0, 0, 0, 0,
7,  1,  7,  7,  -1,  613, 943,  98.0,  23,  Nuc47867,  2098,  0, 0, 0, , 0, 0, 0, 0, 0,
8,  1,  8,  8,  -1,  646, 963,  85.0,  23,  Nuc51538,  1840,  0, 0, 0, , 0, 0, 0, 0, 0,
9,  1,  9,  9,  -1,  622, 867,  124.0,  21,  Nuc63964,  3422,  0, 0, 0, , 0, 0, 0, 0, 0,
10,  1,  10,  10,  -1,  577, 827,  118.0,  21,  Nuc65756,  2624,  0, 0, 0, , 0, 0, 0, 0, 0,
11,  1,  11,  11,  -1,  535, 927,  102.0,  23,  Nuc69325,  3111,  0, 0, 0, , 0, 0, 0, 0, 0,
12,  1,  12,  12,  -1,  587, 921,  112.0,  23,  Nuc73708,  2900,  0, 0, 0, , 0, 0, 0, 0, 0,
13,  1,  13,  13,  -1,  455, 828,  119.0,  21,  Nuc90575,  2225,  0, 0, 0, , 0, 0, 0, 0, 0,
14,  1,  14,  14,  -1,  516, 814,  122.0,  21,  Nuc102423,  2443,  0, 0, 0, , 0, 0, 0, 0, 0,
15,  1,  15,  15,  -1,  531, 898,  120.0,  21,  Nuc144297,  2681,  0, 0, 0, , 0, 0, 0, 0, 0,
16,  1,  16,  16,  -1,  474, 893,  125.0,  21,  Nuc146831,  3686,  0, 0, 0, , 0, 0, 0, 0, 0,
17,  1,  17,  17,  -1,  325, 225,  123.0,  21,  Nuc152750,  815,  0, 0, 0, , 0, 0, 0, 0, 0,
18,  1,  18,  18,  -1,  308, 179,  112.0,  21,  Nuc152763,  1891,  0, 0, 0, , 0, 0, 0, 0, 0,
19,  1,  19,  19,  20,  314, 253,  134.0,  21,  Nuc152799,  2050,  0, 0, 0, , 0, 0, 0, 0, 0,
20,  1,  20,  21,  -1,  686, 774,  123.0,  21,  Nuc152891,  3059,  0, 0, 0, , 0, 0, 0, 0, 0,
21,  1,  21,  22,  -1,  703, 843,  124.0,  21,  Nuc173364,  3374,  0, 0, 0, , 0, 0, 0, 0, 0,
22,  1,  22,  23,  -1,  672, 771,  146.0,  21,  Nuc190546,  3959,  0, 0, 0, , 0, 0, 0, 0, 0,
23,  1,  23,  24,  -1,  647, 828,  140.0,  21,  Nuc205679,  4307,  0, 0, 0, , 0, 0, 0, 0, 0,
24,  1,  24,  25,  -1,  833, 792,  113.0,  23,  Nuc209744,  3101,  0, 0, 0, , 0, 0, 0, 0, 0,
25,  1,  25,  26,  -1,  840, 838,  98.0,  23,  Nuc215640,  2914,  0, 0, 0, , 0, 0, 0, 0, 0,
26,  1,  26,  27,  -1,  776, 809,  121.0,  23,  Nuc230359,  2910,  0, 0, 0, , 0, 0, 0, 0, 0,
27,  1,  27,  28,  -1,  768, 858,  111.0,  21,  Nuc248254,  3524,  0, 0, 0, , 0, 0, 0, 0, 0,
28,  1,  28,  29,  -1,  779, 222,  108.0,  21,  Nuc251865,  2224,  0, 0, 0, , 0, 0, 0, 0, 0,
29,  1,  29,  30,  -1,  712, 186,  107.0,  21,  Nuc260694,  2225,  0, 0, 0, , 0, 0, 0, 0, 0,
30,  1,  30,  31,  -1,  640, 215,  126.0,  21,  Nuc264738,  3160,  0, 0, 0, , 0, 0, 0, 0, 0,
31,  1,  31,  32,  -1,  693, 220,  131.0,  21,  Nuc272762,  2944,  0, 0, 0, , 0, 0, 0, 0, 0,
32,  1,  32,  33,  -1,  544, 274,  133.0,  21,  Nuc274966,  2304,  0, 0, 0, , 0, 0, 0, 0, 0,
33,  1,  33,  34,  -1,  593, 238,  142.0,  21,  Nuc283112,  3218,  0, 0, 0, , 0, 0, 0, 0, 0,
34,  1,  34,  35,  -1,  573, 194,  123.0,  21,  Nuc293738,  2322,  0, 0, 0, , 0, 0, 0, 0, 0,
35,  1,  35,  36,  -1,  599, 148,  111.0,  23,  Nuc306814,  2207,  0, 0, 0, , 0, 0, 0, 0, 0,
36,  1,  36,  37,  -1,  887, 328,  107.0,  21,  Nuc314304,  2610,  0, 0, 0, , 0, 0, 0, 0, 0,
37,  1,  37,  38,  -1,  929, 397,  107.0,  21,  Nuc326390,  3046,  0, 0, 0, , 0, 0, 0, 0, 0,
38,  1,  38,  39,  -1,  799, 311,  124.0,  21,  Nuc343656,  2871,  0, 0, 0, , 0, 0, 0, 0, 0,
39,  1,  39,  40,  -1,  843, 359,  128.0,  21,  Nuc359667,  2913,  0, 0, 0, , 0, 0, 0, 0, 0,
40,  1,  40,  41,  -1,  764, 364,  147.0,  21,  Nuc370588,  3703,  0, 0, 0, , 0, 0, 0, 0, 0,
41,  1,  41,  42,  -1,  708, 369,  140.0,  23,  Nuc386066,  3419,  0, 0, 0, , 0, 0, 0, 0, 0,
42,  1,  42,  43,  -1,  667, 299,  137.0,  21,  Nuc406955,  3612,  0, 0, 0, , 0, 0, 0, 0, 0,
43,  1,  43,  44,  -1,  745, 279,  133.0,  21,  Nuc441225,  3329,  0, 0, 0, , 0, 0, 0, 0, 0,
44,  1,  44,  45,  -1,  406, 145,  106.0,  21,  Nuc445493,  2526,  0, 0, 0, , 0, 0, 0, 0, 0,
45,  1,  45,  46,  -1,  395, 176,  121.0,  23,  Nuc450536,  2308,  0, 0, 0, , 0, 0, 0, 0, 0,
46,  1,  46,  47,  48,  391, 230,  134.0,  21,  Nuc451828,  2076,  0, 0, 0, , 0, 0, 0, 0, 0,
47,  1,  47,  49,  -1,  487, 139,  112.0,  21,  Nuc454659,  2222,  0, 0, 0, , 0, 0, 0, 0, 0,
48,  1,  48,  50,  -1,  465, 182,  123.0,  21,  Nuc457635,  2746,  0, 0, 0, , 0, 0, 0, 0, 0,
49,  1,  49,  51,  -1,  464, 266,  130.0,  21,  Nuc460135,  2458,  0, 0, 0, , 0, 0, 0, 0, 0,
50,  1,  50,  52,  -1,  484, 203,  139.0,  23,  Nuc462365,  3017,  0, 0, 0, , 0, 0, 0, 0, 0,
51,  1,  51,  53,  -1,  903, 651,  120.0,  21,  Nuc466277,  3585,  0, 0, 0, , 0, 0, 0, 0, 0,
52,  1,  52,  54,  -1,  955, 661,  106.0,  21,  Nuc478770,  3450,  0, 0, 0, , 0, 0, 0, 0, 0,
53,  1,  53,  55,  -1,  854, 711,  124.0,  21,  Nuc497643,  3374,  0, 0, 0, , 0, 0, 0, 0, 0,
54,  1,  54,  56,  -1,  894, 733,  111.0,  23,  Nuc541222,  3402,  0, 0, 0, , 0, 0, 0, 0, 0,
55,  1,  55,  57,  -1,  794, 736,  136.0,  23,  Nuc546703,  4171,  0, 0, 0, , 0, 0, 0, 0, 0,
56,  1,  56,  58,  -1,  761, 691,  127.0,  23,  Nuc578578,  3937,  0, 0, 0, , 0, 0, 0, 0, 0,
57,  1,  57,  59,  -1,  676, 692,  146.0,  21,  Nuc606117,  4368,  0, 0, 0, , 0, 0, 0, 0, 0,
58,  1,  58,  60,  -1,  727, 725,  152.0,  21,  Nuc668696,  4627,  0, 0, 0, , 0, 0, 0, 0, 0,
59,  1,  59,  61,  -1,  432, 860,  134.0,  21,  Nuc682028,  3301,  0, 0, 0, , 0, 0, 0, 0, 0,
60,  1,  60,  62,  -1,  294, 815,  119.0,  21,  Nuc694391,  254,  0, 0, 0, , 0, 0, 0, 0, 0,
61,  1,  60,  63,  -1,  346, 834,  127.0,  23,  Nuc694408,  3077,  0, 0, 0, , 0, 0, 0, 0, 0,
62,  1,  61,  64,  -1,  396, 822,  142.0,  21,  Nuc701661,  1434,  0, 0, 0, , 0, 0, 0, 0, 0,
63,  1,  62,  65,  -1,  899, 440,  125.0,  21,  Nuc701791,  3726,  0, 0, 0, , 0, 0, 0, 0, 0,
64,  1,  63,  66,  -1,  937, 504,  121.0,  21,  Nuc727145,  3172,  0, 0, 0, , 0, 0, 0, 0, 0,
65,  1,  64,  67,  -1,  848, 442,  140.0,  21,  Nuc736753,  3745,  0, 0, 0, , 0, 0, 0, 0, 0,
66,  1,  65,  68,  -1,  859, 520,  142.0,  21,  Nuc744054,  3879,  0, 0, 0, , 0, 0, 0, 0, 0,
67,  1,  66,  69,  -1,  777, 475,  132.0,  21,  Nuc765536,  3001,  0, 0, 0, , 0, 0, 0, 0, 0,
68,  1,  67,  70,  -1,  751, 538,  140.0,  21,  Nuc777253,  3781,  0, 0, 0, , 0, 0, 0, 0, 0,
69,  1,  68,  71,  -1,  798, 478,  155.0,  21,  Nuc781808,  3730,  0, 0, 0, , 0, 0, 0, 0, 0,
70,  1,  69,  72,  -1,  737, 442,  156.0,  21,  Nuc787803,  4365,  0, 0, 0, , 0, 0, 0, 0, 0,
71,  1,  70,  73,  -1,  800, 612,  136.0,  23,  Nuc799507,  3682,  0, 0, 0, , 0, 0, 0, 0, 0,
72,  1,  71,  74,  -1,  870, 607,  138.0,  21,  Nuc846736,  3920,  0, 0, 0, , 0, 0, 0, 0, 0,
73,  1,  72,  75,  -1,  849, 593,  124.0,  21,  Nuc855271,  4060,  0, 0, 0, , 0, 0, 0, 0, 0,
74,  1,  73,  76,  -1,  930, 577,  123.0,  21,  Nuc895718,  3766,  0, 0, 0, , 0, 0, 0, 0, 0,
75,  1,  74,  77,  -1,  965, 555,  111.0,  23,  Nuc906501,  3282,  0, 0, 0, , 0, 0, 0, 0, 0,
76,  1,  75,  78,  -1,  735, 618,  134.0,  21,  Nuc911882,  4436,  0, 0, 0, , 0, 0, 0, 0, 0,
77,  1,  76,  79,  -1,  753, 642,  157.0,  21,  Nuc952981,  4598,  0, 0, 0, , 0, 0, 0, 0, 0,
78,  1,  77,  80,  -1,  804, 591,  156.0,  21,  Nuc966745,  4682,  0, 0, 0, , 0, 0, 0, 0, 0,
79,  1,  78,  81,  -1,  476, 680,  133.0,  23,  Nuc1024083,  2391,  0, 0, 0, , 0, 0, 0, 0, 0,
80,  1,  79,  82,  83,  456, 596,  143.0,  21,  Nuc1024098,  1957,  0, 0, 0, , 0, 0, 0, 0, 0,
81,  1,  80,  84,  85,  501, 612,  131.0,  21,  Nuc1056970,  2886,  0, 0, 0, , 0, 0, 0, 0, 0,
82,  1,  81,  86,  -1,  326, 742,  127.0,  21,  Nuc1057031,  3022,  0, 0, 0, , 0, 0, 0, 0, 0,
83,  1,  82,  87,  -1,  473, 759,  130.0,  21,  Nuc1057321,  3139,  0, 0, 0, , 0, 0, 0, 0, 0,
84,  1,  83,  88,  -1,  407, 730,  123.0,  23,  Nuc1057693,  2271,  0, 0, 0, , 0, 0, 0, 0, 0,
85,  1,  84,  89,  -1,  458, 720,  147.0,  21,  Nuc1057719,  5057,  0, 0, 0, , 0, 0, 0, 0, 0,
86,  1,  85,  90,  -1,  564, 658,  138.0,  21,  Nuc1057889,  2921,  0, 0, 0, , 0, 0, 0, 0, 0,
87,  1,  86,  91,  -1,  541, 719,  132.0,  23,  Nuc1091559,  3381,  0, 0, 0, , 0, 0, 0, 0, 0,
88,  1,  87,  92,  -1,  617, 703,  136.0,  23,  Nuc1102192,  4173,  0, 0, 0, , 0, 0, 0, 0, 0,
89,  1,  88,  93,  -1,  597, 755,  127.0,  21,  Nuc1145026,  3236,  0, 0, 0, , 0, 0, 0, 0, 0,
90,  1,  89,  94,  -1,  307, 583,  144.0,  21,  Nuc1208102,  1969,  0, 0, 0, , 0, 0, 0, 0, 0,
91,  1,  90,  95,  -1,  312, 537,  146.0,  21,  Nuc1208116,  2548,  0, 0, 0, , 0, 0, 0, 0, 0,
92,  1,  91,  96,  -1,  345, 527,  158.0,  21,  Nuc1208142,  3686,  0, 0, 0, , 0, 0, 0, 0, 0,
93,  1,  92,  97,  -1,  344, 525,  153.0,  21,  Nuc1208153,  2999,  0, 0, 0, , 0, 0, 0, 0, 0,
94,  1,  93,  98,  -1,  497, 540,  136.0,  23,  Nuc1208180,  2351,  0, 0, 0, , 0, 0, 0, 0, 0,
95,  1,  94,  99,  -1,  550, 783,  146.0,  21,  Nuc1210596,  3903,  0, 0, 0, , 0, 0, 0, 0, 0,
96,  1,  95,  100,  -1,  551, 849,  143.0,  23,  Nuc1231726,  3853,  0, 0, 0, , 0, 0, 0, 0, 0,
97,  1,  96,  101,  -1,  467, 825,  148.0,  21,  Nuc1247435,  4562,  0, 0, 0, , 0, 0, 0, 0, 0,
98,  1,  97,  102,  -1,  485, 776,  160.0,  23,  Nuc1262354,  3289,  0, 0, 0, , 0, 0, 0, 0, 0,
99,  1,  98,  103,  -1,  663, 625,  132.0,  23,  Nuc1272748,  3318,  0, 0, 0, , 0, 0, 0, 0, 0,
100,  1,  99,  104,  -1,  638, 627,  148.0,  23,  Nuc1335632,  2981,  0, 0, 0, , 0, 0, 0, 0, 0,
101,  1,  100,  105,  -1,  571, 586,  137.0,  21,  Nuc1336656,  2999,  0, 0, 0, , 0, 0, 0, 0, 0,
102,  1,  101,  106,  -1,  627, 543,  136.0,  23,  Nuc1390571,  3358,  0, 0, 0, , 0, 0, 0, 0, 0,
103,  1,  102,  107,  -1,  404, 471,  147.0,  21,  Nuc1418706,  2099,  0, 0, 0, , 0, 0, 0, 0, 0,
104,  1,  103,  108,  -1,  435, 413,  148.0,  23,  Nuc1418764,  3881,  0, 0, 0, , 0, 0, 0, 0, 0,
105,  1,  104,  109,  -1,  419, 548,  152.0,  21,  Nuc1418841,  2419,  0, 0, 0, , 0, 0, 0, 0, 0,
106,  1,  105,  110,  -1,  461, 514,  159.0,  21,  Nuc1419077,  2427,  0, 0, 0, , 0, 0, 0, 0, 0,
107,  1,  106,  111,  -1,  472, 401,  132.0,  23,  Nuc1426617,  2386,  0, 0, 0, , 0, 0, 0, 0, 0,
108,  1,  107,  112,  -1,  420, 519,  130.0,  23,  Nuc1426639,  1268,  0, 0, 0, , 0, 0, 0, 0, 0,
109,  1,  107,  113,  -1,  468, 471,  129.0,  23,  Nuc1426652,  5177,  0, 0, 0, , 0, 0, 0, 0, 0,
110,  1,  108,  114,  -1,  561, 493,  130.0,  23,  Nuc1431492,  3740,  0, 0, 0, , 0, 0, 0, 0, 0,
111,  1,  109,  115,  -1,  487, 479,  147.0,  21,  Nuc1468241,  2205,  0, 0, 0, , 0, 0, 0, 0, 0,
112,  1,  109,  116,  -1,  556, 500,  146.0,  21,  Nuc1483156,  3165,  0, 0, 0, , 0, 0, 0, 0, 0,
113,  1,  110,  117,  -1,  347, 379,  168.0,  21,  Nuc1483212,  2604,  0, 0, 0, , 0, 0, 0, 0, 0,
114,  1,  111,  118,  -1,  399, 422,  174.0,  25,  Nuc1492451,  1035,  0, 0, 0, , 0, 0, 0, 0, 0,
115,  1,  111,  119,  -1,  362, 447,  165.0,  23,  Nuc1492455,  4460,  0, 0, 0, , 0, 0, 0, 0, 0,
116,  1,  112,  120,  -1,  452, 327,  167.0,  23,  Nuc1493212,  3664,  0, 0, 0, , 0, 0, 0, 0, 0,
117,  1,  113,  121,  -1,  404, 353,  160.0,  21,  Nuc1493583,  4116,  0, 0, 0, , 0, 0, 0, 0, 0,
118,  1,  114,  122,  -1,  370, 290,  147.0,  21,  Nuc1494708,  3465,  0, 0, 0, , 0, 0, 0, 0, 0,
119,  1,  115,  123,  -1,  426, 248,  151.0,  23,  Nuc1496354,  3270,  0, 0, 0, , 0, 0, 0, 0, 0,
120,  1,  116,  124,  -1,  645, 333,  158.0,  23,  Nuc1500714,  3451,  0, 0, 0, , 0, 0, 0, 0, 0,
121,  1,  117,  125,  -1,  637, 410,  150.0,  21,  Nuc1508325,  2930,  0, 0, 0, , 0, 0, 0, 0, 0,
122,  1,  118,  126,  -1,  554, 417,  139.0,  23,  Nuc1514857,  2987,  0, 0, 0, , 0, 0, 0, 0, 0,
123,  1,  119,  127,  -1,  591, 358,  137.0,  23,  Nuc1545750,  3369,  0, 0, 0, , 0, 0, 0, 0, 0,
124,  1,  120,  128,  -1,  483, 328,  147.0,  23,  Nuc1553350,  4096,  0, 0, 0, , 0, 0, 0, 0, 0,
125,  1,  121,  129,  -1,  519, 260,  152.0,  23,  Nuc1572618,  3569,  0, 0, 0, , 0, 0, 0, 0, 0,
126,  1,  122,  130,  -1,  571, 312,  162.0,  23,  Nuc1577602,  4419,  0, 0, 0, , 0, 0, 0, 0, 0,
127,  1,  123,  131,  -1,  516, 361,  164.0,  21,  Nuc1584272,  4808,  0, 0, 0, , 0, 0, 0, 0, 0,
128,  1,  124,  132,  -1,  639, 479,  147.0,  23,  Nuc1584571,  3255,  0, 0, 0, , 0, 0, 0, 0, 0,
129,  1,  125,  133,  -1,  693, 451,  134.0,  23,  Nuc1622743,  3786,  0, 0, 0, , 0, 0, 0, 0, 0,
130,  1,  126,  134,  -1,  665, 527,  159.0,  21,  Nuc1640562,  6393,  0, 0, 0, , 0, 0, 0, 0, 0,
131,  1,  127,  135,  136,  646, 535,  149.0,  21,  Nuc1643508,  2257,  0, 0, 0, , 0, 0, 0, 0, 0,
132,  1,  128,  137,  -1,  695, 583,  155.0,  21,  Nuc1703078,  4213,  0, 0, 0, , 0, 0, 0, 0, 0,
133,  1,  129,  138,  -1,  676, 566,  143.0,  23,  Nuc1707940,  4922,  0, 0, 0, , 0, 0, 0, 0, 0,
134,  1,  130,  139,  -1,  551, 538,  154.0,  21,  Nuc1740604,  4248,  0, 0, 0, , 0, 0, 0, 0, 0,
135,  1,  131,  140,  -1,  520, 590,  152.0,  21,  Nuc1754940,  4629,  0, 0, 0, , 0, 0, 0, 0, 0,
136,  1,  132,  141,  -1,  460, 443,  166.0,  23,  Nuc1759749,  5530,  0, 0, 0, , 0, 0, 0, 0, 0,
137,  1,  133,  142,  -1,  500, 501,  164.0,  21,  Nuc1772001,  6660,  0, 0, 0, , 0, 0, 0, 0, 0,
138,  1,  134,  143,  -1,  485, 558,  162.0,  21,  Nuc1773057,  2906,  0, 0, 0, , 0, 0, 0, 0, 0,
139,  1,  135,  144,  -1,  411, 502,  169.0,  21,  Nuc1773094,  2626,  0, 0, 0, , 0, 0, 0, 0, 0,
140,  1,  136,  145,  146,  458, 519,  167.0,  27,  Nuc1773108,  2377,  0, 0, 0, , 0, 0, 0, 0, 0,
141,  1,  137,  147,  -1,  416, 704,  165.0,  23,  Nuc1773163,  3310,  0, 0, 0, , 0, 0, 0, 0, 0,
142,  1,  138,  148,  149,  336, 662,  152.0,  23,  Nuc1784060,  2047,  0, 0, 0, , 0, 0, 0, 0, 0,
143,  1,  139,  150,  -1,  335, 714,  163.0,  23,  Nuc1785226,  1102,  0, 0, 0, , 0, 0, 0, 0, 0,
144,  1,  140,  151,  -1,  432, 582,  169.0,  21,  Nuc1785250,  4599,  0, 0, 0, , 0, 0, 0, 0, 0,
145,  1,  141,  152,  -1,  367, 603,  160.0,  23,  Nuc1793810,  3303,  0, 0, 0, , 0, 0, 0, 0, 0,
146,  1,  142,  153,  -1,  369, 639,  177.0,  23,  Nuc1793825,  4465,  0, 0, 0, , 0, 0, 0, 0, 0,
147,  1,  143,  154,  -1,  434, 406,  178.0,  23,  Nuc1794104,  4614,  0, 0, 0, , 0, 0, 0, 0, 0,
148,  1,  144,  155,  -1,  541, 401,  176.0,  23,  Nuc1794449,  4498,  0, 0, 0, , 0, 0, 0, 0, 0,
149,  1,  145,  156,  -1,  622, 436,  171.0,  21,  Nuc1800314,  4812,  0, 0, 0, , 0, 0, 0, 0, 0,
150,  1,  146,  157,  -1,  687, 411,  165.0,  23,  Nuc1848858,  5134,  0, 0, 0, , 0, 0, 0, 0, 0,
151,  1,  147,  158,  -1,  683, 503,  171.0,  21,  Nuc1850288,  5642,  0, 0, 0, , 0, 0, 0, 0, 0,
152,  1,  148,  159,  -1,  734, 506,  169.0,  21,  Nuc1858770,  5567,  0, 0, 0, , 0, 0, 0, 0, 0,
153,  1,  149,  160,  -1,  666, 594,  170.0,  21,  Nuc1862200,  5519,  0, 0, 0, , 0, 0, 0, 0, 0,
154,  1,  150,  161,  -1,  728, 550,  161.0,  23,  Nuc1867414,  4780,  0, 0, 0, , 0, 0, 0, 0, 0,
155,  1,  151,  162,  -1,  731, 584,  170.0,  23,  Nuc1868180,  4706,  0, 0, 0, , 0, 0, 0, 0, 0,
156,  1,  152,  163,  -1,  447, 685,  177.0,  23,  Nuc1869376,  3915,  0, 0, 0, , 0, 0, 0, 0, 0,
157,  1,  153,  164,  -1,  620, 714,  164.0,  23,  Nuc1869983,  5038,  0, 0, 0, , 0, 0, 0, 0, 0,
158,  1,  154,  165,  -1,  595, 769,  160.0,  23,  Nuc1871438,  5568,  0, 0, 0, , 0, 0, 0, 0, 0,
159,  1,  155,  166,  -1,  539, 673,  176.0,  21,  Nuc1883027,  5142,  0, 0, 0, , 0, 0, 0, 0, 0,
160,  1,  156,  167,  -1,  520, 729,  170.0,  23,  Nuc1889442,  5729,  0, 0, 0, , 0, 0, 0, 0, 0,
161,  1,  157,  168,  -1,  657, 662,  168.0,  23,  Nuc1892139,  5512,  0, 0, 0, , 0, 0, 0, 0, 0,
162,  1,  158,  169,  -1,  576, 604,  179.0,  23,  Nuc1921264,  5477,  0, 0, 0, , 0, 0, 0, 0, 0,
163,  1,  159,  170,  -1,  583, 502,  180.0,  21,  Nuc1922066,  5808,  0, 0, 0, , 0, 0, 0, 0, 0,
164,  1,  160,  171,  -1,  639, 537,  177.0,  23,  Nuc1922166,  4792,  0, 0, 0, , 0, 0, 0, 0, 0,
165,  1,  161,  172,  -1,  450, 619,  183.0,  23,  Nuc1923282,  4217,  0, 0, 0, , 0, 0, 0, 0, 0,
166,  1,  162,  173,  -1,  455, 649,  159.0,  21,  Nuc1934256,  3402,  0, 0, 0, , 0, 0, 0, 0, 0,
167,  1,  163,  174,  -1,  528, 666,  156.0,  23,  Nuc1943209,  2674,  0, 0, 0, , 0, 0, 0, 0, 0,
168,  1,  164,  175,  -1,  518, 609,  170.0,  23,  Nuc1950042,  5447,  0, 0, 0, , 0, 0, 0, 0, 0,
169,  1,  165,  176,  -1,  411, 543,  184.0,  23,  Nuc1953718,  4025,  0, 0, 0, , 0, 0, 0, 0, 0,
170,  1,  166,  177,  -1,  374, 480,  182.0,  23,  Nuc1954689,  3003,  0, 0, 0, , 0, 0, 0, 0, 0,
171,  1,  167,  178,  -1,  499, 565,  183.0,  21,  Nuc1954925,  4744,  0, 0, 0, , 0, 0, 0, 0, 0,
172,  1,  168,  179,  -1,  537, 542,  178.0,  21,  Nuc1955361,  5405,  0, 0, 0, , 0, 0, 0, 0, 0,
173,  1,  169,  180,  -1,  507, 474,  182.0,  23,  Nuc1968424,  4788,  0, 0, 0, , 0, 0, 0, 0, 0,
174,  1,  170,  181,  -1,  456, 508,  183.0,  23,  Nuc1968586,  4661,  0, 0, 0, , 0, 0, 0, 0, 0,
175,  1,  171,  182,  183,  576, 608,  170.0,  39,  Nuc1968809,  1794,  0, 0, 0, , 0, 0, 0, 0, 0,
176,  1,  171,  184,  -1,  585, 598,  161.0,  23,  Nuc1968823,  6632,  0, 0, 0, , 0, 0, 0, 0, 0,
177,  1,  172,  185,  -1,  348, 766,  146.0,  21,  Nuc2009222,  2127,  0, 0, 0, , 0, 0, 0, 0, 0,
178,  1,  173,  186,  -1,  401, 758,  157.0,  23,  Nuc2009231,  4055,  0, 0, 0, , 0, 0, 0, 0, 0,
179,  1,  174,  187,  -1,  392, 788,  126.0,  21,  Nuc2012713,  2614,  0, 0, 0, , 0, 0, 0, 0, 0,
180,  1,  175,  188,  -1,  535, 526,  169.0,  27,  Nuc2012758,  1485,  0, 0, 0, , 0, 0, 0, 0, 0,
181,  1,  176,  189,  -1,  553, 488,  168.0,  21,  Nuc2012771,  5619,  0, 0, 0, , 0, 0, 0, 0, 0,
182,  1,  177,  190,  -1,  536, 438,  159.0,  23,  Nuc2021730,  4536,  0, 0, 0, , 0, 0, 0, 0, 0,
183,  1,  178,  191,  -1,  576, 526,  170.0,  25,  Nuc2034665,  4372,  0, 0, 0, , 0, 0, 0, 0, 0,
184,  1,  179,  192,  -1,  606, 520,  163.0,  23,  Nuc2034671,  4973,  0, 0, 0, , 0, 0, 0, 0, 0,
185,  1,  180,  193,  -1,  323, 473,  148.0,  21,  Nuc2064280,  2257,  0, 0, 0, , 0, 0, 0, 0, 0,
186,  1,  181,  194,  -1,  317, 402,  152.0,  21,  Nuc2064478,  2384,  0, 0, 0, , 0, 0, 0, 0, 0,
187,  1,  182,  195,  -1,  335, 352,  154.0,  21,  Nuc2064497,  2798,  0, 0, 0, , 0, 0, 0, 0, 0,
188,  1,  183,  196,  -1,  254, 739,  128.0,  21,  Nuc2064543,  2156,  0, 0, 0, , 0, 0, 0, 0, 0,
189,  1,  184,  197,  198,  290, 738,  141.0,  23,  Nuc2064556,  1103,  0, 0, 0, , 0, 0, 0, 0, 0,
190,  1,  185,  199,  -1,  265, 687,  149.0,  21,  Nuc2064685,  2470,  0, 0, 0, , 0, 0, 0, 0, 0,
191,  1,  186,  200,  -1,  258, 639,  154.0,  21,  Nuc2064699,  3118,  0, 0, 0, , 0, 0, 0, 0, 0,
192,  1,  187,  201,  -1,  436, 346,  132.0,  21,  Nuc2064802,  2827,  0, 0, 0, , 0, 0, 0, 0, 0,
193,  1,  188,  202,  -1,  379, 371,  130.0,  23,  Nuc2070265,  2895,  0, 0, 0, , 0, 0, 0, 0, 0,
194,  1,  189,  203,  -1,  280, 587,  166.0,  21,  Nuc2070351,  2505,  0, 0, 0, , 0, 0, 0, 0, 0,
195,  1,  189,  204,  -1,  279, 586,  159.0,  21,  Nuc2070353,  3414,  0, 0, 0, , 0, 0, 0, 0, 0,
196,  1,  190,  205,  -1,  362, 555,  175.0,  21,  Nuc2070720,  2084,  0, 0, 0, , 0, 0, 0, 0, 0,
197,  1,  191,  206,  -1,  303, 546,  171.0,  23,  Nuc2070738,  2435,  0, 0, 0, , 0, 0, 0, 0, 0,
198,  1,  192,  207,  -1,  380, 902,  103.0,  23,  Nuc2070753,  2204,  0, 0, 0, , 0, 0, 0, 0, 0,
199,  1,  193,  208,  -1,  376, 929,  91.0,  21,  Nuc2080651,  2289,  0, 0, 0, , 0, 0, 0, 0, 0,
200,  1,  194,  209,  -1,  316, 645,  136.0,  23,  Nuc2080686,  2385,  0, 0, 0, , 0, 0, 0, 0, 0,
201,  1,  196,  210,  -1,  367, 693,  135.0,  23,  Nuc2080710,  2478,  0, 0, 0, , 0, 0, 0, 0, 0,
202,  1,  197,  211,  -1,  385, 566,  138.0,  23,  Nuc2080786,  3953,  0, 0, 0, , 0, 0, 0, 0, 0,
203,  1,  198,  212,  -1,  256, 439,  148.0,  21,  Nuc2080814,  810,  0, 0, 0, , 0, 0, 0, 0, 0,
204,  1,  198,  213,  214,  208, 417,  143.0,  21,  Nuc2080820,  2092,  0, 0, 0, , 0, 0, 0, 0, 0,
205,  1,  199,  215,  -1,  293, 462,  167.0,  21,  Nuc2081048,  4958,  0, 0, 0, , 0, 0, 0, 0, 0,
206,  1,  200,  216,  -1,  390, 877,  118.0,  21,  Nuc2084886,  1947,  0, 0, 0, , 0, 0, 0, 0, 0,
207,  1,  201,  217,  -1,  377, 835,  111.0,  21,  Nuc2088386,  1397,  0, 0, 0, , 0, 0, 0, 0, 0,
208,  1,  202,  218,  -1,  295, 354,  130.0,  21,  Nuc2088393,  2012,  0, 0, 0, , 0, 0, 0, 0, 0,
209,  1,  203,  219,  -1,  301, 402,  137.0,  23,  Nuc2088419,  2586,  0, 0, 0, , 0, 0, 0, 0, 0,
210,  1,  204,  220,  -1,  228, 561,  142.0,  21,  Nuc2088437,  2566,  0, 0, 0, , 0, 0, 0, 0, 0,
211,  1,  205,  221,  222,  198, 653,  129.0,  21,  Nuc2088452,  2075,  0, 0, 0, , 0, 0, 0, 0, 0,
212,  1,  206,  -1,  -1,  293, 461,  160.0,  21,  Nuc2088491,  2083,  0, 0, 0, , 0, 0, 0, 0, 0,
213,  1,  206,  223,  -1,  250, 502,  155.0,  21,  Nuc2088492,  1099,  0, 0, 0, , 0, 0, 0, 0, 0,
