1,  1,  1,  1,  -1,  521, 966,  86.0,  21,  Nuc46,  2230,  0, 0, 0, , 0, 0, 0, 0, 0,
2,  1,  2,  2,  -1,  450, 951,  85.0,  23,  Nuc7213,  2241,  0, 0, 0, , 0, 0, 0, 0, 0,
3,  1,  3,  3,  -1,  462, 884,  106.0,  23,  Nuc9504,  3068,  0, 0, 0, , 0, 0, 0, 0, 0,
4,  1,  4,  4,  -1,  459, 933,  106.0,  23,  Nuc26066,  2771,  0, 0, 0, , 0, 0, 0, 0, 0,
5,  1,  5,  5,  -1,  733, 911,  96.0,  23,  Nuc29653,  3017,  0, 0, 0, , 0, 0, 0, 0, 0,
6,  1,  6,  6,  -1,  681, 893,  108.0,  21,  Nuc37564,  2619,  0, 0, 0, , 0, 0, 0, 0, 0,
7,  1,  7,  7,  -1,  610, 940,  98.0,  23,  Nuc47868,  2272,  0, 0, 0, , 0, 0, 0, 0, 0,
8,  1,  8,  8,  -1,  651, 962,  83.0,  23,  Nuc51539,  2449,  0, 0, 0, , 0, 0, 0, 0, 0,
9,  1,  9,  9,  -1,  627, 867,  124.0,  21,  Nuc63965,  3458,  0, 0, 0, , 0, 0, 0, 0, 0,
10,  1,  10,  10,  -1,  578, 828,  118.0,  21,  Nuc65757,  2755,  0, 0, 0, , 0, 0, 0, 0, 0,
11,  1,  11,  11,  -1,  535, 922,  102.0,  23,  Nuc69326,  3432,  0, 0, 0, , 0, 0, 0, 0, 0,
12,  1,  12,  12,  -1,  590, 917,  112.0,  23,  Nuc73709,  3493,  0, 0, 0, , 0, 0, 0, 0, 0,
13,  1,  13,  13,  -1,  454, 830,  118.0,  21,  Nuc90576,  2499,  0, 0, 0, , 0, 0, 0, 0, 0,
14,  1,  14,  14,  -1,  517, 814,  122.0,  21,  Nuc102424,  2997,  0, 0, 0, , 0, 0, 0, 0, 0,
15,  1,  15,  15,  -1,  533, 896,  119.0,  21,  Nuc144298,  2739,  0, 0, 0, , 0, 0, 0, 0, 0,
16,  1,  16,  16,  -1,  473, 892,  125.0,  21,  Nuc146832,  3995,  0, 0, 0, , 0, 0, 0, 0, 0,
17,  1,  17,  17,  -1,  325, 227,  123.0,  21,  Nuc152751,  1869,  0, 0, 0, , 0, 0, 0, 0, 0,
18,  1,  18,  18,  -1,  309, 176,  111.0,  21,  Nuc152764,  1546,  0, 0, 0, , 0, 0, 0, 0, 0,
19,  1,  19,  19,  -1,  297, 303,  142.0,  21,  Nuc152800,  1168,  0, 0, 0, , 0, 0, 0, 0, 0,
20,  1,  19,  20,  -1,  315, 252,  134.0,  23,  Nuc152840,  2361,  0, 0, 0, , 0, 0, 0, 0, 0,
21,  1,  20,  21,  -1,  685, 770,  124.0,  23,  Nuc152892,  4321,  0, 0, 0, , 0, 0, 0, 0, 0,
22,  1,  21,  22,  -1,  705, 846,  124.0,  23,  Nuc173365,  4410,  0, 0, 0, , 0, 0, 0, 0, 0,
23,  1,  22,  23,  -1,  672, 771,  146.0,  23,  Nuc190547,  4567,  0, 0, 0, , 0, 0, 0, 0, 0,
24,  1,  23,  24,  -1,  646, 829,  140.0,  23,  Nuc205680,  5112,  0, 0, 0, , 0, 0, 0, 0, 0,
25,  1,  24,  25,  -1,  833, 787,  114.0,  23,  Nuc209745,  2970,  0, 0, 0, , 0, 0, 0, 0, 0,
26,  1,  25,  26,  -1,  843, 838,  97.0,  23,  Nuc215641,  3346,  0, 0, 0, , 0, 0, 0, 0, 0,
27,  1,  26,  27,  -1,  772, 803,  122.0,  23,  Nuc230360,  3227,  0, 0, 0, , 0, 0, 0, 0, 0,
28,  1,  27,  28,  -1,  768, 859,  110.0,  21,  Nuc248255,  3833,  0, 0, 0, , 0, 0, 0, 0, 0,
29,  1,  28,  29,  -1,  783, 224,  108.0,  21,  Nuc251866,  2948,  0, 0, 0, , 0, 0, 0, 0, 0,
30,  1,  29,  30,  -1,  705, 184,  107.0,  21,  Nuc260695,  2722,  0, 0, 0, , 0, 0, 0, 0, 0,
31,  1,  30,  31,  -1,  639, 215,  126.0,  23,  Nuc264739,  3589,  0, 0, 0, , 0, 0, 0, 0, 0,
32,  1,  31,  32,  -1,  696, 221,  131.0,  21,  Nuc272763,  3146,  0, 0, 0, , 0, 0, 0, 0, 0,
33,  1,  32,  33,  -1,  543, 273,  132.0,  23,  Nuc274967,  2707,  0, 0, 0, , 0, 0, 0, 0, 0,
34,  1,  33,  34,  -1,  595, 238,  143.0,  21,  Nuc283113,  3372,  0, 0, 0, , 0, 0, 0, 0, 0,
35,  1,  34,  35,  -1,  571, 192,  123.0,  21,  Nuc293739,  2763,  0, 0, 0, , 0, 0, 0, 0, 0,
36,  1,  35,  36,  -1,  598, 143,  110.0,  23,  Nuc306815,  2481,  0, 0, 0, , 0, 0, 0, 0, 0,
37,  1,  36,  37,  -1,  884, 320,  106.0,  21,  Nuc314305,  3349,  0, 0, 0, , 0, 0, 0, 0, 0,
38,  1,  37,  38,  -1,  933, 402,  106.0,  21,  Nuc326391,  3391,  0, 0, 0, , 0, 0, 0, 0, 0,
39,  1,  38,  39,  -1,  799, 307,  124.0,  21,  Nuc343657,  3292,  0, 0, 0, , 0, 0, 0, 0, 0,
40,  1,  39,  40,  -1,  845, 360,  127.0,  21,  Nuc359668,  3447,  0, 0, 0, , 0, 0, 0, 0, 0,
41,  1,  40,  41,  -1,  767, 364,  147.0,  21,  Nuc370589,  4733,  0, 0, 0, , 0, 0, 0, 0, 0,
42,  1,  41,  42,  -1,  710, 367,  139.0,  23,  Nuc386067,  4462,  0, 0, 0, , 0, 0, 0, 0, 0,
43,  1,  42,  43,  -1,  666, 300,  136.0,  21,  Nuc406956,  4064,  0, 0, 0, , 0, 0, 0, 0, 0,
44,  1,  43,  44,  -1,  749, 276,  133.0,  23,  Nuc441226,  4037,  0, 0, 0, , 0, 0, 0, 0, 0,
45,  1,  44,  45,  -1,  407, 144,  106.0,  23,  Nuc445494,  2785,  0, 0, 0, , 0, 0, 0, 0, 0,
46,  1,  45,  46,  -1,  394, 176,  122.0,  23,  Nuc450537,  2537,  0, 0, 0, , 0, 0, 0, 0, 0,
47,  1,  46,  47,  -1,  384, 288,  125.0,  23,  Nuc451829,  1038,  0, 0, 0, , 0, 0, 0, 0, 0,
48,  1,  46,  48,  -1,  389, 227,  134.0,  23,  Nuc451840,  2721,  0, 0, 0, , 0, 0, 0, 0, 0,
49,  1,  47,  49,  -1,  488, 138,  111.0,  21,  Nuc454660,  2697,  0, 0, 0, , 0, 0, 0, 0, 0,
50,  1,  48,  50,  -1,  467, 185,  124.0,  23,  Nuc457636,  2920,  0, 0, 0, , 0, 0, 0, 0, 0,
51,  1,  49,  51,  -1,  464, 267,  129.0,  21,  Nuc460136,  2361,  0, 0, 0, , 0, 0, 0, 0, 0,
52,  1,  50,  52,  -1,  485, 199,  138.0,  23,  Nuc462366,  3297,  0, 0, 0, , 0, 0, 0, 0, 0,
53,  1,  51,  53,  -1,  902, 650,  120.0,  21,  Nuc466278,  4050,  0, 0, 0, , 0, 0, 0, 0, 0,
54,  1,  52,  54,  -1,  957, 660,  104.0,  23,  Nuc478771,  3857,  0, 0, 0, , 0, 0, 0, 0, 0,
55,  1,  53,  55,  -1,  852, 706,  123.0,  21,  Nuc497644,  3396,  0, 0, 0, , 0, 0, 0, 0, 0,
56,  1,  54,  56,  -1,  896, 733,  109.0,  23,  Nuc541223,  4152,  0, 0, 0, , 0, 0, 0, 0, 0,
57,  1,  55,  57,  -1,  797, 736,  136.0,  23,  Nuc546704,  4903,  0, 0, 0, , 0, 0, 0, 0, 0,
58,  1,  56,  58,  -1,  761, 690,  127.0,  23,  Nuc578579,  4607,  0, 0, 0, , 0, 0, 0, 0, 0,
59,  1,  57,  59,  -1,  677, 691,  146.0,  21,  Nuc606118,  5030,  0, 0, 0, , 0, 0, 0, 0, 0,
60,  1,  58,  60,  -1,  729, 726,  152.0,  21,  Nuc668697,  5205,  0, 0, 0, , 0, 0, 0, 0, 0,
61,  1,  59,  61,  -1,  433, 860,  134.0,  23,  Nuc682029,  3945,  0, 0, 0, , 0, 0, 0, 0, 0,
62,  1,  60,  62,  -1,  292, 816,  120.0,  21,  Nuc694392,  259,  0, 0, 0, , 0, 0, 0, 0, 0,
63,  1,  61,  63,  -1,  346, 836,  127.0,  23,  Nuc694409,  3641,  0, 0, 0, , 0, 0, 0, 0, 0,
64,  1,  62,  64,  -1,  396, 813,  142.0,  25,  Nuc701662,  2130,  0, 0, 0, , 0, 0, 0, 0, 0,
65,  1,  63,  65,  -1,  901, 432,  125.0,  21,  Nuc701792,  4192,  0, 0, 0, , 0, 0, 0, 0, 0,
66,  1,  64,  66,  -1,  933, 505,  120.0,  21,  Nuc727146,  4076,  0, 0, 0, , 0, 0, 0, 0, 0,
67,  1,  65,  67,  -1,  847, 436,  139.0,  21,  Nuc736754,  4280,  0, 0, 0, , 0, 0, 0, 0, 0,
68,  1,  66,  68,  -1,  858, 521,  141.0,  21,  Nuc744055,  5013,  0, 0, 0, , 0, 0, 0, 0, 0,
69,  1,  67,  69,  -1,  779, 469,  132.0,  23,  Nuc765537,  4577,  0, 0, 0, , 0, 0, 0, 0, 0,
70,  1,  68,  70,  -1,  752, 539,  141.0,  23,  Nuc777254,  5023,  0, 0, 0, , 0, 0, 0, 0, 0,
71,  1,  69,  71,  -1,  799, 483,  155.0,  21,  Nuc781809,  4770,  0, 0, 0, , 0, 0, 0, 0, 0,
72,  1,  70,  72,  -1,  735, 443,  156.0,  21,  Nuc787804,  4922,  0, 0, 0, , 0, 0, 0, 0, 0,
73,  1,  71,  73,  -1,  802, 610,  137.0,  23,  Nuc799508,  4863,  0, 0, 0, , 0, 0, 0, 0, 0,
74,  1,  72,  74,  -1,  872, 606,  139.0,  21,  Nuc846737,  4375,  0, 0, 0, , 0, 0, 0, 0, 0,
75,  1,  73,  75,  -1,  849, 591,  123.0,  23,  Nuc855272,  4480,  0, 0, 0, , 0, 0, 0, 0, 0,
76,  1,  74,  76,  -1,  929, 577,  123.0,  21,  Nuc895719,  4322,  0, 0, 0, , 0, 0, 0, 0, 0,
77,  1,  75,  77,  -1,  966, 552,  110.0,  23,  Nuc906502,  3642,  0, 0, 0, , 0, 0, 0, 0, 0,
78,  1,  76,  78,  -1,  736, 615,  134.0,  21,  Nuc911883,  5074,  0, 0, 0, , 0, 0, 0, 0, 0,
79,  1,  77,  79,  -1,  751, 642,  157.0,  21,  Nuc952982,  5364,  0, 0, 0, , 0, 0, 0, 0, 0,
80,  1,  78,  80,  -1,  806, 589,  156.0,  21,  Nuc966746,  5292,  0, 0, 0, , 0, 0, 0, 0, 0,
81,  1,  79,  81,  -1,  476, 679,  132.0,  23,  Nuc1024084,  2743,  0, 0, 0, , 0, 0, 0, 0, 0,
82,  1,  80,  82,  -1,  397, 639,  146.0,  21,  Nuc1024099,  1319,  0, 0, 0, , 0, 0, 0, 0, 0,
83,  1,  80,  83,  -1,  457, 598,  143.0,  21,  Nuc1024101,  2733,  0, 0, 0, , 0, 0, 0, 0, 0,
84,  1,  81,  -1,  -1,  475, 676,  125.0,  25,  Nuc1056971,  1524,  0, 0, 0, , 0, 0, 0, 0, 0,
85,  1,  81,  84,  -1,  501, 611,  131.0,  23,  Nuc1056972,  3043,  0, 0, 0, , 0, 0, 0, 0, 0,
86,  1,  82,  85,  -1,  326, 744,  126.0,  23,  Nuc1057032,  2794,  0, 0, 0, , 0, 0, 0, 0, 0,
87,  1,  83,  86,  -1,  475, 761,  129.0,  23,  Nuc1057322,  3566,  0, 0, 0, , 0, 0, 0, 0, 0,
88,  1,  84,  87,  -1,  408, 730,  122.0,  23,  Nuc1057694,  2029,  0, 0, 0, , 0, 0, 0, 0, 0,
89,  1,  85,  88,  -1,  457, 722,  147.0,  23,  Nuc1057720,  3443,  0, 0, 0, , 0, 0, 0, 0, 0,
90,  1,  86,  89,  -1,  564, 657,  138.0,  21,  Nuc1057890,  2880,  0, 0, 0, , 0, 0, 0, 0, 0,
91,  1,  87,  90,  -1,  542, 722,  130.0,  23,  Nuc1091560,  4355,  0, 0, 0, , 0, 0, 0, 0, 0,
92,  1,  88,  91,  -1,  619, 702,  136.0,  23,  Nuc1102193,  4901,  0, 0, 0, , 0, 0, 0, 0, 0,
93,  1,  89,  92,  -1,  597, 759,  126.0,  23,  Nuc1145027,  4120,  0, 0, 0, , 0, 0, 0, 0, 0,
94,  1,  90,  93,  -1,  306, 582,  144.0,  23,  Nuc1208103,  2531,  0, 0, 0, , 0, 0, 0, 0, 0,
95,  1,  91,  94,  -1,  310, 534,  145.0,  23,  Nuc1208117,  2867,  0, 0, 0, , 0, 0, 0, 0, 0,
96,  1,  92,  95,  -1,  344, 529,  158.0,  23,  Nuc1208143,  3854,  0, 0, 0, , 0, 0, 0, 0, 0,
97,  1,  93,  96,  -1,  343, 526,  153.0,  21,  Nuc1208154,  3416,  0, 0, 0, , 0, 0, 0, 0, 0,
98,  1,  94,  97,  -1,  500, 544,  136.0,  21,  Nuc1208181,  2649,  0, 0, 0, , 0, 0, 0, 0, 0,
99,  1,  95,  98,  -1,  550, 781,  145.0,  23,  Nuc1210597,  4003,  0, 0, 0, , 0, 0, 0, 0, 0,
100,  1,  96,  99,  -1,  553, 852,  142.0,  23,  Nuc1231727,  4387,  0, 0, 0, , 0, 0, 0, 0, 0,
101,  1,  97,  100,  -1,  467, 825,  146.0,  21,  Nuc1247436,  5101,  0, 0, 0, , 0, 0, 0, 0, 0,
102,  1,  98,  101,  -1,  486, 773,  160.0,  23,  Nuc1262355,  4000,  0, 0, 0, , 0, 0, 0, 0, 0,
103,  1,  99,  102,  -1,  664, 626,  132.0,  23,  Nuc1272749,  3813,  0, 0, 0, , 0, 0, 0, 0, 0,
104,  1,  100,  103,  -1,  637, 628,  150.0,  23,  Nuc1335633,  4194,  0, 0, 0, , 0, 0, 0, 0, 0,
105,  1,  101,  104,  -1,  569, 587,  137.0,  23,  Nuc1336657,  3368,  0, 0, 0, , 0, 0, 0, 0, 0,
106,  1,  102,  105,  -1,  629, 540,  136.0,  23,  Nuc1390572,  3928,  0, 0, 0, , 0, 0, 0, 0, 0,
107,  1,  103,  106,  -1,  404, 472,  149.0,  23,  Nuc1418707,  2472,  0, 0, 0, , 0, 0, 0, 0, 0,
108,  1,  104,  107,  -1,  434, 412,  149.0,  25,  Nuc1418765,  4251,  0, 0, 0, , 0, 0, 0, 0, 0,
109,  1,  105,  108,  -1,  419, 547,  152.0,  23,  Nuc1418842,  2841,  0, 0, 0, , 0, 0, 0, 0, 0,
110,  1,  106,  109,  -1,  460, 512,  159.0,  23,  Nuc1419078,  3402,  0, 0, 0, , 0, 0, 0, 0, 0,
111,  1,  107,  110,  111,  473, 400,  131.0,  23,  Nuc1426618,  2269,  0, 0, 0, , 0, 0, 0, 0, 0,
112,  1,  108,  112,  -1,  419, 518,  131.0,  23,  Nuc1426640,  2452,  0, 0, 0, , 0, 0, 0, 0, 0,
113,  1,  109,  113,  -1,  470, 470,  130.0,  23,  Nuc1426653,  4813,  0, 0, 0, , 0, 0, 0, 0, 0,
114,  1,  110,  114,  -1,  563, 493,  130.0,  23,  Nuc1431493,  3901,  0, 0, 0, , 0, 0, 0, 0, 0,
115,  1,  111,  115,  -1,  488, 478,  149.0,  21,  Nuc1468242,  2621,  0, 0, 0, , 0, 0, 0, 0, 0,
116,  1,  112,  116,  -1,  558, 498,  147.0,  21,  Nuc1483157,  2338,  0, 0, 0, , 0, 0, 0, 0, 0,
117,  1,  113,  117,  -1,  347, 378,  168.0,  21,  Nuc1483213,  3390,  0, 0, 0, , 0, 0, 0, 0, 0,
118,  1,  114,  118,  -1,  399, 420,  174.0,  25,  Nuc1492452,  1227,  0, 0, 0, , 0, 0, 0, 0, 0,
119,  1,  115,  119,  -1,  361, 446,  166.0,  23,  Nuc1492456,  4335,  0, 0, 0, , 0, 0, 0, 0, 0,
120,  1,  116,  120,  -1,  454, 325,  167.0,  23,  Nuc1493213,  4140,  0, 0, 0, , 0, 0, 0, 0, 0,
121,  1,  117,  121,  -1,  405, 353,  160.0,  23,  Nuc1493584,  4086,  0, 0, 0, , 0, 0, 0, 0, 0,
122,  1,  118,  122,  -1,  369, 291,  147.0,  21,  Nuc1494709,  3060,  0, 0, 0, , 0, 0, 0, 0, 0,
123,  1,  119,  123,  -1,  428, 247,  150.0,  23,  Nuc1496355,  4642,  0, 0, 0, , 0, 0, 0, 0, 0,
124,  1,  120,  124,  -1,  646, 330,  158.0,  23,  Nuc1500715,  3939,  0, 0, 0, , 0, 0, 0, 0, 0,
125,  1,  121,  125,  -1,  639, 409,  150.0,  21,  Nuc1508326,  4173,  0, 0, 0, , 0, 0, 0, 0, 0,
126,  1,  122,  126,  -1,  558, 419,  139.0,  23,  Nuc1514858,  3084,  0, 0, 0, , 0, 0, 0, 0, 0,
127,  1,  123,  127,  -1,  593, 353,  137.0,  23,  Nuc1545751,  3685,  0, 0, 0, , 0, 0, 0, 0, 0,
128,  1,  124,  128,  -1,  484, 331,  148.0,  23,  Nuc1553351,  5047,  0, 0, 0, , 0, 0, 0, 0, 0,
129,  1,  125,  129,  -1,  519, 259,  152.0,  23,  Nuc1572619,  4448,  0, 0, 0, , 0, 0, 0, 0, 0,
130,  1,  126,  130,  -1,  573, 311,  162.0,  23,  Nuc1577603,  4910,  0, 0, 0, , 0, 0, 0, 0, 0,
131,  1,  127,  131,  -1,  516, 361,  164.0,  23,  Nuc1584273,  5335,  0, 0, 0, , 0, 0, 0, 0, 0,
132,  1,  128,  132,  -1,  639, 479,  148.0,  21,  Nuc1584572,  3727,  0, 0, 0, , 0, 0, 0, 0, 0,
133,  1,  129,  133,  -1,  697, 445,  134.0,  23,  Nuc1622744,  5410,  0, 0, 0, , 0, 0, 0, 0, 0,
134,  1,  130,  134,  -1,  665, 529,  160.0,  21,  Nuc1640563,  8332,  0, 0, 0, , 0, 0, 0, 0, 0,
135,  1,  131,  -1,  -1,  615, 524,  154.0,  27,  Nuc1643509,  370,  0, 0, 0, , 0, 0, 0, 0, 0,
136,  1,  131,  135,  -1,  645, 537,  149.0,  21,  Nuc1643510,  3378,  0, 0, 0, , 0, 0, 0, 0, 0,
137,  1,  132,  136,  -1,  695, 583,  156.0,  23,  Nuc1703079,  4796,  0, 0, 0, , 0, 0, 0, 0, 0,
138,  1,  133,  137,  -1,  677, 566,  143.0,  23,  Nuc1707941,  5598,  0, 0, 0, , 0, 0, 0, 0, 0,
139,  1,  134,  138,  -1,  550, 537,  154.0,  23,  Nuc1740605,  4691,  0, 0, 0, , 0, 0, 0, 0, 0,
140,  1,  135,  139,  -1,  518, 593,  152.0,  21,  Nuc1754941,  5092,  0, 0, 0, , 0, 0, 0, 0, 0,
141,  1,  136,  140,  -1,  460, 445,  166.0,  23,  Nuc1759750,  6198,  0, 0, 0, , 0, 0, 0, 0, 0,
142,  1,  137,  141,  -1,  502, 501,  165.0,  21,  Nuc1772002,  8270,  0, 0, 0, , 0, 0, 0, 0, 0,
143,  1,  138,  142,  -1,  485, 558,  162.0,  21,  Nuc1773058,  4227,  0, 0, 0, , 0, 0, 0, 0, 0,
144,  1,  139,  143,  -1,  410, 502,  169.0,  21,  Nuc1773095,  3409,  0, 0, 0, , 0, 0, 0, 0, 0,
145,  1,  140,  144,  -1,  409, 501,  163.0,  21,  Nuc1773109,  3033,  0, 0, 0, , 0, 0, 0, 0, 0,
146,  1,  140,  145,  -1,  458, 519,  167.0,  25,  Nuc1773112,  1492,  0, 0, 0, , 0, 0, 0, 0, 0,
147,  1,  141,  146,  -1,  417, 702,  165.0,  25,  Nuc1773164,  3342,  0, 0, 0, , 0, 0, 0, 0, 0,
148,  1,  142,  147,  -1,  309, 616,  155.0,  21,  Nuc1784061,  1207,  0, 0, 0, , 0, 0, 0, 0, 0,
149,  1,  142,  148,  -1,  338, 663,  153.0,  21,  Nuc1784099,  2454,  0, 0, 0, , 0, 0, 0, 0, 0,
150,  1,  143,  149,  -1,  337, 716,  162.0,  23,  Nuc1785227,  1904,  0, 0, 0, , 0, 0, 0, 0, 0,
151,  1,  144,  150,  -1,  429, 582,  168.0,  21,  Nuc1785251,  4593,  0, 0, 0, , 0, 0, 0, 0, 0,
152,  1,  145,  151,  -1,  367, 603,  160.0,  23,  Nuc1793811,  3088,  0, 0, 0, , 0, 0, 0, 0, 0,
153,  1,  146,  152,  -1,  372, 641,  177.0,  23,  Nuc1793826,  4800,  0, 0, 0, , 0, 0, 0, 0, 0,
154,  1,  147,  153,  -1,  433, 407,  179.0,  23,  Nuc1794105,  5773,  0, 0, 0, , 0, 0, 0, 0, 0,
155,  1,  148,  154,  -1,  543, 401,  176.0,  23,  Nuc1794450,  5141,  0, 0, 0, , 0, 0, 0, 0, 0,
156,  1,  149,  155,  -1,  622, 436,  171.0,  23,  Nuc1800315,  6355,  0, 0, 0, , 0, 0, 0, 0, 0,
157,  1,  150,  156,  -1,  690, 409,  166.0,  23,  Nuc1848859,  5218,  0, 0, 0, , 0, 0, 0, 0, 0,
158,  1,  151,  157,  -1,  683, 500,  170.0,  21,  Nuc1850289,  5652,  0, 0, 0, , 0, 0, 0, 0, 0,
159,  1,  152,  158,  -1,  738, 506,  169.0,  21,  Nuc1858771,  6100,  0, 0, 0, , 0, 0, 0, 0, 0,
160,  1,  153,  159,  -1,  665, 593,  170.0,  21,  Nuc1862201,  5529,  0, 0, 0, , 0, 0, 0, 0, 0,
161,  1,  154,  160,  -1,  728, 550,  161.0,  23,  Nuc1867415,  5812,  0, 0, 0, , 0, 0, 0, 0, 0,
162,  1,  155,  161,  -1,  732, 583,  169.0,  23,  Nuc1868181,  5206,  0, 0, 0, , 0, 0, 0, 0, 0,
163,  1,  156,  162,  -1,  447, 684,  178.0,  23,  Nuc1869377,  5138,  0, 0, 0, , 0, 0, 0, 0, 0,
164,  1,  157,  163,  -1,  618, 714,  164.0,  23,  Nuc1869984,  5554,  0, 0, 0, , 0, 0, 0, 0, 0,
165,  1,  158,  164,  -1,  593, 770,  160.0,  23,  Nuc1871439,  6212,  0, 0, 0, , 0, 0, 0, 0, 0,
166,  1,  159,  165,  -1,  538, 671,  176.0,  23,  Nuc1883028,  5750,  0, 0, 0, , 0, 0, 0, 0, 0,
167,  1,  160,  166,  -1,  518, 729,  170.0,  23,  Nuc1889443,  6102,  0, 0, 0, , 0, 0, 0, 0, 0,
168,  1,  161,  167,  -1,  658, 663,  168.0,  23,  Nuc1892140,  6030,  0, 0, 0, , 0, 0, 0, 0, 0,
169,  1,  162,  168,  -1,  576, 604,  180.0,  23,  Nuc1921265,  6618,  0, 0, 0, , 0, 0, 0, 0, 0,
170,  1,  163,  169,  -1,  582, 499,  181.0,  23,  Nuc1922067,  5530,  0, 0, 0, , 0, 0, 0, 0, 0,
171,  1,  164,  170,  -1,  638, 538,  177.0,  23,  Nuc1922167,  6372,  0, 0, 0, , 0, 0, 0, 0, 0,
172,  1,  165,  171,  -1,  450, 620,  183.0,  23,  Nuc1923283,  3850,  0, 0, 0, , 0, 0, 0, 0, 0,
173,  1,  166,  172,  -1,  455, 648,  158.0,  23,  Nuc1934257,  4825,  0, 0, 0, , 0, 0, 0, 0, 0,
174,  1,  167,  173,  -1,  528, 667,  156.0,  21,  Nuc1943210,  3167,  0, 0, 0, , 0, 0, 0, 0, 0,
175,  1,  168,  174,  -1,  517, 608,  170.0,  23,  Nuc1950043,  5829,  0, 0, 0, , 0, 0, 0, 0, 0,
176,  1,  169,  175,  -1,  412, 543,  184.0,  23,  Nuc1953719,  4053,  0, 0, 0, , 0, 0, 0, 0, 0,
177,  1,  170,  176,  -1,  373, 482,  182.0,  23,  Nuc1954690,  3616,  0, 0, 0, , 0, 0, 0, 0, 0,
178,  1,  171,  177,  -1,  498, 565,  183.0,  23,  Nuc1954926,  5260,  0, 0, 0, , 0, 0, 0, 0, 0,
179,  1,  172,  178,  -1,  538, 545,  177.0,  23,  Nuc1955362,  4985,  0, 0, 0, , 0, 0, 0, 0, 0,
180,  1,  173,  179,  -1,  508, 472,  182.0,  23,  Nuc1968425,  5311,  0, 0, 0, , 0, 0, 0, 0, 0,
181,  1,  174,  180,  -1,  456, 510,  183.0,  21,  Nuc1968587,  5129,  0, 0, 0, , 0, 0, 0, 0, 0,
182,  1,  175,  -1,  -1,  621, 606,  180.0,  39,  Nuc1968810,  851,  0, 0, 0, , 0, 0, 0, 0, 0,
183,  1,  175,  181,  -1,  573, 607,  170.0,  33,  Nuc1968811,  1914,  0, 0, 0, , 0, 0, 0, 0, 0,
184,  1,  176,  182,  -1,  585, 598,  160.0,  23,  Nuc1968824,  6977,  0, 0, 0, , 0, 0, 0, 0, 0,
185,  1,  177,  183,  -1,  347, 762,  144.0,  21,  Nuc2009223,  1762,  0, 0, 0, , 0, 0, 0, 0, 0,
186,  1,  178,  184,  -1,  402, 760,  156.0,  23,  Nuc2009232,  4167,  0, 0, 0, , 0, 0, 0, 0, 0,
187,  1,  179,  185,  -1,  395, 786,  126.0,  23,  Nuc2012714,  2879,  0, 0, 0, , 0, 0, 0, 0, 0,
188,  1,  180,  186,  -1,  537, 525,  169.0,  27,  Nuc2012759,  1588,  0, 0, 0, , 0, 0, 0, 0, 0,
189,  1,  181,  187,  -1,  554, 487,  168.0,  23,  Nuc2012772,  6228,  0, 0, 0, , 0, 0, 0, 0, 0,
190,  1,  182,  188,  -1,  537, 439,  159.0,  23,  Nuc2021731,  5806,  0, 0, 0, , 0, 0, 0, 0, 0,
191,  1,  183,  189,  -1,  578, 526,  170.0,  27,  Nuc2034666,  2406,  0, 0, 0, , 0, 0, 0, 0, 0,
192,  1,  184,  190,  -1,  607, 521,  163.0,  23,  Nuc2034672,  5966,  0, 0, 0, , 0, 0, 0, 0, 0,
193,  1,  185,  191,  -1,  325, 470,  148.0,  23,  Nuc2064281,  2758,  0, 0, 0, , 0, 0, 0, 0, 0,
194,  1,  186,  192,  -1,  314, 400,  152.0,  23,  Nuc2064479,  2735,  0, 0, 0, , 0, 0, 0, 0, 0,
195,  1,  187,  193,  -1,  338, 353,  153.0,  21,  Nuc2064498,  3077,  0, 0, 0, , 0, 0, 0, 0, 0,
196,  1,  188,  194,  -1,  255, 740,  128.0,  21,  Nuc2064544,  2509,  0, 0, 0, , 0, 0, 0, 0, 0,
197,  1,  189,  195,  -1,  265, 683,  142.0,  21,  Nuc2064557,  2333,  0, 0, 0, , 0, 0, 0, 0, 0,
198,  1,  189,  196,  -1,  292, 736,  140.0,  23,  Nuc2064559,  884,  0, 0, 0, , 0, 0, 0, 0, 0,
199,  1,  190,  197,  -1,  265, 684,  149.0,  23,  Nuc2064686,  2715,  0, 0, 0, , 0, 0, 0, 0, 0,
200,  1,  191,  198,  -1,  261, 639,  154.0,  21,  Nuc2064700,  3648,  0, 0, 0, , 0, 0, 0, 0, 0,
201,  1,  192,  199,  -1,  437, 346,  132.0,  21,  Nuc2064803,  3560,  0, 0, 0, , 0, 0, 0, 0, 0,
202,  1,  193,  200,  -1,  379, 372,  130.0,  21,  Nuc2070266,  3854,  0, 0, 0, , 0, 0, 0, 0, 0,
203,  1,  194,  -1,  -1,  279, 586,  166.0,  21,  Nuc2070352,  1005,  0, 0, 0, , 0, 0, 0, 0, 0,
204,  1,  195,  201,  -1,  279, 585,  159.0,  21,  Nuc2070354,  2920,  0, 0, 0, , 0, 0, 0, 0, 0,
205,  1,  196,  202,  -1,  360, 552,  174.0,  21,  Nuc2070721,  2593,  0, 0, 0, , 0, 0, 0, 0, 0,
206,  1,  197,  203,  -1,  301, 544,  171.0,  23,  Nuc2070739,  2676,  0, 0, 0, , 0, 0, 0, 0, 0,
207,  1,  198,  204,  -1,  382, 899,  104.0,  23,  Nuc2070754,  2963,  0, 0, 0, , 0, 0, 0, 0, 0,
208,  1,  199,  205,  -1,  376, 929,  90.0,  21,  Nuc2080652,  1647,  0, 0, 0, , 0, 0, 0, 0, 0,
209,  1,  200,  206,  207,  315, 645,  136.0,  23,  Nuc2080687,  2613,  0, 0, 0, , 0, 0, 0, 0, 0,
210,  1,  201,  208,  -1,  369, 695,  136.0,  23,  Nuc2080711,  2957,  0, 0, 0, , 0, 0, 0, 0, 0,
211,  1,  202,  209,  210,  383, 567,  138.0,  23,  Nuc2080787,  4216,  0, 0, 0, , 0, 0, 0, 0, 0,
212,  1,  203,  211,  -1,  256, 441,  148.0,  25,  Nuc2080815,  309,  0, 0, 0, , 0, 0, 0, 0, 0,
213,  1,  204,  212,  -1,  207, 411,  139.0,  21,  Nuc2080821,  2940,  0, 0, 0, , 0, 0, 0, 0, 0,
214,  1,  204,  -1,  -1,  207, 414,  143.0,  21,  Nuc2081040,  2687,  0, 0, 0, , 0, 0, 0, 0, 0,
215,  1,  205,  213,  -1,  294, 461,  167.0,  21,  Nuc2081049,  4892,  0, 0, 0, , 0, 0, 0, 0, 0,
216,  1,  206,  214,  -1,  391, 877,  119.0,  21,  Nuc2084887,  2432,  0, 0, 0, , 0, 0, 0, 0, 0,
217,  1,  207,  215,  -1,  377, 833,  108.0,  21,  Nuc2088387,  1080,  0, 0, 0, , 0, 0, 0, 0, 0,
218,  1,  208,  216,  -1,  294, 355,  130.0,  23,  Nuc2088394,  2862,  0, 0, 0, , 0, 0, 0, 0, 0,
219,  1,  209,  217,  -1,  300, 406,  137.0,  23,  Nuc2088420,  2429,  0, 0, 0, , 0, 0, 0, 0, 0,
220,  1,  210,  218,  -1,  228, 563,  143.0,  21,  Nuc2088438,  3038,  0, 0, 0, , 0, 0, 0, 0, 0,
221,  1,  211,  219,  -1,  230, 621,  140.0,  23,  Nuc2088453,  627,  0, 0, 0, , 0, 0, 0, 0, 0,
222,  1,  211,  220,  221,  201, 657,  131.0,  21,  Nuc2088456,  2229,  0, 0, 0, , 0, 0, 0, 0, 0,
223,  1,  213,  222,  223,  250, 505,  157.0,  21,  Nuc2088493,  3747,  0, 0, 0, , 0, 0, 0, 0, 0,
