1,  1,  1,  1,  -1,  528, 968,  85.0,  23,  Nuc47,  2607,  0, 0, 0, , 0, 0, 0, 0, 0,
2,  1,  2,  2,  -1,  449, 951,  85.0,  23,  Nuc7214,  2370,  0, 0, 0, , 0, 0, 0, 0, 0,
3,  1,  3,  3,  -1,  465, 886,  105.0,  23,  Nuc9505,  2903,  0, 0, 0, , 0, 0, 0, 0, 0,
4,  1,  4,  4,  -1,  461, 933,  106.0,  23,  Nuc26067,  2868,  0, 0, 0, , 0, 0, 0, 0, 0,
5,  1,  5,  5,  -1,  737, 910,  95.0,  23,  Nuc29654,  3167,  0, 0, 0, , 0, 0, 0, 0, 0,
6,  1,  6,  6,  -1,  680, 892,  108.0,  23,  Nuc37565,  2831,  0, 0, 0, , 0, 0, 0, 0, 0,
7,  1,  7,  7,  -1,  609, 937,  98.0,  23,  Nuc47869,  2563,  0, 0, 0, , 0, 0, 0, 0, 0,
8,  1,  8,  8,  -1,  654, 962,  81.0,  23,  Nuc51540,  2659,  0, 0, 0, , 0, 0, 0, 0, 0,
9,  1,  9,  9,  -1,  629, 869,  124.0,  23,  Nuc63966,  3885,  0, 0, 0, , 0, 0, 0, 0, 0,
10,  1,  10,  10,  -1,  579, 832,  116.0,  23,  Nuc65758,  2970,  0, 0, 0, , 0, 0, 0, 0, 0,
11,  1,  11,  11,  -1,  535, 921,  101.0,  23,  Nuc69327,  4189,  0, 0, 0, , 0, 0, 0, 0, 0,
12,  1,  12,  12,  -1,  592, 914,  112.0,  23,  Nuc73710,  3950,  0, 0, 0, , 0, 0, 0, 0, 0,
13,  1,  13,  13,  -1,  455, 830,  117.0,  23,  Nuc90577,  2513,  0, 0, 0, , 0, 0, 0, 0, 0,
14,  1,  14,  14,  -1,  518, 814,  122.0,  23,  Nuc102425,  3620,  0, 0, 0, , 0, 0, 0, 0, 0,
15,  1,  15,  15,  -1,  536, 895,  119.0,  23,  Nuc144299,  3421,  0, 0, 0, , 0, 0, 0, 0, 0,
16,  1,  16,  16,  -1,  473, 891,  125.0,  23,  Nuc146833,  4387,  0, 0, 0, , 0, 0, 0, 0, 0,
17,  1,  17,  17,  -1,  327, 227,  123.0,  23,  Nuc152752,  1852,  0, 0, 0, , 0, 0, 0, 0, 0,
18,  1,  18,  18,  -1,  309, 175,  109.0,  23,  Nuc152765,  1035,  0, 0, 0, , 0, 0, 0, 0, 0,
19,  1,  19,  19,  -1,  297, 299,  143.0,  23,  Nuc152801,  1625,  0, 0, 0, , 0, 0, 0, 0, 0,
20,  1,  20,  20,  -1,  315, 252,  134.0,  23,  Nuc152841,  2600,  0, 0, 0, , 0, 0, 0, 0, 0,
21,  1,  21,  21,  -1,  685, 770,  124.0,  23,  Nuc152893,  4643,  0, 0, 0, , 0, 0, 0, 0, 0,
22,  1,  22,  22,  -1,  707, 849,  124.0,  23,  Nuc173366,  4677,  0, 0, 0, , 0, 0, 0, 0, 0,
23,  1,  23,  23,  -1,  673, 770,  146.0,  23,  Nuc190548,  5099,  0, 0, 0, , 0, 0, 0, 0, 0,
24,  1,  24,  24,  -1,  643, 830,  140.0,  23,  Nuc205681,  5389,  0, 0, 0, , 0, 0, 0, 0, 0,
25,  1,  25,  25,  -1,  835, 784,  114.0,  23,  Nuc209746,  3623,  0, 0, 0, , 0, 0, 0, 0, 0,
26,  1,  26,  26,  -1,  845, 839,  96.0,  25,  Nuc215642,  3461,  0, 0, 0, , 0, 0, 0, 0, 0,
27,  1,  27,  27,  -1,  772, 798,  122.0,  23,  Nuc230361,  4063,  0, 0, 0, , 0, 0, 0, 0, 0,
28,  1,  28,  28,  -1,  768, 858,  110.0,  23,  Nuc248256,  4046,  0, 0, 0, , 0, 0, 0, 0, 0,
29,  1,  29,  29,  -1,  786, 224,  107.0,  23,  Nuc251867,  3152,  0, 0, 0, , 0, 0, 0, 0, 0,
30,  1,  30,  30,  -1,  699, 184,  107.0,  23,  Nuc260696,  2676,  0, 0, 0, , 0, 0, 0, 0, 0,
31,  1,  31,  31,  -1,  637, 213,  126.0,  23,  Nuc264740,  3770,  0, 0, 0, , 0, 0, 0, 0, 0,
32,  1,  32,  32,  -1,  698, 219,  130.0,  23,  Nuc272764,  3937,  0, 0, 0, , 0, 0, 0, 0, 0,
33,  1,  33,  33,  -1,  543, 269,  133.0,  23,  Nuc274968,  3259,  0, 0, 0, , 0, 0, 0, 0, 0,
34,  1,  34,  34,  -1,  596, 235,  142.0,  23,  Nuc283114,  3956,  0, 0, 0, , 0, 0, 0, 0, 0,
35,  1,  35,  35,  -1,  570, 191,  124.0,  23,  Nuc293740,  2881,  0, 0, 0, , 0, 0, 0, 0, 0,
36,  1,  36,  36,  -1,  600, 141,  110.0,  23,  Nuc306816,  2271,  0, 0, 0, , 0, 0, 0, 0, 0,
37,  1,  37,  37,  -1,  883, 313,  105.0,  23,  Nuc314306,  3094,  0, 0, 0, , 0, 0, 0, 0, 0,
38,  1,  38,  38,  -1,  937, 408,  105.0,  23,  Nuc326392,  3560,  0, 0, 0, , 0, 0, 0, 0, 0,
39,  1,  39,  39,  -1,  801, 306,  124.0,  23,  Nuc343658,  3556,  0, 0, 0, , 0, 0, 0, 0, 0,
40,  1,  40,  40,  -1,  845, 361,  127.0,  23,  Nuc359669,  3605,  0, 0, 0, , 0, 0, 0, 0, 0,
41,  1,  41,  41,  -1,  766, 366,  148.0,  23,  Nuc370590,  5141,  0, 0, 0, , 0, 0, 0, 0, 0,
42,  1,  42,  42,  -1,  713, 365,  139.0,  23,  Nuc386068,  4697,  0, 0, 0, , 0, 0, 0, 0, 0,
43,  1,  43,  43,  -1,  666, 298,  136.0,  23,  Nuc406957,  4360,  0, 0, 0, , 0, 0, 0, 0, 0,
44,  1,  44,  44,  -1,  751, 274,  133.0,  23,  Nuc441227,  4817,  0, 0, 0, , 0, 0, 0, 0, 0,
45,  1,  45,  45,  -1,  406, 142,  106.0,  23,  Nuc445495,  2902,  0, 0, 0, , 0, 0, 0, 0, 0,
46,  1,  46,  46,  -1,  393, 176,  121.0,  23,  Nuc450538,  2377,  0, 0, 0, , 0, 0, 0, 0, 0,
47,  1,  47,  47,  -1,  384, 288,  126.0,  23,  Nuc451830,  975,  0, 0, 0, , 0, 0, 0, 0, 0,
48,  1,  48,  48,  -1,  388, 225,  134.0,  23,  Nuc451841,  3165,  0, 0, 0, , 0, 0, 0, 0, 0,
49,  1,  49,  49,  -1,  492, 136,  109.0,  23,  Nuc454661,  2419,  0, 0, 0, , 0, 0, 0, 0, 0,
50,  1,  50,  50,  -1,  469, 186,  125.0,  23,  Nuc457637,  3585,  0, 0, 0, , 0, 0, 0, 0, 0,
51,  1,  51,  51,  -1,  463, 266,  130.0,  23,  Nuc460137,  2033,  0, 0, 0, , 0, 0, 0, 0, 0,
52,  1,  52,  52,  -1,  487, 198,  139.0,  23,  Nuc462367,  3160,  0, 0, 0, , 0, 0, 0, 0, 0,
53,  1,  53,  53,  -1,  902, 647,  121.0,  23,  Nuc466279,  4404,  0, 0, 0, , 0, 0, 0, 0, 0,
54,  1,  54,  54,  -1,  957, 659,  103.0,  25,  Nuc478772,  4281,  0, 0, 0, , 0, 0, 0, 0, 0,
55,  1,  55,  55,  -1,  850, 704,  124.0,  23,  Nuc497645,  4195,  0, 0, 0, , 0, 0, 0, 0, 0,
56,  1,  56,  56,  -1,  897, 735,  109.0,  23,  Nuc541224,  4312,  0, 0, 0, , 0, 0, 0, 0, 0,
57,  1,  57,  57,  -1,  797, 738,  136.0,  25,  Nuc546705,  5257,  0, 0, 0, , 0, 0, 0, 0, 0,
58,  1,  58,  58,  -1,  761, 691,  127.0,  23,  Nuc578580,  4459,  0, 0, 0, , 0, 0, 0, 0, 0,
59,  1,  59,  59,  -1,  678, 690,  147.0,  23,  Nuc606119,  5678,  0, 0, 0, , 0, 0, 0, 0, 0,
60,  1,  60,  60,  -1,  731, 728,  152.0,  23,  Nuc668698,  5543,  0, 0, 0, , 0, 0, 0, 0, 0,
61,  1,  61,  61,  -1,  433, 859,  134.0,  23,  Nuc682030,  3905,  0, 0, 0, , 0, 0, 0, 0, 0,
62,  1,  62,  62,  63,  291, 816,  119.0,  23,  Nuc694393,  1095,  0, 0, 0, , 0, 0, 0, 0, 0,
63,  1,  63,  64,  -1,  346, 835,  127.0,  23,  Nuc694410,  3454,  0, 0, 0, , 0, 0, 0, 0, 0,
64,  1,  64,  65,  -1,  397, 819,  142.0,  25,  Nuc701663,  2506,  0, 0, 0, , 0, 0, 0, 0, 0,
65,  1,  65,  66,  -1,  901, 427,  124.0,  23,  Nuc701793,  3899,  0, 0, 0, , 0, 0, 0, 0, 0,
66,  1,  66,  67,  -1,  931, 501,  120.0,  23,  Nuc727147,  3890,  0, 0, 0, , 0, 0, 0, 0, 0,
67,  1,  67,  68,  -1,  847, 432,  139.0,  23,  Nuc736755,  4627,  0, 0, 0, , 0, 0, 0, 0, 0,
68,  1,  68,  69,  -1,  859, 520,  142.0,  23,  Nuc744056,  5407,  0, 0, 0, , 0, 0, 0, 0, 0,
69,  1,  69,  70,  -1,  778, 459,  131.0,  23,  Nuc765538,  5301,  0, 0, 0, , 0, 0, 0, 0, 0,
70,  1,  70,  71,  -1,  754, 538,  141.0,  23,  Nuc777255,  4817,  0, 0, 0, , 0, 0, 0, 0, 0,
71,  1,  71,  72,  -1,  801, 485,  155.0,  23,  Nuc781810,  5993,  0, 0, 0, , 0, 0, 0, 0, 0,
72,  1,  72,  73,  -1,  737, 442,  156.0,  23,  Nuc787805,  5465,  0, 0, 0, , 0, 0, 0, 0, 0,
73,  1,  73,  74,  -1,  802, 610,  137.0,  23,  Nuc799509,  5362,  0, 0, 0, , 0, 0, 0, 0, 0,
74,  1,  74,  75,  -1,  872, 605,  139.0,  23,  Nuc846738,  5516,  0, 0, 0, , 0, 0, 0, 0, 0,
75,  1,  75,  76,  -1,  850, 588,  123.0,  23,  Nuc855273,  4684,  0, 0, 0, , 0, 0, 0, 0, 0,
76,  1,  76,  77,  -1,  927, 576,  124.0,  23,  Nuc895720,  4070,  0, 0, 0, , 0, 0, 0, 0, 0,
77,  1,  77,  78,  -1,  967, 547,  109.0,  23,  Nuc906503,  4245,  0, 0, 0, , 0, 0, 0, 0, 0,
78,  1,  78,  79,  -1,  735, 614,  134.0,  23,  Nuc911884,  5283,  0, 0, 0, , 0, 0, 0, 0, 0,
79,  1,  79,  80,  -1,  750, 643,  157.0,  23,  Nuc952983,  5931,  0, 0, 0, , 0, 0, 0, 0, 0,
80,  1,  80,  81,  -1,  806, 588,  156.0,  23,  Nuc966747,  6710,  0, 0, 0, , 0, 0, 0, 0, 0,
81,  1,  81,  82,  -1,  477, 676,  131.0,  23,  Nuc1024085,  4063,  0, 0, 0, , 0, 0, 0, 0, 0,
82,  1,  82,  -1,  -1,  396, 641,  145.0,  23,  Nuc1024100,  1295,  0, 0, 0, , 0, 0, 0, 0, 0,
83,  1,  83,  83,  -1,  456, 598,  144.0,  23,  Nuc1024102,  2881,  0, 0, 0, , 0, 0, 0, 0, 0,
84,  1,  85,  84,  -1,  501, 610,  131.0,  23,  Nuc1056973,  3814,  0, 0, 0, , 0, 0, 0, 0, 0,
85,  1,  86,  85,  -1,  326, 745,  127.0,  23,  Nuc1057033,  2814,  0, 0, 0, , 0, 0, 0, 0, 0,
86,  1,  87,  86,  -1,  478, 762,  129.0,  23,  Nuc1057323,  3487,  0, 0, 0, , 0, 0, 0, 0, 0,
87,  1,  88,  -1,  -1,  407, 730,  123.0,  23,  Nuc1057695,  1927,  0, 0, 0, , 0, 0, 0, 0, 0,
88,  1,  89,  87,  -1,  457, 724,  147.0,  23,  Nuc1057721,  3350,  0, 0, 0, , 0, 0, 0, 0, 0,
89,  1,  90,  88,  -1,  564, 655,  139.0,  23,  Nuc1057891,  3424,  0, 0, 0, , 0, 0, 0, 0, 0,
90,  1,  91,  89,  -1,  540, 722,  130.0,  23,  Nuc1091561,  4944,  0, 0, 0, , 0, 0, 0, 0, 0,
91,  1,  92,  90,  -1,  619, 701,  136.0,  23,  Nuc1102194,  5175,  0, 0, 0, , 0, 0, 0, 0, 0,
92,  1,  93,  91,  -1,  598, 762,  126.0,  23,  Nuc1145028,  4318,  0, 0, 0, , 0, 0, 0, 0, 0,
93,  1,  94,  92,  -1,  305, 582,  145.0,  23,  Nuc1208104,  2617,  0, 0, 0, , 0, 0, 0, 0, 0,
94,  1,  95,  93,  -1,  308, 535,  145.0,  23,  Nuc1208118,  3246,  0, 0, 0, , 0, 0, 0, 0, 0,
95,  1,  96,  94,  -1,  345, 530,  159.0,  23,  Nuc1208144,  3709,  0, 0, 0, , 0, 0, 0, 0, 0,
96,  1,  97,  95,  -1,  344, 527,  153.0,  21,  Nuc1208155,  3154,  0, 0, 0, , 0, 0, 0, 0, 0,
97,  1,  98,  96,  -1,  502, 542,  137.0,  23,  Nuc1208182,  2396,  0, 0, 0, , 0, 0, 0, 0, 0,
98,  1,  99,  97,  -1,  549, 780,  145.0,  23,  Nuc1210598,  3873,  0, 0, 0, , 0, 0, 0, 0, 0,
99,  1,  100,  98,  -1,  555, 853,  142.0,  23,  Nuc1231728,  4561,  0, 0, 0, , 0, 0, 0, 0, 0,
100,  1,  101,  99,  -1,  467, 827,  146.0,  23,  Nuc1247437,  5486,  0, 0, 0, , 0, 0, 0, 0, 0,
101,  1,  102,  100,  -1,  487, 771,  161.0,  23,  Nuc1262356,  4133,  0, 0, 0, , 0, 0, 0, 0, 0,
102,  1,  103,  101,  -1,  666, 624,  132.0,  23,  Nuc1272750,  4345,  0, 0, 0, , 0, 0, 0, 0, 0,
103,  1,  104,  102,  -1,  636, 629,  151.0,  23,  Nuc1335634,  5657,  0, 0, 0, , 0, 0, 0, 0, 0,
104,  1,  105,  103,  -1,  569, 585,  138.0,  23,  Nuc1336658,  4123,  0, 0, 0, , 0, 0, 0, 0, 0,
105,  1,  106,  104,  -1,  632, 540,  136.0,  23,  Nuc1390573,  4288,  0, 0, 0, , 0, 0, 0, 0, 0,
106,  1,  107,  105,  -1,  405, 471,  149.0,  23,  Nuc1418708,  3296,  0, 0, 0, , 0, 0, 0, 0, 0,
107,  1,  108,  106,  -1,  435, 413,  149.0,  23,  Nuc1418766,  3642,  0, 0, 0, , 0, 0, 0, 0, 0,
108,  1,  109,  107,  -1,  419, 547,  153.0,  23,  Nuc1418843,  3508,  0, 0, 0, , 0, 0, 0, 0, 0,
109,  1,  110,  108,  109,  461, 513,  159.0,  23,  Nuc1419079,  3657,  0, 0, 0, , 0, 0, 0, 0, 0,
110,  1,  111,  110,  -1,  440, 345,  126.0,  23,  Nuc1426619,  1401,  0, 0, 0, , 0, 0, 0, 0, 0,
111,  1,  111,  111,  -1,  473, 396,  131.0,  23,  Nuc1426628,  1370,  0, 0, 0, , 0, 0, 0, 0, 0,
112,  1,  112,  112,  -1,  419, 515,  131.0,  23,  Nuc1426641,  2420,  0, 0, 0, , 0, 0, 0, 0, 0,
113,  1,  113,  113,  -1,  471, 468,  131.0,  23,  Nuc1426654,  5215,  0, 0, 0, , 0, 0, 0, 0, 0,
114,  1,  114,  114,  -1,  566, 492,  131.0,  23,  Nuc1431494,  5548,  0, 0, 0, , 0, 0, 0, 0, 0,
115,  1,  115,  115,  -1,  491, 479,  149.0,  23,  Nuc1468243,  3793,  0, 0, 0, , 0, 0, 0, 0, 0,
116,  1,  116,  116,  -1,  559, 494,  148.0,  25,  Nuc1483158,  3394,  0, 0, 0, , 0, 0, 0, 0, 0,
117,  1,  117,  117,  -1,  349, 377,  169.0,  23,  Nuc1483214,  3816,  0, 0, 0, , 0, 0, 0, 0, 0,
118,  1,  118,  118,  -1,  401, 422,  174.0,  25,  Nuc1492453,  358,  0, 0, 0, , 0, 0, 0, 0, 0,
119,  1,  119,  119,  -1,  360, 445,  166.0,  23,  Nuc1492457,  4417,  0, 0, 0, , 0, 0, 0, 0, 0,
120,  1,  120,  120,  -1,  456, 325,  168.0,  23,  Nuc1493214,  4330,  0, 0, 0, , 0, 0, 0, 0, 0,
121,  1,  121,  121,  -1,  407, 354,  160.0,  23,  Nuc1493585,  4056,  0, 0, 0, , 0, 0, 0, 0, 0,
122,  1,  122,  122,  -1,  370, 291,  147.0,  21,  Nuc1494710,  2619,  0, 0, 0, , 0, 0, 0, 0, 0,
123,  1,  123,  123,  -1,  430, 248,  151.0,  23,  Nuc1496356,  4109,  0, 0, 0, , 0, 0, 0, 0, 0,
124,  1,  124,  124,  -1,  645, 327,  158.0,  23,  Nuc1500716,  4937,  0, 0, 0, , 0, 0, 0, 0, 0,
125,  1,  125,  125,  -1,  641, 410,  150.0,  23,  Nuc1508327,  4464,  0, 0, 0, , 0, 0, 0, 0, 0,
126,  1,  126,  126,  -1,  559, 421,  139.0,  23,  Nuc1514859,  3799,  0, 0, 0, , 0, 0, 0, 0, 0,
127,  1,  127,  127,  -1,  595, 348,  137.0,  23,  Nuc1545752,  3640,  0, 0, 0, , 0, 0, 0, 0, 0,
128,  1,  128,  128,  -1,  486, 332,  148.0,  23,  Nuc1553352,  4737,  0, 0, 0, , 0, 0, 0, 0, 0,
129,  1,  129,  129,  -1,  520, 261,  152.0,  23,  Nuc1572620,  4459,  0, 0, 0, , 0, 0, 0, 0, 0,
130,  1,  130,  130,  -1,  575, 311,  163.0,  23,  Nuc1577604,  5600,  0, 0, 0, , 0, 0, 0, 0, 0,
131,  1,  131,  131,  -1,  518, 361,  164.0,  23,  Nuc1584274,  5439,  0, 0, 0, , 0, 0, 0, 0, 0,
132,  1,  132,  132,  -1,  638, 480,  149.0,  23,  Nuc1584573,  5389,  0, 0, 0, , 0, 0, 0, 0, 0,
133,  1,  133,  133,  -1,  700, 439,  133.0,  23,  Nuc1622745,  4935,  0, 0, 0, , 0, 0, 0, 0, 0,
134,  1,  134,  134,  -1,  666, 528,  160.0,  23,  Nuc1640564,  9185,  0, 0, 0, , 0, 0, 0, 0, 0,
135,  1,  136,  135,  -1,  645, 538,  149.0,  23,  Nuc1643511,  3601,  0, 0, 0, , 0, 0, 0, 0, 0,
136,  1,  137,  136,  -1,  696, 584,  155.0,  23,  Nuc1703080,  5040,  0, 0, 0, , 0, 0, 0, 0, 0,
137,  1,  138,  137,  -1,  679, 565,  143.0,  23,  Nuc1707942,  6083,  0, 0, 0, , 0, 0, 0, 0, 0,
138,  1,  139,  138,  -1,  551, 540,  153.0,  23,  Nuc1740606,  5026,  0, 0, 0, , 0, 0, 0, 0, 0,
139,  1,  140,  139,  -1,  519, 596,  152.0,  23,  Nuc1754942,  5366,  0, 0, 0, , 0, 0, 0, 0, 0,
140,  1,  141,  140,  -1,  459, 447,  165.0,  23,  Nuc1759751,  6670,  0, 0, 0, , 0, 0, 0, 0, 0,
141,  1,  142,  141,  -1,  503, 501,  166.0,  23,  Nuc1772003,  8145,  0, 0, 0, , 0, 0, 0, 0, 0,
142,  1,  143,  142,  -1,  487, 556,  163.0,  21,  Nuc1773059,  3418,  0, 0, 0, , 0, 0, 0, 0, 0,
143,  1,  144,  143,  -1,  409, 501,  169.0,  21,  Nuc1773096,  3309,  0, 0, 0, , 0, 0, 0, 0, 0,
144,  1,  145,  144,  -1,  408, 500,  163.0,  21,  Nuc1773110,  2911,  0, 0, 0, , 0, 0, 0, 0, 0,
145,  1,  146,  145,  -1,  458, 520,  168.0,  25,  Nuc1773113,  2301,  0, 0, 0, , 0, 0, 0, 0, 0,
146,  1,  147,  146,  -1,  416, 706,  166.0,  23,  Nuc1773165,  3351,  0, 0, 0, , 0, 0, 0, 0, 0,
147,  1,  148,  147,  -1,  308, 615,  156.0,  23,  Nuc1784062,  2868,  0, 0, 0, , 0, 0, 0, 0, 0,
148,  1,  149,  148,  -1,  336, 665,  152.0,  23,  Nuc1784100,  2173,  0, 0, 0, , 0, 0, 0, 0, 0,
149,  1,  150,  149,  -1,  338, 717,  162.0,  21,  Nuc1785228,  2025,  0, 0, 0, , 0, 0, 0, 0, 0,
150,  1,  151,  150,  -1,  428, 582,  170.0,  23,  Nuc1785252,  4382,  0, 0, 0, , 0, 0, 0, 0, 0,
151,  1,  152,  151,  -1,  366, 603,  161.0,  23,  Nuc1793812,  3832,  0, 0, 0, , 0, 0, 0, 0, 0,
152,  1,  153,  152,  -1,  371, 642,  177.0,  23,  Nuc1793827,  5026,  0, 0, 0, , 0, 0, 0, 0, 0,
153,  1,  154,  153,  -1,  434, 404,  178.0,  23,  Nuc1794106,  5703,  0, 0, 0, , 0, 0, 0, 0, 0,
154,  1,  155,  154,  -1,  545, 401,  176.0,  23,  Nuc1794451,  5345,  0, 0, 0, , 0, 0, 0, 0, 0,
155,  1,  156,  155,  -1,  623, 438,  171.0,  23,  Nuc1800316,  5612,  0, 0, 0, , 0, 0, 0, 0, 0,
156,  1,  157,  156,  -1,  691, 408,  166.0,  23,  Nuc1848860,  6025,  0, 0, 0, , 0, 0, 0, 0, 0,
157,  1,  158,  157,  -1,  683, 497,  170.0,  23,  Nuc1850290,  6037,  0, 0, 0, , 0, 0, 0, 0, 0,
158,  1,  159,  158,  -1,  739, 506,  169.0,  23,  Nuc1858772,  6746,  0, 0, 0, , 0, 0, 0, 0, 0,
159,  1,  160,  159,  -1,  665, 590,  171.0,  23,  Nuc1862202,  5011,  0, 0, 0, , 0, 0, 0, 0, 0,
160,  1,  161,  160,  -1,  729, 550,  162.0,  23,  Nuc1867416,  7125,  0, 0, 0, , 0, 0, 0, 0, 0,
161,  1,  162,  161,  -1,  733, 584,  169.0,  23,  Nuc1868182,  5460,  0, 0, 0, , 0, 0, 0, 0, 0,
162,  1,  163,  162,  -1,  448, 684,  178.0,  23,  Nuc1869378,  4956,  0, 0, 0, , 0, 0, 0, 0, 0,
163,  1,  164,  163,  -1,  618, 715,  164.0,  23,  Nuc1869985,  5725,  0, 0, 0, , 0, 0, 0, 0, 0,
164,  1,  165,  164,  -1,  594, 769,  160.0,  23,  Nuc1871440,  6584,  0, 0, 0, , 0, 0, 0, 0, 0,
165,  1,  166,  165,  -1,  535, 670,  176.0,  23,  Nuc1883029,  6320,  0, 0, 0, , 0, 0, 0, 0, 0,
166,  1,  167,  166,  -1,  517, 728,  170.0,  23,  Nuc1889444,  5811,  0, 0, 0, , 0, 0, 0, 0, 0,
167,  1,  168,  167,  -1,  658, 663,  168.0,  25,  Nuc1892141,  6422,  0, 0, 0, , 0, 0, 0, 0, 0,
168,  1,  169,  168,  -1,  576, 604,  180.0,  23,  Nuc1921266,  6986,  0, 0, 0, , 0, 0, 0, 0, 0,
169,  1,  170,  169,  -1,  580, 497,  181.0,  23,  Nuc1922068,  6787,  0, 0, 0, , 0, 0, 0, 0, 0,
170,  1,  171,  170,  -1,  638, 537,  177.0,  23,  Nuc1922168,  6525,  0, 0, 0, , 0, 0, 0, 0, 0,
171,  1,  172,  171,  -1,  449, 620,  183.0,  23,  Nuc1923284,  4416,  0, 0, 0, , 0, 0, 0, 0, 0,
172,  1,  173,  172,  -1,  455, 648,  160.0,  23,  Nuc1934258,  5245,  0, 0, 0, , 0, 0, 0, 0, 0,
173,  1,  174,  173,  -1,  529, 669,  157.0,  23,  Nuc1943211,  3617,  0, 0, 0, , 0, 0, 0, 0, 0,
174,  1,  175,  174,  -1,  517, 607,  170.0,  23,  Nuc1950044,  5941,  0, 0, 0, , 0, 0, 0, 0, 0,
175,  1,  176,  175,  -1,  413, 543,  184.0,  23,  Nuc1953720,  4020,  0, 0, 0, , 0, 0, 0, 0, 0,
176,  1,  177,  176,  -1,  375, 482,  182.0,  23,  Nuc1954691,  4240,  0, 0, 0, , 0, 0, 0, 0, 0,
177,  1,  178,  177,  -1,  498, 565,  183.0,  23,  Nuc1954927,  5656,  0, 0, 0, , 0, 0, 0, 0, 0,
178,  1,  179,  178,  -1,  537, 546,  176.0,  23,  Nuc1955363,  4632,  0, 0, 0, , 0, 0, 0, 0, 0,
179,  1,  180,  179,  -1,  508, 471,  182.0,  23,  Nuc1968426,  5811,  0, 0, 0, , 0, 0, 0, 0, 0,
180,  1,  181,  180,  -1,  457, 509,  183.0,  23,  Nuc1968588,  6291,  0, 0, 0, , 0, 0, 0, 0, 0,
181,  1,  183,  181,  -1,  574, 605,  170.0,  35,  Nuc1968812,  3453,  0, 0, 0, , 0, 0, 0, 0, 0,
182,  1,  184,  182,  -1,  586, 600,  161.0,  23,  Nuc1968825,  7044,  0, 0, 0, , 0, 0, 0, 0, 0,
183,  1,  185,  183,  -1,  347, 761,  144.0,  21,  Nuc2009224,  1104,  0, 0, 0, , 0, 0, 0, 0, 0,
184,  1,  186,  184,  -1,  403, 761,  157.0,  23,  Nuc2009233,  4281,  0, 0, 0, , 0, 0, 0, 0, 0,
185,  1,  187,  185,  -1,  395, 788,  125.0,  23,  Nuc2012715,  3185,  0, 0, 0, , 0, 0, 0, 0, 0,
186,  1,  188,  186,  -1,  540, 524,  169.0,  27,  Nuc2012760,  1429,  0, 0, 0, , 0, 0, 0, 0, 0,
187,  1,  189,  187,  -1,  554, 487,  168.0,  23,  Nuc2012773,  6299,  0, 0, 0, , 0, 0, 0, 0, 0,
188,  1,  190,  188,  -1,  539, 438,  160.0,  23,  Nuc2021732,  6136,  0, 0, 0, , 0, 0, 0, 0, 0,
189,  1,  191,  -1,  -1,  576, 525,  170.0,  25,  Nuc2034667,  8225,  0, 0, 0, , 0, 0, 0, 0, 0,
190,  1,  192,  189,  -1,  607, 523,  164.0,  23,  Nuc2034673,  6077,  0, 0, 0, , 0, 0, 0, 0, 0,
191,  1,  193,  190,  -1,  323, 473,  149.0,  23,  Nuc2064282,  2810,  0, 0, 0, , 0, 0, 0, 0, 0,
192,  1,  194,  191,  -1,  314, 399,  152.0,  23,  Nuc2064480,  2346,  0, 0, 0, , 0, 0, 0, 0, 0,
193,  1,  195,  192,  -1,  341, 353,  153.0,  21,  Nuc2064499,  3147,  0, 0, 0, , 0, 0, 0, 0, 0,
194,  1,  196,  193,  -1,  257, 740,  128.0,  21,  Nuc2064545,  2587,  0, 0, 0, , 0, 0, 0, 0, 0,
195,  1,  197,  -1,  -1,  265, 681,  142.0,  21,  Nuc2064558,  2102,  0, 0, 0, , 0, 0, 0, 0, 0,
196,  1,  198,  194,  -1,  292, 738,  142.0,  23,  Nuc2064560,  2288,  0, 0, 0, , 0, 0, 0, 0, 0,
197,  1,  199,  195,  -1,  265, 683,  149.0,  23,  Nuc2064687,  2557,  0, 0, 0, , 0, 0, 0, 0, 0,
198,  1,  200,  196,  -1,  262, 640,  154.0,  23,  Nuc2064701,  3603,  0, 0, 0, , 0, 0, 0, 0, 0,
199,  1,  201,  197,  -1,  439, 344,  133.0,  23,  Nuc2064804,  4203,  0, 0, 0, , 0, 0, 0, 0, 0,
200,  1,  202,  198,  -1,  378, 375,  132.0,  23,  Nuc2070267,  3832,  0, 0, 0, , 0, 0, 0, 0, 0,
201,  1,  204,  199,  -1,  279, 583,  160.0,  21,  Nuc2070355,  2996,  0, 0, 0, , 0, 0, 0, 0, 0,
202,  1,  205,  200,  -1,  360, 552,  174.0,  21,  Nuc2070722,  2724,  0, 0, 0, , 0, 0, 0, 0, 0,
203,  1,  206,  201,  -1,  303, 544,  172.0,  23,  Nuc2070740,  2689,  0, 0, 0, , 0, 0, 0, 0, 0,
204,  1,  207,  202,  -1,  384, 897,  104.0,  23,  Nuc2070755,  3477,  0, 0, 0, , 0, 0, 0, 0, 0,
205,  1,  208,  203,  -1,  377, 930,  89.0,  21,  Nuc2080653,  2156,  0, 0, 0, , 0, 0, 0, 0, 0,
206,  1,  209,  -1,  -1,  294, 592,  132.0,  23,  Nuc2080688,  962,  0, 0, 0, , 0, 0, 0, 0, 0,
207,  1,  209,  204,  -1,  313, 645,  137.0,  23,  Nuc2080689,  2191,  0, 0, 0, , 0, 0, 0, 0, 0,
208,  1,  210,  205,  -1,  367, 695,  136.0,  23,  Nuc2080712,  3405,  0, 0, 0, , 0, 0, 0, 0, 0,
209,  1,  211,  206,  -1,  357, 505,  137.0,  23,  Nuc2080788,  1214,  0, 0, 0, , 0, 0, 0, 0, 0,
210,  1,  211,  207,  -1,  384, 566,  138.0,  23,  Nuc2080798,  4456,  0, 0, 0, , 0, 0, 0, 0, 0,
211,  1,  212,  208,  -1,  256, 444,  148.0,  25,  Nuc2080816,  2077,  0, 0, 0, , 0, 0, 0, 0, 0,
212,  1,  213,  209,  210,  206, 410,  139.0,  23,  Nuc2080822,  2631,  0, 0, 0, , 0, 0, 0, 0, 0,
213,  1,  215,  211,  -1,  294, 460,  168.0,  23,  Nuc2081050,  4706,  0, 0, 0, , 0, 0, 0, 0, 0,
214,  1,  216,  212,  -1,  392, 877,  118.0,  21,  Nuc2084888,  2621,  0, 0, 0, , 0, 0, 0, 0, 0,
215,  1,  217,  -1,  -1,  380, 832,  109.0,  23,  Nuc2088388,  820,  0, 0, 0, , 0, 0, 0, 0, 0,
216,  1,  218,  213,  214,  295, 353,  129.0,  23,  Nuc2088395,  3107,  0, 0, 0, , 0, 0, 0, 0, 0,
217,  1,  219,  215,  -1,  300, 407,  137.0,  23,  Nuc2088421,  2193,  0, 0, 0, , 0, 0, 0, 0, 0,
218,  1,  220,  216,  217,  230, 563,  144.0,  21,  Nuc2088439,  3491,  0, 0, 0, , 0, 0, 0, 0, 0,
219,  1,  221,  218,  -1,  230, 620,  140.0,  23,  Nuc2088454,  592,  0, 0, 0, , 0, 0, 0, 0, 0,
220,  1,  222,  219,  -1,  243, 624,  133.0,  25,  Nuc2088457,  987,  0, 0, 0, , 0, 0, 0, 0, 0,
221,  1,  222,  220,  -1,  202, 656,  130.0,  23,  Nuc2088480,  2740,  0, 0, 0, , 0, 0, 0, 0, 0,
222,  1,  223,  221,  -1,  251, 503,  152.0,  23,  Nuc2088494,  920,  0, 0, 0, , 0, 0, 0, 0, 0,
223,  1,  223,  -1,  -1,  251, 505,  159.0,  21,  Nuc2088501,  1675,  0, 0, 0, , 0, 0, 0, 0, 0,
