1,  1,  1,  1,  -1,  532, 968,  85.0,  23,  Nuc48,  2735,  0, 0, 0, , 0, 0, 0, 0, 0,
2,  1,  2,  2,  -1,  448, 949,  85.0,  23,  Nuc7215,  2607,  0, 0, 0, , 0, 0, 0, 0, 0,
3,  1,  3,  3,  -1,  466, 886,  104.0,  23,  Nuc9506,  3962,  0, 0, 0, , 0, 0, 0, 0, 0,
4,  1,  4,  4,  -1,  462, 933,  105.0,  23,  Nuc26068,  2809,  0, 0, 0, , 0, 0, 0, 0, 0,
5,  1,  5,  5,  -1,  740, 911,  94.0,  23,  Nuc29655,  2894,  0, 0, 0, , 0, 0, 0, 0, 0,
6,  1,  6,  6,  -1,  678, 893,  107.0,  23,  Nuc37566,  2929,  0, 0, 0, , 0, 0, 0, 0, 0,
7,  1,  7,  7,  -1,  609, 935,  97.0,  25,  Nuc47870,  3190,  0, 0, 0, , 0, 0, 0, 0, 0,
8,  1,  8,  8,  -1,  656, 961,  81.0,  23,  Nuc51541,  2944,  0, 0, 0, , 0, 0, 0, 0, 0,
9,  1,  9,  9,  -1,  629, 870,  124.0,  23,  Nuc63967,  4648,  0, 0, 0, , 0, 0, 0, 0, 0,
10,  1,  10,  10,  -1,  580, 834,  115.0,  23,  Nuc65759,  3271,  0, 0, 0, , 0, 0, 0, 0, 0,
11,  1,  11,  11,  -1,  534, 918,  100.0,  23,  Nuc69328,  4548,  0, 0, 0, , 0, 0, 0, 0, 0,
12,  1,  12,  12,  -1,  593, 912,  112.0,  23,  Nuc73711,  4037,  0, 0, 0, , 0, 0, 0, 0, 0,
13,  1,  13,  13,  -1,  455, 831,  118.0,  23,  Nuc90578,  3407,  0, 0, 0, , 0, 0, 0, 0, 0,
14,  1,  14,  14,  -1,  516, 814,  122.0,  23,  Nuc102426,  3589,  0, 0, 0, , 0, 0, 0, 0, 0,
15,  1,  15,  15,  -1,  538, 895,  120.0,  23,  Nuc144300,  4320,  0, 0, 0, , 0, 0, 0, 0, 0,
16,  1,  16,  16,  -1,  472, 891,  125.0,  23,  Nuc146834,  4676,  0, 0, 0, , 0, 0, 0, 0, 0,
17,  1,  17,  17,  -1,  329, 228,  123.0,  23,  Nuc152753,  1706,  0, 0, 0, , 0, 0, 0, 0, 0,
18,  1,  18,  18,  -1,  310, 173,  109.0,  23,  Nuc152766,  526,  0, 0, 0, , 0, 0, 0, 0, 0,
19,  1,  19,  19,  -1,  295, 299,  143.0,  23,  Nuc152802,  1700,  0, 0, 0, , 0, 0, 0, 0, 0,
20,  1,  20,  20,  -1,  316, 253,  134.0,  23,  Nuc152842,  3334,  0, 0, 0, , 0, 0, 0, 0, 0,
21,  1,  21,  21,  -1,  684, 768,  124.0,  23,  Nuc152894,  4875,  0, 0, 0, , 0, 0, 0, 0, 0,
22,  1,  22,  22,  -1,  706, 849,  123.0,  23,  Nuc173367,  4216,  0, 0, 0, , 0, 0, 0, 0, 0,
23,  1,  23,  23,  -1,  674, 771,  146.0,  25,  Nuc190549,  5389,  0, 0, 0, , 0, 0, 0, 0, 0,
24,  1,  24,  24,  -1,  641, 830,  140.0,  23,  Nuc205682,  5830,  0, 0, 0, , 0, 0, 0, 0, 0,
25,  1,  25,  25,  -1,  833, 781,  114.0,  25,  Nuc209747,  3975,  0, 0, 0, , 0, 0, 0, 0, 0,
26,  1,  26,  26,  -1,  846, 840,  95.0,  25,  Nuc215643,  3675,  0, 0, 0, , 0, 0, 0, 0, 0,
27,  1,  27,  27,  -1,  773, 799,  122.0,  23,  Nuc230362,  4387,  0, 0, 0, , 0, 0, 0, 0, 0,
28,  1,  28,  28,  -1,  767, 858,  110.0,  23,  Nuc248257,  4430,  0, 0, 0, , 0, 0, 0, 0, 0,
29,  1,  29,  29,  -1,  790, 223,  106.0,  23,  Nuc251868,  3342,  0, 0, 0, , 0, 0, 0, 0, 0,
30,  1,  30,  30,  -1,  694, 183,  108.0,  23,  Nuc260697,  3154,  0, 0, 0, , 0, 0, 0, 0, 0,
31,  1,  31,  31,  -1,  639, 212,  126.0,  23,  Nuc264741,  3564,  0, 0, 0, , 0, 0, 0, 0, 0,
32,  1,  32,  32,  -1,  699, 220,  130.0,  23,  Nuc272765,  3830,  0, 0, 0, , 0, 0, 0, 0, 0,
33,  1,  33,  33,  -1,  543, 267,  134.0,  23,  Nuc274969,  3425,  0, 0, 0, , 0, 0, 0, 0, 0,
34,  1,  34,  34,  -1,  598, 234,  142.0,  25,  Nuc283115,  4552,  0, 0, 0, , 0, 0, 0, 0, 0,
35,  1,  35,  35,  -1,  568, 189,  123.0,  23,  Nuc293741,  3278,  0, 0, 0, , 0, 0, 0, 0, 0,
36,  1,  36,  36,  -1,  601, 140,  109.0,  23,  Nuc306817,  3135,  0, 0, 0, , 0, 0, 0, 0, 0,
37,  1,  37,  37,  -1,  882, 312,  105.0,  23,  Nuc314307,  3434,  0, 0, 0, , 0, 0, 0, 0, 0,
38,  1,  38,  38,  -1,  938, 413,  105.0,  23,  Nuc326393,  3408,  0, 0, 0, , 0, 0, 0, 0, 0,
39,  1,  39,  39,  -1,  801, 305,  124.0,  23,  Nuc343659,  3861,  0, 0, 0, , 0, 0, 0, 0, 0,
40,  1,  40,  40,  -1,  846, 361,  126.0,  23,  Nuc359670,  4016,  0, 0, 0, , 0, 0, 0, 0, 0,
41,  1,  41,  41,  -1,  766, 365,  147.0,  23,  Nuc370591,  4901,  0, 0, 0, , 0, 0, 0, 0, 0,
42,  1,  42,  42,  -1,  716, 363,  138.0,  23,  Nuc386069,  4940,  0, 0, 0, , 0, 0, 0, 0, 0,
43,  1,  43,  43,  -1,  667, 296,  136.0,  23,  Nuc406958,  4630,  0, 0, 0, , 0, 0, 0, 0, 0,
44,  1,  44,  44,  -1,  752, 273,  132.0,  23,  Nuc441228,  5049,  0, 0, 0, , 0, 0, 0, 0, 0,
45,  1,  45,  45,  -1,  409, 142,  105.0,  23,  Nuc445496,  2993,  0, 0, 0, , 0, 0, 0, 0, 0,
46,  1,  46,  46,  -1,  392, 178,  122.0,  23,  Nuc450539,  3458,  0, 0, 0, , 0, 0, 0, 0, 0,
47,  1,  47,  47,  -1,  384, 289,  125.0,  23,  Nuc451831,  1689,  0, 0, 0, , 0, 0, 0, 0, 0,
48,  1,  48,  48,  -1,  387, 225,  134.0,  25,  Nuc451842,  3538,  0, 0, 0, , 0, 0, 0, 0, 0,
49,  1,  49,  49,  -1,  493, 135,  109.0,  23,  Nuc454662,  3085,  0, 0, 0, , 0, 0, 0, 0, 0,
50,  1,  50,  50,  -1,  470, 188,  124.0,  25,  Nuc457638,  3213,  0, 0, 0, , 0, 0, 0, 0, 0,
51,  1,  51,  51,  -1,  464, 268,  130.0,  23,  Nuc460138,  2429,  0, 0, 0, , 0, 0, 0, 0, 0,
52,  1,  52,  52,  -1,  488, 197,  138.0,  23,  Nuc462368,  3588,  0, 0, 0, , 0, 0, 0, 0, 0,
53,  1,  53,  53,  -1,  900, 646,  121.0,  23,  Nuc466280,  4922,  0, 0, 0, , 0, 0, 0, 0, 0,
54,  1,  54,  54,  -1,  956, 656,  103.0,  25,  Nuc478773,  4775,  0, 0, 0, , 0, 0, 0, 0, 0,
55,  1,  55,  55,  -1,  848, 703,  124.0,  23,  Nuc497646,  4490,  0, 0, 0, , 0, 0, 0, 0, 0,
56,  1,  56,  56,  -1,  897, 737,  108.0,  23,  Nuc541225,  4693,  0, 0, 0, , 0, 0, 0, 0, 0,
57,  1,  57,  57,  -1,  797, 736,  136.0,  25,  Nuc546706,  5591,  0, 0, 0, , 0, 0, 0, 0, 0,
58,  1,  58,  58,  -1,  760, 691,  127.0,  23,  Nuc578581,  5549,  0, 0, 0, , 0, 0, 0, 0, 0,
59,  1,  59,  59,  -1,  677, 690,  147.0,  23,  Nuc606120,  7322,  0, 0, 0, , 0, 0, 0, 0, 0,
60,  1,  60,  60,  -1,  733, 727,  152.0,  23,  Nuc668699,  5816,  0, 0, 0, , 0, 0, 0, 0, 0,
61,  1,  61,  61,  -1,  432, 858,  134.0,  23,  Nuc682031,  4042,  0, 0, 0, , 0, 0, 0, 0, 0,
62,  1,  62,  62,  -1,  238, 761,  119.0,  23,  Nuc694394,  309,  0, 0, 0, , 0, 0, 0, 0, 0,
63,  1,  62,  63,  -1,  292, 817,  120.0,  23,  Nuc694399,  1228,  0, 0, 0, , 0, 0, 0, 0, 0,
64,  1,  63,  64,  -1,  345, 835,  127.0,  23,  Nuc694411,  3895,  0, 0, 0, , 0, 0, 0, 0, 0,
65,  1,  64,  65,  -1,  395, 821,  141.0,  27,  Nuc701664,  2965,  0, 0, 0, , 0, 0, 0, 0, 0,
66,  1,  65,  66,  -1,  901, 423,  124.0,  23,  Nuc701794,  4240,  0, 0, 0, , 0, 0, 0, 0, 0,
67,  1,  66,  67,  -1,  928, 503,  120.0,  23,  Nuc727148,  4322,  0, 0, 0, , 0, 0, 0, 0, 0,
68,  1,  67,  68,  -1,  846, 429,  139.0,  23,  Nuc736756,  5414,  0, 0, 0, , 0, 0, 0, 0, 0,
69,  1,  68,  69,  -1,  859, 519,  141.0,  23,  Nuc744057,  5250,  0, 0, 0, , 0, 0, 0, 0, 0,
70,  1,  69,  70,  -1,  779, 455,  131.0,  23,  Nuc765539,  5545,  0, 0, 0, , 0, 0, 0, 0, 0,
71,  1,  70,  71,  -1,  754, 538,  141.0,  23,  Nuc777256,  5275,  0, 0, 0, , 0, 0, 0, 0, 0,
72,  1,  71,  72,  -1,  803, 484,  154.0,  23,  Nuc781811,  5494,  0, 0, 0, , 0, 0, 0, 0, 0,
73,  1,  72,  73,  -1,  735, 442,  156.0,  23,  Nuc787806,  5739,  0, 0, 0, , 0, 0, 0, 0, 0,
74,  1,  73,  74,  -1,  803, 609,  137.0,  23,  Nuc799510,  5661,  0, 0, 0, , 0, 0, 0, 0, 0,
75,  1,  74,  75,  -1,  872, 606,  140.0,  23,  Nuc846739,  5193,  0, 0, 0, , 0, 0, 0, 0, 0,
76,  1,  75,  76,  -1,  849, 585,  123.0,  23,  Nuc855274,  4619,  0, 0, 0, , 0, 0, 0, 0, 0,
77,  1,  76,  77,  -1,  924, 577,  124.0,  23,  Nuc895721,  4965,  0, 0, 0, , 0, 0, 0, 0, 0,
78,  1,  77,  78,  -1,  968, 545,  109.0,  23,  Nuc906504,  4647,  0, 0, 0, , 0, 0, 0, 0, 0,
79,  1,  78,  79,  -1,  734, 615,  135.0,  23,  Nuc911885,  6480,  0, 0, 0, , 0, 0, 0, 0, 0,
80,  1,  79,  80,  -1,  747, 643,  157.0,  23,  Nuc952984,  6345,  0, 0, 0, , 0, 0, 0, 0, 0,
81,  1,  80,  81,  -1,  807, 587,  156.0,  25,  Nuc966748,  6331,  0, 0, 0, , 0, 0, 0, 0, 0,
82,  1,  81,  82,  -1,  476, 676,  132.0,  23,  Nuc1024086,  4932,  0, 0, 0, , 0, 0, 0, 0, 0,
83,  1,  83,  83,  -1,  454, 598,  143.0,  23,  Nuc1024103,  3260,  0, 0, 0, , 0, 0, 0, 0, 0,
84,  1,  84,  84,  -1,  500, 609,  132.0,  23,  Nuc1056974,  3552,  0, 0, 0, , 0, 0, 0, 0, 0,
85,  1,  85,  85,  -1,  325, 744,  126.0,  23,  Nuc1057034,  3523,  0, 0, 0, , 0, 0, 0, 0, 0,
86,  1,  86,  86,  -1,  478, 763,  129.0,  27,  Nuc1057324,  4208,  0, 0, 0, , 0, 0, 0, 0, 0,
87,  1,  88,  87,  -1,  457, 727,  147.0,  23,  Nuc1057722,  3457,  0, 0, 0, , 0, 0, 0, 0, 0,
88,  1,  89,  88,  -1,  565, 656,  139.0,  23,  Nuc1057892,  4340,  0, 0, 0, , 0, 0, 0, 0, 0,
89,  1,  90,  89,  -1,  539, 722,  129.0,  23,  Nuc1091562,  5458,  0, 0, 0, , 0, 0, 0, 0, 0,
90,  1,  91,  90,  -1,  619, 702,  136.0,  23,  Nuc1102195,  5679,  0, 0, 0, , 0, 0, 0, 0, 0,
91,  1,  92,  91,  -1,  597, 765,  126.0,  23,  Nuc1145029,  4437,  0, 0, 0, , 0, 0, 0, 0, 0,
92,  1,  93,  92,  -1,  306, 582,  144.0,  23,  Nuc1208105,  2806,  0, 0, 0, , 0, 0, 0, 0, 0,
93,  1,  94,  93,  -1,  307, 534,  145.0,  25,  Nuc1208119,  3005,  0, 0, 0, , 0, 0, 0, 0, 0,
94,  1,  95,  94,  -1,  345, 530,  159.0,  23,  Nuc1208145,  4134,  0, 0, 0, , 0, 0, 0, 0, 0,
95,  1,  96,  -1,  -1,  344, 527,  154.0,  21,  Nuc1208156,  4045,  0, 0, 0, , 0, 0, 0, 0, 0,
96,  1,  97,  95,  -1,  503, 539,  138.0,  23,  Nuc1208183,  2476,  0, 0, 0, , 0, 0, 0, 0, 0,
97,  1,  98,  96,  -1,  547, 778,  145.0,  23,  Nuc1210599,  3683,  0, 0, 0, , 0, 0, 0, 0, 0,
98,  1,  99,  97,  -1,  556, 854,  141.0,  23,  Nuc1231729,  4883,  0, 0, 0, , 0, 0, 0, 0, 0,
99,  1,  100,  98,  -1,  468, 828,  146.0,  23,  Nuc1247438,  5707,  0, 0, 0, , 0, 0, 0, 0, 0,
100,  1,  101,  99,  -1,  486, 770,  161.0,  23,  Nuc1262357,  4383,  0, 0, 0, , 0, 0, 0, 0, 0,
101,  1,  102,  100,  -1,  665, 625,  132.0,  25,  Nuc1272751,  4643,  0, 0, 0, , 0, 0, 0, 0, 0,
102,  1,  103,  101,  -1,  635, 630,  151.0,  23,  Nuc1335635,  6309,  0, 0, 0, , 0, 0, 0, 0, 0,
103,  1,  104,  102,  -1,  566, 583,  139.0,  23,  Nuc1336659,  4555,  0, 0, 0, , 0, 0, 0, 0, 0,
104,  1,  105,  103,  -1,  634, 537,  136.0,  25,  Nuc1390574,  4530,  0, 0, 0, , 0, 0, 0, 0, 0,
105,  1,  106,  104,  -1,  407, 471,  149.0,  23,  Nuc1418709,  3682,  0, 0, 0, , 0, 0, 0, 0, 0,
106,  1,  107,  105,  -1,  436, 412,  148.0,  25,  Nuc1418767,  3773,  0, 0, 0, , 0, 0, 0, 0, 0,
107,  1,  108,  106,  -1,  418, 548,  153.0,  23,  Nuc1418844,  3315,  0, 0, 0, , 0, 0, 0, 0, 0,
108,  1,  109,  -1,  -1,  504, 498,  160.0,  19,  Nuc1419080,  1271,  0, 0, 0, , 0, 0, 0, 0, 0,
109,  1,  109,  107,  -1,  462, 511,  159.0,  23,  Nuc1419081,  4220,  0, 0, 0, , 0, 0, 0, 0, 0,
110,  1,  110,  108,  -1,  438, 343,  126.0,  23,  Nuc1426620,  1275,  0, 0, 0, , 0, 0, 0, 0, 0,
111,  1,  111,  109,  -1,  471, 397,  129.0,  23,  Nuc1426629,  3965,  0, 0, 0, , 0, 0, 0, 0, 0,
112,  1,  112,  110,  -1,  421, 515,  131.0,  23,  Nuc1426642,  2829,  0, 0, 0, , 0, 0, 0, 0, 0,
113,  1,  113,  111,  112,  474, 467,  131.0,  23,  Nuc1426655,  5341,  0, 0, 0, , 0, 0, 0, 0, 0,
114,  1,  114,  113,  -1,  569, 491,  131.0,  23,  Nuc1431495,  4968,  0, 0, 0, , 0, 0, 0, 0, 0,
115,  1,  115,  114,  -1,  494, 477,  149.0,  23,  Nuc1468244,  4547,  0, 0, 0, , 0, 0, 0, 0, 0,
116,  1,  116,  115,  -1,  561, 490,  149.0,  23,  Nuc1483159,  4688,  0, 0, 0, , 0, 0, 0, 0, 0,
117,  1,  117,  116,  -1,  350, 377,  168.0,  23,  Nuc1483215,  3922,  0, 0, 0, , 0, 0, 0, 0, 0,
118,  1,  118,  -1,  -1,  389, 419,  180.0,  31,  Nuc1492454,  459,  0, 0, 0, , 0, 0, 0, 0, 0,
119,  1,  119,  117,  -1,  358, 444,  166.0,  25,  Nuc1492458,  4651,  0, 0, 0, , 0, 0, 0, 0, 0,
120,  1,  120,  118,  -1,  455, 325,  168.0,  23,  Nuc1493215,  4186,  0, 0, 0, , 0, 0, 0, 0, 0,
121,  1,  121,  119,  -1,  407, 354,  159.0,  23,  Nuc1493586,  4011,  0, 0, 0, , 0, 0, 0, 0, 0,
122,  1,  122,  120,  -1,  370, 294,  144.0,  23,  Nuc1494711,  2860,  0, 0, 0, , 0, 0, 0, 0, 0,
123,  1,  123,  121,  -1,  430, 248,  151.0,  25,  Nuc1496357,  4174,  0, 0, 0, , 0, 0, 0, 0, 0,
124,  1,  124,  122,  -1,  645, 327,  158.0,  25,  Nuc1500717,  5840,  0, 0, 0, , 0, 0, 0, 0, 0,
125,  1,  125,  123,  -1,  645, 409,  149.0,  23,  Nuc1508328,  4741,  0, 0, 0, , 0, 0, 0, 0, 0,
126,  1,  126,  124,  -1,  559, 420,  138.0,  23,  Nuc1514860,  4103,  0, 0, 0, , 0, 0, 0, 0, 0,
127,  1,  127,  125,  -1,  596, 345,  137.0,  23,  Nuc1545753,  3553,  0, 0, 0, , 0, 0, 0, 0, 0,
128,  1,  128,  126,  -1,  485, 334,  148.0,  23,  Nuc1553353,  5253,  0, 0, 0, , 0, 0, 0, 0, 0,
129,  1,  129,  127,  -1,  520, 261,  153.0,  23,  Nuc1572621,  4650,  0, 0, 0, , 0, 0, 0, 0, 0,
130,  1,  130,  128,  -1,  576, 311,  162.0,  23,  Nuc1577605,  5807,  0, 0, 0, , 0, 0, 0, 0, 0,
131,  1,  131,  129,  -1,  518, 361,  164.0,  23,  Nuc1584275,  5525,  0, 0, 0, , 0, 0, 0, 0, 0,
132,  1,  132,  130,  -1,  639, 480,  149.0,  25,  Nuc1584574,  6947,  0, 0, 0, , 0, 0, 0, 0, 0,
133,  1,  133,  131,  -1,  700, 437,  133.0,  23,  Nuc1622746,  5217,  0, 0, 0, , 0, 0, 0, 0, 0,
134,  1,  134,  132,  -1,  666, 528,  160.0,  23,  Nuc1640565,  10344,  0, 0, 0, , 0, 0, 0, 0, 0,
135,  1,  135,  133,  -1,  644, 543,  150.0,  23,  Nuc1643512,  4936,  0, 0, 0, , 0, 0, 0, 0, 0,
136,  1,  136,  134,  -1,  696, 582,  155.0,  23,  Nuc1703081,  5284,  0, 0, 0, , 0, 0, 0, 0, 0,
137,  1,  137,  135,  -1,  678, 564,  143.0,  25,  Nuc1707943,  6920,  0, 0, 0, , 0, 0, 0, 0, 0,
138,  1,  138,  136,  -1,  551, 540,  154.0,  25,  Nuc1740607,  5746,  0, 0, 0, , 0, 0, 0, 0, 0,
139,  1,  139,  137,  -1,  520, 595,  152.0,  23,  Nuc1754943,  5967,  0, 0, 0, , 0, 0, 0, 0, 0,
140,  1,  140,  138,  -1,  459, 449,  165.0,  25,  Nuc1759752,  6850,  0, 0, 0, , 0, 0, 0, 0, 0,
141,  1,  141,  139,  -1,  504, 498,  167.0,  23,  Nuc1772004,  7987,  0, 0, 0, , 0, 0, 0, 0, 0,
142,  1,  142,  140,  -1,  487, 553,  163.0,  23,  Nuc1773060,  3493,  0, 0, 0, , 0, 0, 0, 0, 0,
143,  1,  143,  141,  -1,  407, 498,  168.0,  23,  Nuc1773097,  2291,  0, 0, 0, , 0, 0, 0, 0, 0,
144,  1,  144,  -1,  -1,  406, 498,  163.0,  21,  Nuc1773111,  1921,  0, 0, 0, , 0, 0, 0, 0, 0,
145,  1,  145,  -1,  -1,  458, 519,  168.0,  25,  Nuc1773114,  852,  0, 0, 0, , 0, 0, 0, 0, 0,
146,  1,  146,  142,  -1,  416, 706,  166.0,  23,  Nuc1773166,  4051,  0, 0, 0, , 0, 0, 0, 0, 0,
147,  1,  147,  143,  -1,  306, 617,  155.0,  23,  Nuc1784063,  2735,  0, 0, 0, , 0, 0, 0, 0, 0,
148,  1,  148,  144,  -1,  336, 666,  152.0,  23,  Nuc1784101,  2911,  0, 0, 0, , 0, 0, 0, 0, 0,
149,  1,  149,  145,  -1,  340, 719,  162.0,  23,  Nuc1785229,  2170,  0, 0, 0, , 0, 0, 0, 0, 0,
150,  1,  150,  146,  -1,  429, 584,  168.0,  23,  Nuc1785253,  4192,  0, 0, 0, , 0, 0, 0, 0, 0,
151,  1,  151,  147,  -1,  364, 603,  160.0,  23,  Nuc1793813,  3625,  0, 0, 0, , 0, 0, 0, 0, 0,
152,  1,  152,  148,  -1,  370, 640,  177.0,  23,  Nuc1793828,  5184,  0, 0, 0, , 0, 0, 0, 0, 0,
153,  1,  153,  149,  -1,  436, 402,  178.0,  25,  Nuc1794107,  5722,  0, 0, 0, , 0, 0, 0, 0, 0,
154,  1,  154,  150,  -1,  546, 401,  177.0,  25,  Nuc1794452,  6560,  0, 0, 0, , 0, 0, 0, 0, 0,
155,  1,  155,  151,  -1,  624, 439,  171.0,  23,  Nuc1800317,  5864,  0, 0, 0, , 0, 0, 0, 0, 0,
156,  1,  156,  152,  -1,  692, 410,  166.0,  23,  Nuc1848861,  6614,  0, 0, 0, , 0, 0, 0, 0, 0,
157,  1,  157,  153,  -1,  682, 497,  171.0,  23,  Nuc1850291,  7454,  0, 0, 0, , 0, 0, 0, 0, 0,
158,  1,  158,  154,  -1,  740, 507,  169.0,  23,  Nuc1858773,  7071,  0, 0, 0, , 0, 0, 0, 0, 0,
159,  1,  159,  155,  -1,  663, 588,  171.0,  23,  Nuc1862203,  5472,  0, 0, 0, , 0, 0, 0, 0, 0,
160,  1,  160,  156,  -1,  730, 548,  162.0,  23,  Nuc1867417,  7971,  0, 0, 0, , 0, 0, 0, 0, 0,
161,  1,  161,  157,  -1,  733, 585,  169.0,  23,  Nuc1868183,  6523,  0, 0, 0, , 0, 0, 0, 0, 0,
162,  1,  162,  158,  -1,  449, 685,  178.0,  25,  Nuc1869379,  5113,  0, 0, 0, , 0, 0, 0, 0, 0,
163,  1,  163,  159,  -1,  617, 716,  164.0,  25,  Nuc1869986,  6078,  0, 0, 0, , 0, 0, 0, 0, 0,
164,  1,  164,  160,  -1,  595, 770,  160.0,  23,  Nuc1871441,  7580,  0, 0, 0, , 0, 0, 0, 0, 0,
165,  1,  165,  161,  -1,  534, 672,  176.0,  23,  Nuc1883030,  6538,  0, 0, 0, , 0, 0, 0, 0, 0,
166,  1,  166,  162,  -1,  516, 728,  170.0,  23,  Nuc1889445,  6279,  0, 0, 0, , 0, 0, 0, 0, 0,
167,  1,  167,  163,  -1,  658, 663,  168.0,  23,  Nuc1892142,  6975,  0, 0, 0, , 0, 0, 0, 0, 0,
168,  1,  168,  164,  -1,  577, 604,  180.0,  25,  Nuc1921267,  7182,  0, 0, 0, , 0, 0, 0, 0, 0,
169,  1,  169,  165,  -1,  578, 495,  181.0,  23,  Nuc1922069,  6939,  0, 0, 0, , 0, 0, 0, 0, 0,
170,  1,  170,  166,  -1,  638, 537,  177.0,  23,  Nuc1922169,  7294,  0, 0, 0, , 0, 0, 0, 0, 0,
171,  1,  171,  167,  -1,  447, 620,  183.0,  27,  Nuc1923285,  4715,  0, 0, 0, , 0, 0, 0, 0, 0,
172,  1,  172,  168,  -1,  454, 646,  160.0,  23,  Nuc1934259,  5768,  0, 0, 0, , 0, 0, 0, 0, 0,
173,  1,  173,  169,  -1,  529, 668,  156.0,  23,  Nuc1943212,  4149,  0, 0, 0, , 0, 0, 0, 0, 0,
174,  1,  174,  170,  -1,  516, 607,  170.0,  23,  Nuc1950045,  5942,  0, 0, 0, , 0, 0, 0, 0, 0,
175,  1,  175,  171,  -1,  414, 543,  184.0,  23,  Nuc1953721,  4152,  0, 0, 0, , 0, 0, 0, 0, 0,
176,  1,  176,  172,  -1,  373, 482,  182.0,  25,  Nuc1954692,  4297,  0, 0, 0, , 0, 0, 0, 0, 0,
177,  1,  177,  173,  -1,  498, 565,  183.0,  23,  Nuc1954928,  5264,  0, 0, 0, , 0, 0, 0, 0, 0,
178,  1,  178,  174,  -1,  538, 547,  176.0,  23,  Nuc1955364,  5642,  0, 0, 0, , 0, 0, 0, 0, 0,
179,  1,  179,  175,  -1,  507, 470,  181.0,  23,  Nuc1968427,  6023,  0, 0, 0, , 0, 0, 0, 0, 0,
180,  1,  180,  176,  -1,  457, 508,  183.0,  23,  Nuc1968589,  6651,  0, 0, 0, , 0, 0, 0, 0, 0,
181,  1,  181,  177,  -1,  569, 606,  170.0,  29,  Nuc1968813,  1710,  0, 0, 0, , 0, 0, 0, 0, 0,
182,  1,  182,  178,  -1,  587, 604,  160.0,  23,  Nuc1968826,  7703,  0, 0, 0, , 0, 0, 0, 0, 0,
183,  1,  183,  179,  -1,  347, 763,  145.0,  23,  Nuc2009225,  973,  0, 0, 0, , 0, 0, 0, 0, 0,
184,  1,  184,  180,  -1,  403, 762,  156.0,  23,  Nuc2009234,  4317,  0, 0, 0, , 0, 0, 0, 0, 0,
185,  1,  185,  181,  -1,  394, 788,  125.0,  23,  Nuc2012716,  3173,  0, 0, 0, , 0, 0, 0, 0, 0,
186,  1,  186,  182,  -1,  539, 525,  169.0,  23,  Nuc2012761,  409,  0, 0, 0, , 0, 0, 0, 0, 0,
187,  1,  187,  183,  -1,  555, 486,  168.0,  25,  Nuc2012774,  6299,  0, 0, 0, , 0, 0, 0, 0, 0,
188,  1,  188,  184,  -1,  541, 437,  160.0,  23,  Nuc2021733,  7404,  0, 0, 0, , 0, 0, 0, 0, 0,
189,  1,  190,  185,  186,  608, 525,  164.0,  23,  Nuc2034674,  7157,  0, 0, 0, , 0, 0, 0, 0, 0,
190,  1,  191,  187,  188,  323, 472,  149.0,  23,  Nuc2064283,  3485,  0, 0, 0, , 0, 0, 0, 0, 0,
191,  1,  192,  189,  190,  311, 396,  151.0,  23,  Nuc2064481,  3252,  0, 0, 0, , 0, 0, 0, 0, 0,
192,  1,  193,  191,  192,  341, 352,  153.0,  21,  Nuc2064500,  3162,  0, 0, 0, , 0, 0, 0, 0, 0,
193,  1,  194,  193,  -1,  258, 741,  128.0,  23,  Nuc2064546,  2936,  0, 0, 0, , 0, 0, 0, 0, 0,
194,  1,  196,  194,  -1,  291, 734,  143.0,  25,  Nuc2064561,  3076,  0, 0, 0, , 0, 0, 0, 0, 0,
195,  1,  197,  195,  196,  263, 682,  148.0,  23,  Nuc2064688,  1648,  0, 0, 0, , 0, 0, 0, 0, 0,
196,  1,  198,  197,  -1,  262, 640,  155.0,  23,  Nuc2064702,  3939,  0, 0, 0, , 0, 0, 0, 0, 0,
197,  1,  199,  198,  -1,  437, 343,  133.0,  23,  Nuc2064805,  4322,  0, 0, 0, , 0, 0, 0, 0, 0,
198,  1,  200,  199,  200,  377, 377,  133.0,  23,  Nuc2070268,  4028,  0, 0, 0, , 0, 0, 0, 0, 0,
199,  1,  201,  201,  -1,  278, 584,  161.0,  21,  Nuc2070356,  3044,  0, 0, 0, , 0, 0, 0, 0, 0,
200,  1,  202,  202,  -1,  360, 551,  173.0,  23,  Nuc2070723,  3029,  0, 0, 0, , 0, 0, 0, 0, 0,
201,  1,  203,  203,  -1,  301, 544,  171.0,  23,  Nuc2070741,  2908,  0, 0, 0, , 0, 0, 0, 0, 0,
202,  1,  204,  204,  205,  386, 896,  104.0,  23,  Nuc2070756,  3244,  0, 0, 0, , 0, 0, 0, 0, 0,
203,  1,  205,  206,  -1,  377, 930,  88.0,  23,  Nuc2080654,  1494,  0, 0, 0, , 0, 0, 0, 0, 0,
204,  1,  207,  207,  -1,  313, 645,  137.0,  23,  Nuc2080690,  2549,  0, 0, 0, , 0, 0, 0, 0, 0,
205,  1,  208,  208,  -1,  368, 696,  136.0,  23,  Nuc2080713,  3084,  0, 0, 0, , 0, 0, 0, 0, 0,
206,  1,  209,  209,  -1,  357, 505,  138.0,  23,  Nuc2080789,  1314,  0, 0, 0, , 0, 0, 0, 0, 0,
207,  1,  210,  210,  -1,  383, 568,  139.0,  23,  Nuc2080799,  4179,  0, 0, 0, , 0, 0, 0, 0, 0,
208,  1,  211,  211,  -1,  256, 446,  148.0,  23,  Nuc2080817,  2132,  0, 0, 0, , 0, 0, 0, 0, 0,
209,  1,  212,  212,  213,  206, 413,  143.0,  23,  Nuc2080823,  2914,  0, 0, 0, , 0, 0, 0, 0, 0,
210,  1,  212,  -1,  -1,  206, 409,  139.0,  23,  Nuc2081039,  2914,  0, 0, 0, , 0, 0, 0, 0, 0,
211,  1,  213,  214,  -1,  295, 460,  168.0,  25,  Nuc2081051,  4812,  0, 0, 0, , 0, 0, 0, 0, 0,
212,  1,  214,  215,  -1,  393, 876,  119.0,  23,  Nuc2084889,  2839,  0, 0, 0, , 0, 0, 0, 0, 0,
213,  1,  216,  216,  -1,  237, 312,  133.0,  25,  Nuc2088396,  1200,  0, 0, 0, , 0, 0, 0, 0, 0,
214,  1,  216,  217,  218,  296, 352,  128.0,  23,  Nuc2088406,  3965,  0, 0, 0, , 0, 0, 0, 0, 0,
215,  1,  217,  219,  220,  301, 407,  137.0,  25,  Nuc2088422,  2607,  0, 0, 0, , 0, 0, 0, 0, 0,
216,  1,  218,  221,  222,  269, 505,  137.0,  23,  Nuc2088440,  987,  0, 0, 0, , 0, 0, 0, 0, 0,
217,  1,  218,  223,  -1,  229, 563,  145.0,  23,  Nuc2088443,  3639,  0, 0, 0, , 0, 0, 0, 0, 0,
218,  1,  219,  -1,  -1,  230, 619,  139.0,  25,  Nuc2088455,  2049,  0, 0, 0, , 0, 0, 0, 0, 0,
219,  1,  220,  224,  -1,  244, 625,  129.0,  25,  Nuc2088458,  1344,  0, 0, 0, , 0, 0, 0, 0, 0,
220,  1,  221,  225,  -1,  202, 657,  132.0,  23,  Nuc2088481,  2504,  0, 0, 0, , 0, 0, 0, 0, 0,
221,  1,  222,  226,  -1,  252, 506,  153.0,  23,  Nuc2088495,  2654,  0, 0, 0, , 0, 0, 0, 0, 0,
