1,  1,  1,  1,  -1,  532, 967,  86.0,  23,  Nuc49,  2764,  0, 0, 0, , 0, 0, 0, 0, 0,
2,  1,  2,  2,  -1,  448, 950,  85.0,  23,  Nuc7216,  2624,  0, 0, 0, , 0, 0, 0, 0, 0,
3,  1,  3,  3,  -1,  465, 885,  104.0,  23,  Nuc9507,  4756,  0, 0, 0, , 0, 0, 0, 0, 0,
4,  1,  4,  4,  -1,  462, 933,  106.0,  23,  Nuc26069,  3671,  0, 0, 0, , 0, 0, 0, 0, 0,
5,  1,  5,  5,  -1,  741, 911,  94.0,  25,  Nuc29656,  3552,  0, 0, 0, , 0, 0, 0, 0, 0,
6,  1,  6,  6,  -1,  676, 894,  107.0,  25,  Nuc37567,  3315,  0, 0, 0, , 0, 0, 0, 0, 0,
7,  1,  7,  7,  -1,  609, 933,  97.0,  23,  Nuc47871,  3433,  0, 0, 0, , 0, 0, 0, 0, 0,
8,  1,  8,  8,  -1,  656, 962,  80.0,  25,  Nuc51542,  3254,  0, 0, 0, , 0, 0, 0, 0, 0,
9,  1,  9,  9,  -1,  629, 871,  124.0,  25,  Nuc63968,  4827,  0, 0, 0, , 0, 0, 0, 0, 0,
10,  1,  10,  10,  -1,  576, 832,  116.0,  23,  Nuc65760,  3957,  0, 0, 0, , 0, 0, 0, 0, 0,
11,  1,  11,  11,  -1,  532, 915,  100.0,  23,  Nuc69329,  5090,  0, 0, 0, , 0, 0, 0, 0, 0,
12,  1,  12,  12,  -1,  593, 913,  112.0,  23,  Nuc73712,  4257,  0, 0, 0, , 0, 0, 0, 0, 0,
13,  1,  13,  13,  -1,  454, 832,  118.0,  23,  Nuc90579,  3363,  0, 0, 0, , 0, 0, 0, 0, 0,
14,  1,  14,  14,  -1,  514, 815,  121.0,  23,  Nuc102427,  3528,  0, 0, 0, , 0, 0, 0, 0, 0,
15,  1,  15,  15,  -1,  537, 894,  119.0,  23,  Nuc144301,  4554,  0, 0, 0, , 0, 0, 0, 0, 0,
16,  1,  16,  16,  -1,  472, 891,  125.0,  23,  Nuc146835,  5432,  0, 0, 0, , 0, 0, 0, 0, 0,
17,  1,  17,  17,  -1,  329, 226,  123.0,  25,  Nuc152754,  2153,  0, 0, 0, , 0, 0, 0, 0, 0,
18,  1,  18,  18,  -1,  311, 173,  110.0,  23,  Nuc152767,  2106,  0, 0, 0, , 0, 0, 0, 0, 0,
19,  1,  19,  19,  -1,  294, 300,  143.0,  23,  Nuc152803,  1569,  0, 0, 0, , 0, 0, 0, 0, 0,
20,  1,  20,  20,  -1,  316, 252,  133.0,  23,  Nuc152843,  3538,  0, 0, 0, , 0, 0, 0, 0, 0,
21,  1,  21,  21,  -1,  687, 769,  125.0,  25,  Nuc152895,  5616,  0, 0, 0, , 0, 0, 0, 0, 0,
22,  1,  22,  22,  -1,  707, 848,  123.0,  23,  Nuc173368,  5317,  0, 0, 0, , 0, 0, 0, 0, 0,
23,  1,  23,  23,  -1,  672, 774,  146.0,  25,  Nuc190550,  6275,  0, 0, 0, , 0, 0, 0, 0, 0,
24,  1,  24,  24,  -1,  639, 831,  140.0,  25,  Nuc205683,  5850,  0, 0, 0, , 0, 0, 0, 0, 0,
25,  1,  25,  25,  -1,  831, 782,  113.0,  23,  Nuc209748,  4255,  0, 0, 0, , 0, 0, 0, 0, 0,
26,  1,  26,  26,  -1,  846, 840,  95.0,  25,  Nuc215644,  3854,  0, 0, 0, , 0, 0, 0, 0, 0,
27,  1,  27,  27,  -1,  774, 798,  122.0,  23,  Nuc230363,  5552,  0, 0, 0, , 0, 0, 0, 0, 0,
28,  1,  28,  28,  -1,  768, 859,  110.0,  25,  Nuc248258,  4627,  0, 0, 0, , 0, 0, 0, 0, 0,
29,  1,  29,  29,  -1,  793, 224,  105.0,  23,  Nuc251869,  3673,  0, 0, 0, , 0, 0, 0, 0, 0,
30,  1,  30,  30,  -1,  694, 183,  107.0,  23,  Nuc260698,  3543,  0, 0, 0, , 0, 0, 0, 0, 0,
31,  1,  31,  31,  -1,  640, 211,  125.0,  23,  Nuc264742,  3621,  0, 0, 0, , 0, 0, 0, 0, 0,
32,  1,  32,  32,  -1,  702, 219,  129.0,  23,  Nuc272766,  4660,  0, 0, 0, , 0, 0, 0, 0, 0,
33,  1,  33,  33,  -1,  545, 265,  133.0,  23,  Nuc274970,  4324,  0, 0, 0, , 0, 0, 0, 0, 0,
34,  1,  34,  34,  -1,  599, 233,  142.0,  23,  Nuc283116,  4660,  0, 0, 0, , 0, 0, 0, 0, 0,
35,  1,  35,  35,  -1,  567, 188,  123.0,  23,  Nuc293742,  4124,  0, 0, 0, , 0, 0, 0, 0, 0,
36,  1,  36,  36,  -1,  602, 139,  108.0,  23,  Nuc306818,  3291,  0, 0, 0, , 0, 0, 0, 0, 0,
37,  1,  37,  37,  -1,  883, 313,  105.0,  23,  Nuc314308,  4260,  0, 0, 0, , 0, 0, 0, 0, 0,
38,  1,  38,  38,  -1,  938, 415,  105.0,  23,  Nuc326394,  4213,  0, 0, 0, , 0, 0, 0, 0, 0,
39,  1,  39,  39,  -1,  801, 304,  124.0,  25,  Nuc343660,  4601,  0, 0, 0, , 0, 0, 0, 0, 0,
40,  1,  40,  40,  -1,  846, 361,  126.0,  23,  Nuc359671,  4271,  0, 0, 0, , 0, 0, 0, 0, 0,
41,  1,  41,  41,  -1,  767, 365,  147.0,  25,  Nuc370592,  4999,  0, 0, 0, , 0, 0, 0, 0, 0,
42,  1,  42,  42,  -1,  718, 359,  137.0,  25,  Nuc386070,  5119,  0, 0, 0, , 0, 0, 0, 0, 0,
43,  1,  43,  43,  -1,  666, 293,  135.0,  23,  Nuc406959,  5013,  0, 0, 0, , 0, 0, 0, 0, 0,
44,  1,  44,  44,  -1,  754, 271,  132.0,  23,  Nuc441229,  5142,  0, 0, 0, , 0, 0, 0, 0, 0,
45,  1,  45,  45,  -1,  410, 144,  108.0,  25,  Nuc445497,  2315,  0, 0, 0, , 0, 0, 0, 0, 0,
46,  1,  46,  46,  -1,  391, 177,  121.0,  23,  Nuc450540,  4167,  0, 0, 0, , 0, 0, 0, 0, 0,
47,  1,  47,  47,  -1,  386, 288,  127.0,  23,  Nuc451832,  1677,  0, 0, 0, , 0, 0, 0, 0, 0,
48,  1,  48,  48,  -1,  388, 226,  134.0,  23,  Nuc451843,  3500,  0, 0, 0, , 0, 0, 0, 0, 0,
49,  1,  49,  49,  -1,  494, 135,  109.0,  23,  Nuc454663,  3400,  0, 0, 0, , 0, 0, 0, 0, 0,
50,  1,  50,  50,  -1,  472, 187,  124.0,  23,  Nuc457639,  3154,  0, 0, 0, , 0, 0, 0, 0, 0,
51,  1,  51,  51,  -1,  466, 270,  131.0,  25,  Nuc460139,  2537,  0, 0, 0, , 0, 0, 0, 0, 0,
52,  1,  52,  52,  -1,  488, 197,  138.0,  23,  Nuc462369,  3677,  0, 0, 0, , 0, 0, 0, 0, 0,
53,  1,  53,  53,  -1,  897, 644,  121.0,  23,  Nuc466281,  5333,  0, 0, 0, , 0, 0, 0, 0, 0,
54,  1,  54,  54,  -1,  955, 656,  104.0,  27,  Nuc478774,  5059,  0, 0, 0, , 0, 0, 0, 0, 0,
55,  1,  55,  55,  -1,  846, 702,  124.0,  23,  Nuc497647,  4764,  0, 0, 0, , 0, 0, 0, 0, 0,
56,  1,  56,  56,  -1,  896, 740,  108.0,  23,  Nuc541226,  4953,  0, 0, 0, , 0, 0, 0, 0, 0,
57,  1,  57,  57,  -1,  797, 736,  137.0,  25,  Nuc546707,  5911,  0, 0, 0, , 0, 0, 0, 0, 0,
58,  1,  58,  58,  -1,  759, 690,  127.0,  25,  Nuc578582,  5296,  0, 0, 0, , 0, 0, 0, 0, 0,
59,  1,  59,  59,  -1,  676, 690,  147.0,  23,  Nuc606121,  7641,  0, 0, 0, , 0, 0, 0, 0, 0,
60,  1,  60,  60,  -1,  736, 728,  151.0,  25,  Nuc668700,  6291,  0, 0, 0, , 0, 0, 0, 0, 0,
61,  1,  61,  61,  -1,  431, 857,  134.0,  23,  Nuc682032,  4270,  0, 0, 0, , 0, 0, 0, 0, 0,
62,  1,  62,  62,  -1,  238, 760,  119.0,  25,  Nuc694395,  635,  0, 0, 0, , 0, 0, 0, 0, 0,
63,  1,  63,  63,  -1,  293, 816,  120.0,  23,  Nuc694400,  908,  0, 0, 0, , 0, 0, 0, 0, 0,
64,  1,  64,  64,  -1,  345, 835,  126.0,  23,  Nuc694412,  3727,  0, 0, 0, , 0, 0, 0, 0, 0,
65,  1,  65,  65,  -1,  395, 818,  141.0,  27,  Nuc701665,  3255,  0, 0, 0, , 0, 0, 0, 0, 0,
66,  1,  66,  66,  -1,  900, 420,  124.0,  23,  Nuc701795,  4971,  0, 0, 0, , 0, 0, 0, 0, 0,
67,  1,  67,  67,  -1,  926, 501,  120.0,  25,  Nuc727149,  4599,  0, 0, 0, , 0, 0, 0, 0, 0,
68,  1,  68,  68,  -1,  846, 426,  138.0,  23,  Nuc736757,  5623,  0, 0, 0, , 0, 0, 0, 0, 0,
69,  1,  69,  69,  -1,  859, 518,  141.0,  23,  Nuc744058,  5329,  0, 0, 0, , 0, 0, 0, 0, 0,
70,  1,  70,  70,  -1,  777, 454,  132.0,  23,  Nuc765540,  5114,  0, 0, 0, , 0, 0, 0, 0, 0,
71,  1,  71,  71,  -1,  756, 535,  141.0,  23,  Nuc777257,  5604,  0, 0, 0, , 0, 0, 0, 0, 0,
72,  1,  72,  72,  -1,  802, 484,  154.0,  23,  Nuc781812,  6540,  0, 0, 0, , 0, 0, 0, 0, 0,
73,  1,  73,  73,  -1,  732, 442,  156.0,  25,  Nuc787807,  6820,  0, 0, 0, , 0, 0, 0, 0, 0,
74,  1,  74,  74,  -1,  804, 607,  137.0,  23,  Nuc799511,  5903,  0, 0, 0, , 0, 0, 0, 0, 0,
75,  1,  75,  75,  -1,  872, 605,  140.0,  25,  Nuc846740,  5536,  0, 0, 0, , 0, 0, 0, 0, 0,
76,  1,  76,  76,  -1,  848, 582,  124.0,  27,  Nuc855275,  5570,  0, 0, 0, , 0, 0, 0, 0, 0,
77,  1,  77,  77,  -1,  924, 576,  124.0,  23,  Nuc895722,  5346,  0, 0, 0, , 0, 0, 0, 0, 0,
78,  1,  78,  78,  -1,  970, 543,  108.0,  25,  Nuc906505,  4999,  0, 0, 0, , 0, 0, 0, 0, 0,
79,  1,  79,  79,  -1,  734, 613,  135.0,  23,  Nuc911886,  6548,  0, 0, 0, , 0, 0, 0, 0, 0,
80,  1,  80,  80,  -1,  748, 644,  157.0,  23,  Nuc952985,  6400,  0, 0, 0, , 0, 0, 0, 0, 0,
81,  1,  81,  81,  -1,  808, 586,  156.0,  23,  Nuc966749,  6665,  0, 0, 0, , 0, 0, 0, 0, 0,
82,  1,  82,  82,  -1,  473, 670,  130.0,  23,  Nuc1024087,  5450,  0, 0, 0, , 0, 0, 0, 0, 0,
83,  1,  83,  83,  -1,  455, 598,  144.0,  25,  Nuc1024104,  2845,  0, 0, 0, , 0, 0, 0, 0, 0,
84,  1,  84,  84,  -1,  500, 608,  132.0,  23,  Nuc1056975,  3817,  0, 0, 0, , 0, 0, 0, 0, 0,
85,  1,  85,  85,  -1,  325, 743,  127.0,  23,  Nuc1057035,  3605,  0, 0, 0, , 0, 0, 0, 0, 0,
86,  1,  86,  86,  -1,  476, 759,  129.0,  25,  Nuc1057325,  4067,  0, 0, 0, , 0, 0, 0, 0, 0,
87,  1,  87,  87,  -1,  454, 726,  146.0,  25,  Nuc1057723,  4811,  0, 0, 0, , 0, 0, 0, 0, 0,
88,  1,  88,  88,  -1,  566, 654,  139.0,  25,  Nuc1057893,  4241,  0, 0, 0, , 0, 0, 0, 0, 0,
89,  1,  89,  89,  -1,  538, 719,  129.0,  25,  Nuc1091563,  4988,  0, 0, 0, , 0, 0, 0, 0, 0,
90,  1,  90,  90,  -1,  620, 703,  136.0,  23,  Nuc1102196,  6662,  0, 0, 0, , 0, 0, 0, 0, 0,
91,  1,  91,  91,  -1,  597, 768,  126.0,  25,  Nuc1145030,  4484,  0, 0, 0, , 0, 0, 0, 0, 0,
92,  1,  92,  92,  -1,  305, 582,  144.0,  23,  Nuc1208106,  2732,  0, 0, 0, , 0, 0, 0, 0, 0,
93,  1,  93,  93,  -1,  304, 535,  145.0,  23,  Nuc1208120,  3370,  0, 0, 0, , 0, 0, 0, 0, 0,
94,  1,  94,  94,  -1,  345, 530,  159.0,  25,  Nuc1208146,  4476,  0, 0, 0, , 0, 0, 0, 0, 0,
95,  1,  96,  95,  -1,  502, 536,  138.0,  23,  Nuc1208184,  3136,  0, 0, 0, , 0, 0, 0, 0, 0,
96,  1,  97,  96,  -1,  545, 777,  144.0,  25,  Nuc1210600,  3641,  0, 0, 0, , 0, 0, 0, 0, 0,
97,  1,  98,  97,  -1,  556, 854,  141.0,  25,  Nuc1231730,  5044,  0, 0, 0, , 0, 0, 0, 0, 0,
98,  1,  99,  98,  -1,  467, 829,  145.0,  23,  Nuc1247439,  6780,  0, 0, 0, , 0, 0, 0, 0, 0,
99,  1,  100,  99,  -1,  486, 769,  161.0,  23,  Nuc1262358,  5043,  0, 0, 0, , 0, 0, 0, 0, 0,
100,  1,  101,  100,  -1,  667, 625,  133.0,  25,  Nuc1272752,  5622,  0, 0, 0, , 0, 0, 0, 0, 0,
101,  1,  102,  101,  -1,  635, 630,  151.0,  23,  Nuc1335636,  6814,  0, 0, 0, , 0, 0, 0, 0, 0,
102,  1,  103,  102,  -1,  567, 582,  141.0,  23,  Nuc1336660,  4802,  0, 0, 0, , 0, 0, 0, 0, 0,
103,  1,  104,  103,  -1,  634, 535,  137.0,  25,  Nuc1390575,  5498,  0, 0, 0, , 0, 0, 0, 0, 0,
104,  1,  105,  104,  -1,  409, 471,  150.0,  23,  Nuc1418710,  4531,  0, 0, 0, , 0, 0, 0, 0, 0,
105,  1,  106,  105,  -1,  437, 409,  148.0,  27,  Nuc1418768,  3476,  0, 0, 0, , 0, 0, 0, 0, 0,
106,  1,  107,  106,  -1,  416, 549,  153.0,  23,  Nuc1418845,  3607,  0, 0, 0, , 0, 0, 0, 0, 0,
107,  1,  109,  107,  -1,  461, 509,  159.0,  23,  Nuc1419082,  4170,  0, 0, 0, , 0, 0, 0, 0, 0,
108,  1,  110,  108,  -1,  439, 343,  125.0,  27,  Nuc1426621,  1203,  0, 0, 0, , 0, 0, 0, 0, 0,
109,  1,  111,  109,  -1,  471, 397,  128.0,  23,  Nuc1426630,  332,  0, 0, 0, , 0, 0, 0, 0, 0,
110,  1,  112,  110,  -1,  422, 512,  132.0,  25,  Nuc1426643,  2907,  0, 0, 0, , 0, 0, 0, 0, 0,
111,  1,  113,  111,  -1,  476, 463,  138.0,  27,  Nuc1426656,  2456,  0, 0, 0, , 0, 0, 0, 0, 0,
112,  1,  113,  112,  -1,  477, 464,  130.0,  27,  Nuc1426663,  6772,  0, 0, 0, , 0, 0, 0, 0, 0,
113,  1,  114,  113,  -1,  570, 488,  130.0,  23,  Nuc1431496,  5335,  0, 0, 0, , 0, 0, 0, 0, 0,
114,  1,  115,  114,  115,  494, 475,  148.0,  23,  Nuc1468245,  4975,  0, 0, 0, , 0, 0, 0, 0, 0,
115,  1,  116,  116,  -1,  563, 490,  149.0,  23,  Nuc1483160,  5441,  0, 0, 0, , 0, 0, 0, 0, 0,
116,  1,  117,  117,  -1,  350, 376,  168.0,  23,  Nuc1483216,  4247,  0, 0, 0, , 0, 0, 0, 0, 0,
117,  1,  119,  118,  -1,  358, 442,  166.0,  23,  Nuc1492459,  3876,  0, 0, 0, , 0, 0, 0, 0, 0,
118,  1,  120,  119,  -1,  454, 326,  168.0,  23,  Nuc1493216,  3965,  0, 0, 0, , 0, 0, 0, 0, 0,
119,  1,  121,  120,  -1,  408, 353,  159.0,  23,  Nuc1493587,  3576,  0, 0, 0, , 0, 0, 0, 0, 0,
120,  1,  122,  121,  -1,  372, 291,  146.0,  21,  Nuc1494712,  3002,  0, 0, 0, , 0, 0, 0, 0, 0,
121,  1,  123,  122,  -1,  429, 246,  151.0,  25,  Nuc1496358,  4208,  0, 0, 0, , 0, 0, 0, 0, 0,
122,  1,  124,  123,  -1,  646, 326,  157.0,  25,  Nuc1500718,  5820,  0, 0, 0, , 0, 0, 0, 0, 0,
123,  1,  125,  124,  -1,  647, 412,  149.0,  25,  Nuc1508329,  4704,  0, 0, 0, , 0, 0, 0, 0, 0,
124,  1,  126,  125,  -1,  559, 419,  138.0,  23,  Nuc1514861,  3994,  0, 0, 0, , 0, 0, 0, 0, 0,
125,  1,  127,  126,  -1,  599, 340,  136.0,  23,  Nuc1545754,  4098,  0, 0, 0, , 0, 0, 0, 0, 0,
126,  1,  128,  127,  -1,  487, 335,  147.0,  23,  Nuc1553354,  4998,  0, 0, 0, , 0, 0, 0, 0, 0,
127,  1,  129,  128,  -1,  520, 260,  152.0,  25,  Nuc1572622,  4922,  0, 0, 0, , 0, 0, 0, 0, 0,
128,  1,  130,  129,  -1,  578, 309,  163.0,  25,  Nuc1577606,  6048,  0, 0, 0, , 0, 0, 0, 0, 0,
129,  1,  131,  130,  -1,  519, 360,  164.0,  25,  Nuc1584276,  6310,  0, 0, 0, , 0, 0, 0, 0, 0,
130,  1,  132,  131,  -1,  642, 480,  148.0,  23,  Nuc1584575,  5217,  0, 0, 0, , 0, 0, 0, 0, 0,
131,  1,  133,  132,  -1,  697, 435,  133.0,  23,  Nuc1622747,  5738,  0, 0, 0, , 0, 0, 0, 0, 0,
132,  1,  134,  133,  -1,  665, 527,  160.0,  23,  Nuc1640566,  10403,  0, 0, 0, , 0, 0, 0, 0, 0,
133,  1,  135,  134,  -1,  642, 544,  150.0,  23,  Nuc1643513,  6065,  0, 0, 0, , 0, 0, 0, 0, 0,
134,  1,  136,  135,  -1,  694, 581,  156.0,  23,  Nuc1703082,  5508,  0, 0, 0, , 0, 0, 0, 0, 0,
135,  1,  137,  136,  -1,  677, 561,  143.0,  23,  Nuc1707944,  7418,  0, 0, 0, , 0, 0, 0, 0, 0,
136,  1,  138,  137,  -1,  549, 538,  154.0,  23,  Nuc1740608,  6551,  0, 0, 0, , 0, 0, 0, 0, 0,
137,  1,  139,  138,  -1,  521, 594,  152.0,  23,  Nuc1754944,  6470,  0, 0, 0, , 0, 0, 0, 0, 0,
138,  1,  140,  139,  -1,  460, 448,  165.0,  23,  Nuc1759753,  6856,  0, 0, 0, , 0, 0, 0, 0, 0,
139,  1,  141,  140,  -1,  502, 499,  166.0,  23,  Nuc1772005,  9172,  0, 0, 0, , 0, 0, 0, 0, 0,
140,  1,  142,  141,  -1,  485, 553,  162.0,  23,  Nuc1773061,  3939,  0, 0, 0, , 0, 0, 0, 0, 0,
141,  1,  143,  142,  -1,  407, 498,  169.0,  23,  Nuc1773098,  2172,  0, 0, 0, , 0, 0, 0, 0, 0,
142,  1,  146,  143,  -1,  414, 706,  166.0,  23,  Nuc1773167,  4719,  0, 0, 0, , 0, 0, 0, 0, 0,
143,  1,  147,  144,  -1,  305, 619,  155.0,  23,  Nuc1784064,  2312,  0, 0, 0, , 0, 0, 0, 0, 0,
144,  1,  148,  145,  -1,  335, 666,  152.0,  23,  Nuc1784102,  2273,  0, 0, 0, , 0, 0, 0, 0, 0,
145,  1,  149,  146,  -1,  340, 718,  162.0,  23,  Nuc1785230,  2553,  0, 0, 0, , 0, 0, 0, 0, 0,
146,  1,  150,  147,  -1,  427, 587,  170.0,  21,  Nuc1785254,  2980,  0, 0, 0, , 0, 0, 0, 0, 0,
147,  1,  151,  148,  -1,  365, 601,  158.0,  23,  Nuc1793814,  2121,  0, 0, 0, , 0, 0, 0, 0, 0,
148,  1,  152,  149,  -1,  369, 639,  175.0,  23,  Nuc1793829,  5467,  0, 0, 0, , 0, 0, 0, 0, 0,
149,  1,  153,  150,  -1,  436, 405,  178.0,  25,  Nuc1794108,  5061,  0, 0, 0, , 0, 0, 0, 0, 0,
150,  1,  154,  151,  -1,  545, 400,  177.0,  25,  Nuc1794453,  6049,  0, 0, 0, , 0, 0, 0, 0, 0,
151,  1,  155,  152,  -1,  623, 438,  172.0,  23,  Nuc1800318,  7738,  0, 0, 0, , 0, 0, 0, 0, 0,
152,  1,  156,  153,  -1,  692, 409,  166.0,  25,  Nuc1848862,  6564,  0, 0, 0, , 0, 0, 0, 0, 0,
153,  1,  157,  154,  -1,  682, 497,  171.0,  23,  Nuc1850292,  8314,  0, 0, 0, , 0, 0, 0, 0, 0,
154,  1,  158,  155,  -1,  741, 507,  169.0,  23,  Nuc1858774,  7661,  0, 0, 0, , 0, 0, 0, 0, 0,
155,  1,  159,  156,  -1,  663, 583,  171.0,  27,  Nuc1862204,  7196,  0, 0, 0, , 0, 0, 0, 0, 0,
156,  1,  160,  157,  -1,  730, 548,  162.0,  23,  Nuc1867418,  9536,  0, 0, 0, , 0, 0, 0, 0, 0,
157,  1,  161,  158,  -1,  734, 584,  169.0,  23,  Nuc1868184,  7260,  0, 0, 0, , 0, 0, 0, 0, 0,
158,  1,  162,  159,  -1,  449, 685,  178.0,  25,  Nuc1869380,  5023,  0, 0, 0, , 0, 0, 0, 0, 0,
159,  1,  163,  160,  -1,  617, 716,  164.0,  25,  Nuc1869987,  6603,  0, 0, 0, , 0, 0, 0, 0, 0,
160,  1,  164,  161,  -1,  595, 770,  160.0,  25,  Nuc1871442,  7577,  0, 0, 0, , 0, 0, 0, 0, 0,
161,  1,  165,  162,  -1,  535, 671,  176.0,  23,  Nuc1883031,  7251,  0, 0, 0, , 0, 0, 0, 0, 0,
162,  1,  166,  163,  -1,  515, 728,  170.0,  27,  Nuc1889446,  6896,  0, 0, 0, , 0, 0, 0, 0, 0,
163,  1,  167,  164,  -1,  657, 663,  169.0,  25,  Nuc1892143,  6443,  0, 0, 0, , 0, 0, 0, 0, 0,
164,  1,  168,  165,  -1,  575, 603,  180.0,  25,  Nuc1921268,  7237,  0, 0, 0, , 0, 0, 0, 0, 0,
165,  1,  169,  166,  -1,  578, 494,  181.0,  25,  Nuc1922070,  7107,  0, 0, 0, , 0, 0, 0, 0, 0,
166,  1,  170,  167,  -1,  636, 538,  177.0,  25,  Nuc1922170,  7414,  0, 0, 0, , 0, 0, 0, 0, 0,
167,  1,  171,  168,  -1,  446, 620,  183.0,  23,  Nuc1923286,  4452,  0, 0, 0, , 0, 0, 0, 0, 0,
168,  1,  172,  169,  -1,  455, 646,  161.0,  23,  Nuc1934260,  5178,  0, 0, 0, , 0, 0, 0, 0, 0,
169,  1,  173,  170,  -1,  525, 669,  157.0,  21,  Nuc1943213,  2880,  0, 0, 0, , 0, 0, 0, 0, 0,
170,  1,  174,  171,  -1,  514, 606,  170.0,  23,  Nuc1950046,  6480,  0, 0, 0, , 0, 0, 0, 0, 0,
171,  1,  175,  172,  -1,  414, 544,  184.0,  25,  Nuc1953722,  4356,  0, 0, 0, , 0, 0, 0, 0, 0,
172,  1,  176,  173,  -1,  373, 481,  182.0,  25,  Nuc1954693,  4443,  0, 0, 0, , 0, 0, 0, 0, 0,
173,  1,  177,  174,  -1,  497, 565,  183.0,  25,  Nuc1954929,  5976,  0, 0, 0, , 0, 0, 0, 0, 0,
174,  1,  178,  175,  -1,  536, 544,  177.0,  25,  Nuc1955365,  5637,  0, 0, 0, , 0, 0, 0, 0, 0,
175,  1,  179,  176,  -1,  507, 469,  181.0,  23,  Nuc1968428,  7224,  0, 0, 0, , 0, 0, 0, 0, 0,
176,  1,  180,  177,  -1,  458, 507,  183.0,  25,  Nuc1968590,  7081,  0, 0, 0, , 0, 0, 0, 0, 0,
177,  1,  181,  178,  -1,  566, 604,  170.0,  23,  Nuc1968814,  1172,  0, 0, 0, , 0, 0, 0, 0, 0,
178,  1,  182,  179,  -1,  587, 604,  160.0,  23,  Nuc1968827,  7345,  0, 0, 0, , 0, 0, 0, 0, 0,
179,  1,  183,  -1,  -1,  348, 763,  145.0,  23,  Nuc2009226,  1685,  0, 0, 0, , 0, 0, 0, 0, 0,
180,  1,  184,  180,  -1,  403, 761,  156.0,  23,  Nuc2009235,  4661,  0, 0, 0, , 0, 0, 0, 0, 0,
181,  1,  185,  181,  -1,  393, 787,  125.0,  25,  Nuc2012717,  3834,  0, 0, 0, , 0, 0, 0, 0, 0,
182,  1,  186,  182,  -1,  538, 524,  169.0,  23,  Nuc2012762,  860,  0, 0, 0, , 0, 0, 0, 0, 0,
183,  1,  187,  183,  -1,  555, 484,  169.0,  23,  Nuc2012775,  6620,  0, 0, 0, , 0, 0, 0, 0, 0,
184,  1,  188,  184,  -1,  543, 436,  159.0,  23,  Nuc2021734,  6298,  0, 0, 0, , 0, 0, 0, 0, 0,
185,  1,  189,  185,  -1,  588, 524,  171.0,  31,  Nuc2034675,  1061,  0, 0, 0, , 0, 0, 0, 0, 0,
186,  1,  189,  186,  -1,  607, 524,  163.0,  23,  Nuc2034822,  6389,  0, 0, 0, , 0, 0, 0, 0, 0,
187,  1,  190,  -1,  -1,  295, 459,  161.0,  23,  Nuc2064284,  2502,  0, 0, 0, , 0, 0, 0, 0, 0,
188,  1,  190,  187,  -1,  323, 469,  149.0,  25,  Nuc2064285,  4071,  0, 0, 0, , 0, 0, 0, 0, 0,
189,  1,  191,  188,  -1,  310, 393,  155.0,  23,  Nuc2064482,  3270,  0, 0, 0, , 0, 0, 0, 0, 0,
190,  1,  191,  189,  -1,  310, 395,  150.0,  23,  Nuc2064489,  3225,  0, 0, 0, , 0, 0, 0, 0, 0,
191,  1,  192,  190,  -1,  340, 347,  147.0,  23,  Nuc2064501,  2914,  0, 0, 0, , 0, 0, 0, 0, 0,
192,  1,  192,  -1,  -1,  340, 350,  153.0,  21,  Nuc2064509,  2834,  0, 0, 0, , 0, 0, 0, 0, 0,
193,  1,  193,  191,  -1,  258, 742,  127.0,  23,  Nuc2064547,  2763,  0, 0, 0, , 0, 0, 0, 0, 0,
194,  1,  194,  192,  -1,  289, 735,  143.0,  25,  Nuc2064562,  2999,  0, 0, 0, , 0, 0, 0, 0, 0,
195,  1,  195,  -1,  -1,  262, 643,  147.0,  21,  Nuc2064689,  1052,  0, 0, 0, , 0, 0, 0, 0, 0,
196,  1,  195,  193,  -1,  261, 684,  148.0,  23,  Nuc2064690,  1810,  0, 0, 0, , 0, 0, 0, 0, 0,
197,  1,  196,  194,  -1,  262, 639,  155.0,  23,  Nuc2064703,  3915,  0, 0, 0, , 0, 0, 0, 0, 0,
198,  1,  197,  195,  -1,  439, 342,  133.0,  23,  Nuc2064806,  4210,  0, 0, 0, , 0, 0, 0, 0, 0,
199,  1,  198,  -1,  -1,  375, 378,  127.0,  23,  Nuc2070269,  1721,  0, 0, 0, , 0, 0, 0, 0, 0,
200,  1,  198,  196,  197,  376, 378,  134.0,  23,  Nuc2070270,  3562,  0, 0, 0, , 0, 0, 0, 0, 0,
201,  1,  199,  198,  -1,  278, 582,  160.0,  23,  Nuc2070357,  3518,  0, 0, 0, , 0, 0, 0, 0, 0,
202,  1,  200,  199,  -1,  359, 552,  174.0,  23,  Nuc2070724,  2848,  0, 0, 0, , 0, 0, 0, 0, 0,
203,  1,  201,  200,  -1,  300, 545,  171.0,  25,  Nuc2070742,  2797,  0, 0, 0, , 0, 0, 0, 0, 0,
204,  1,  202,  201,  -1,  385, 830,  110.0,  23,  Nuc2070757,  920,  0, 0, 0, , 0, 0, 0, 0, 0,
205,  1,  202,  202,  203,  385, 894,  104.0,  23,  Nuc2070762,  4096,  0, 0, 0, , 0, 0, 0, 0, 0,
206,  1,  203,  204,  -1,  378, 931,  91.0,  25,  Nuc2080655,  1770,  0, 0, 0, , 0, 0, 0, 0, 0,
207,  1,  204,  205,  206,  313, 648,  136.0,  23,  Nuc2080691,  1724,  0, 0, 0, , 0, 0, 0, 0, 0,
208,  1,  205,  207,  -1,  367, 697,  136.0,  25,  Nuc2080714,  3186,  0, 0, 0, , 0, 0, 0, 0, 0,
209,  1,  206,  208,  -1,  358, 505,  137.0,  23,  Nuc2080790,  2205,  0, 0, 0, , 0, 0, 0, 0, 0,
210,  1,  207,  209,  -1,  381, 567,  139.0,  23,  Nuc2080800,  4039,  0, 0, 0, , 0, 0, 0, 0, 0,
211,  1,  208,  210,  -1,  256, 448,  148.0,  23,  Nuc2080818,  2355,  0, 0, 0, , 0, 0, 0, 0, 0,
212,  1,  209,  211,  -1,  249, 365,  142.0,  21,  Nuc2080824,  1662,  0, 0, 0, , 0, 0, 0, 0, 0,
213,  1,  209,  212,  -1,  205, 412,  142.0,  23,  Nuc2080827,  3543,  0, 0, 0, , 0, 0, 0, 0, 0,
214,  1,  211,  213,  -1,  294, 459,  168.0,  23,  Nuc2081052,  5529,  0, 0, 0, , 0, 0, 0, 0, 0,
215,  1,  212,  214,  -1,  392, 875,  118.0,  23,  Nuc2084890,  3289,  0, 0, 0, , 0, 0, 0, 0, 0,
216,  1,  213,  215,  -1,  236, 312,  132.0,  23,  Nuc2088397,  1276,  0, 0, 0, , 0, 0, 0, 0, 0,
217,  1,  214,  -1,  -1,  235, 315,  127.0,  25,  Nuc2088407,  327,  0, 0, 0, , 0, 0, 0, 0, 0,
218,  1,  214,  216,  -1,  297, 353,  130.0,  23,  Nuc2088408,  4087,  0, 0, 0, , 0, 0, 0, 0, 0,
219,  1,  215,  -1,  -1,  300, 409,  143.0,  25,  Nuc2088423,  2096,  0, 0, 0, , 0, 0, 0, 0, 0,
220,  1,  215,  217,  -1,  299, 408,  137.0,  23,  Nuc2088424,  2822,  0, 0, 0, , 0, 0, 0, 0, 0,
221,  1,  216,  -1,  -1,  239, 470,  131.0,  23,  Nuc2088441,  312,  0, 0, 0, , 0, 0, 0, 0, 0,
222,  1,  216,  -1,  -1,  268, 504,  137.0,  23,  Nuc2088442,  1050,  0, 0, 0, , 0, 0, 0, 0, 0,
223,  1,  217,  218,  -1,  228, 562,  146.0,  23,  Nuc2088444,  3660,  0, 0, 0, , 0, 0, 0, 0, 0,
224,  1,  219,  219,  -1,  243, 625,  129.0,  25,  Nuc2088459,  1313,  0, 0, 0, , 0, 0, 0, 0, 0,
225,  1,  220,  220,  -1,  200, 658,  132.0,  23,  Nuc2088482,  2195,  0, 0, 0, , 0, 0, 0, 0, 0,
226,  1,  221,  221,  -1,  252, 508,  154.0,  23,  Nuc2088496,  3190,  0, 0, 0, , 0, 0, 0, 0, 0,
