1,  1,  1,  1,  -1,  532, 966,  86.0,  25,  Nuc50,  3438,  0, 0, 0, , 0, 0, 0, 0, 0,
2,  1,  2,  2,  -1,  448, 949,  85.0,  23,  Nuc7217,  3103,  0, 0, 0, , 0, 0, 0, 0, 0,
3,  1,  3,  3,  -1,  465, 883,  104.0,  23,  Nuc9508,  4830,  0, 0, 0, , 0, 0, 0, 0, 0,
4,  1,  4,  4,  -1,  460, 932,  105.0,  25,  Nuc26070,  3587,  0, 0, 0, , 0, 0, 0, 0, 0,
5,  1,  5,  5,  -1,  739, 911,  95.0,  25,  Nuc29657,  3974,  0, 0, 0, , 0, 0, 0, 0, 0,
6,  1,  6,  6,  -1,  676, 892,  107.0,  23,  Nuc37568,  4217,  0, 0, 0, , 0, 0, 0, 0, 0,
7,  1,  7,  7,  -1,  609, 933,  97.0,  23,  Nuc47872,  3607,  0, 0, 0, , 0, 0, 0, 0, 0,
8,  1,  8,  8,  -1,  656, 962,  80.0,  27,  Nuc51543,  3514,  0, 0, 0, , 0, 0, 0, 0, 0,
9,  1,  9,  9,  -1,  630, 871,  124.0,  25,  Nuc63969,  5140,  0, 0, 0, , 0, 0, 0, 0, 0,
10,  1,  10,  10,  -1,  578, 831,  116.0,  23,  Nuc65761,  3967,  0, 0, 0, , 0, 0, 0, 0, 0,
11,  1,  11,  11,  -1,  531, 914,  100.0,  23,  Nuc69330,  4738,  0, 0, 0, , 0, 0, 0, 0, 0,
12,  1,  12,  12,  -1,  592, 912,  113.0,  23,  Nuc73713,  4866,  0, 0, 0, , 0, 0, 0, 0, 0,
13,  1,  13,  13,  -1,  454, 832,  118.0,  25,  Nuc90580,  3798,  0, 0, 0, , 0, 0, 0, 0, 0,
14,  1,  14,  14,  -1,  515, 812,  120.0,  23,  Nuc102428,  4214,  0, 0, 0, , 0, 0, 0, 0, 0,
15,  1,  15,  15,  -1,  533, 895,  119.0,  25,  Nuc144302,  4674,  0, 0, 0, , 0, 0, 0, 0, 0,
16,  1,  16,  16,  -1,  472, 892,  125.0,  23,  Nuc146836,  5002,  0, 0, 0, , 0, 0, 0, 0, 0,
17,  1,  17,  17,  -1,  329, 227,  123.0,  23,  Nuc152755,  1825,  0, 0, 0, , 0, 0, 0, 0, 0,
18,  1,  18,  18,  -1,  312, 174,  109.0,  23,  Nuc152768,  2596,  0, 0, 0, , 0, 0, 0, 0, 0,
19,  1,  19,  19,  -1,  293, 298,  144.0,  23,  Nuc152804,  1687,  0, 0, 0, , 0, 0, 0, 0, 0,
20,  1,  20,  20,  -1,  315, 252,  133.0,  23,  Nuc152844,  3812,  0, 0, 0, , 0, 0, 0, 0, 0,
21,  1,  21,  21,  -1,  686, 768,  125.0,  25,  Nuc152896,  5571,  0, 0, 0, , 0, 0, 0, 0, 0,
22,  1,  22,  22,  -1,  706, 848,  123.0,  25,  Nuc173369,  5652,  0, 0, 0, , 0, 0, 0, 0, 0,
23,  1,  23,  23,  -1,  672, 773,  146.0,  27,  Nuc190551,  6607,  0, 0, 0, , 0, 0, 0, 0, 0,
24,  1,  24,  24,  -1,  640, 831,  140.0,  25,  Nuc205684,  6706,  0, 0, 0, , 0, 0, 0, 0, 0,
25,  1,  25,  25,  -1,  831, 783,  113.0,  25,  Nuc209749,  4455,  0, 0, 0, , 0, 0, 0, 0, 0,
26,  1,  26,  26,  -1,  846, 840,  95.0,  25,  Nuc215645,  4770,  0, 0, 0, , 0, 0, 0, 0, 0,
27,  1,  27,  27,  -1,  774, 798,  121.0,  23,  Nuc230364,  5675,  0, 0, 0, , 0, 0, 0, 0, 0,
28,  1,  28,  28,  -1,  768, 859,  110.0,  25,  Nuc248259,  5164,  0, 0, 0, , 0, 0, 0, 0, 0,
29,  1,  29,  29,  -1,  794, 224,  104.0,  25,  Nuc251870,  3919,  0, 0, 0, , 0, 0, 0, 0, 0,
30,  1,  30,  30,  -1,  693, 183,  107.0,  23,  Nuc260699,  3925,  0, 0, 0, , 0, 0, 0, 0, 0,
31,  1,  31,  31,  -1,  640, 209,  125.0,  25,  Nuc264743,  4658,  0, 0, 0, , 0, 0, 0, 0, 0,
32,  1,  32,  32,  -1,  702, 218,  129.0,  25,  Nuc272767,  4393,  0, 0, 0, , 0, 0, 0, 0, 0,
33,  1,  33,  33,  -1,  547, 265,  133.0,  25,  Nuc274971,  4609,  0, 0, 0, , 0, 0, 0, 0, 0,
34,  1,  34,  34,  -1,  600, 231,  141.0,  23,  Nuc283117,  4997,  0, 0, 0, , 0, 0, 0, 0, 0,
35,  1,  35,  35,  -1,  567, 187,  122.0,  23,  Nuc293743,  3581,  0, 0, 0, , 0, 0, 0, 0, 0,
36,  1,  36,  36,  -1,  602, 138,  108.0,  25,  Nuc306819,  3523,  0, 0, 0, , 0, 0, 0, 0, 0,
37,  1,  37,  37,  -1,  884, 311,  104.0,  23,  Nuc314309,  4463,  0, 0, 0, , 0, 0, 0, 0, 0,
38,  1,  38,  38,  -1,  937, 414,  104.0,  23,  Nuc326395,  4542,  0, 0, 0, , 0, 0, 0, 0, 0,
39,  1,  39,  39,  -1,  802, 304,  123.0,  25,  Nuc343661,  5035,  0, 0, 0, , 0, 0, 0, 0, 0,
40,  1,  40,  40,  -1,  847, 362,  125.0,  23,  Nuc359672,  4525,  0, 0, 0, , 0, 0, 0, 0, 0,
41,  1,  41,  41,  -1,  767, 362,  147.0,  25,  Nuc370593,  5836,  0, 0, 0, , 0, 0, 0, 0, 0,
42,  1,  42,  42,  -1,  721, 358,  136.0,  25,  Nuc386071,  5825,  0, 0, 0, , 0, 0, 0, 0, 0,
43,  1,  43,  43,  -1,  671, 290,  134.0,  25,  Nuc406960,  5960,  0, 0, 0, , 0, 0, 0, 0, 0,
44,  1,  44,  44,  -1,  754, 269,  131.0,  25,  Nuc441230,  5359,  0, 0, 0, , 0, 0, 0, 0, 0,
45,  1,  45,  45,  -1,  410, 145,  108.0,  25,  Nuc445498,  1759,  0, 0, 0, , 0, 0, 0, 0, 0,
46,  1,  46,  46,  -1,  391, 177,  122.0,  25,  Nuc450541,  4401,  0, 0, 0, , 0, 0, 0, 0, 0,
47,  1,  47,  47,  -1,  389, 288,  127.0,  23,  Nuc451833,  2571,  0, 0, 0, , 0, 0, 0, 0, 0,
48,  1,  48,  48,  -1,  388, 226,  134.0,  23,  Nuc451844,  4454,  0, 0, 0, , 0, 0, 0, 0, 0,
49,  1,  49,  49,  -1,  496, 134,  108.0,  23,  Nuc454664,  3387,  0, 0, 0, , 0, 0, 0, 0, 0,
50,  1,  50,  50,  -1,  471, 187,  124.0,  27,  Nuc457640,  4143,  0, 0, 0, , 0, 0, 0, 0, 0,
51,  1,  51,  51,  -1,  469, 274,  131.0,  23,  Nuc460140,  2958,  0, 0, 0, , 0, 0, 0, 0, 0,
52,  1,  52,  52,  -1,  488, 197,  138.0,  25,  Nuc462370,  4129,  0, 0, 0, , 0, 0, 0, 0, 0,
53,  1,  53,  53,  -1,  898, 642,  121.0,  23,  Nuc466282,  5526,  0, 0, 0, , 0, 0, 0, 0, 0,
54,  1,  54,  54,  -1,  955, 655,  104.0,  27,  Nuc478775,  5872,  0, 0, 0, , 0, 0, 0, 0, 0,
55,  1,  55,  55,  -1,  845, 704,  124.0,  25,  Nuc497648,  5225,  0, 0, 0, , 0, 0, 0, 0, 0,
56,  1,  56,  56,  -1,  896, 741,  108.0,  23,  Nuc541227,  5486,  0, 0, 0, , 0, 0, 0, 0, 0,
57,  1,  57,  57,  -1,  796, 736,  137.0,  27,  Nuc546708,  7197,  0, 0, 0, , 0, 0, 0, 0, 0,
58,  1,  58,  58,  -1,  759, 691,  127.0,  25,  Nuc578583,  6042,  0, 0, 0, , 0, 0, 0, 0, 0,
59,  1,  59,  59,  -1,  676, 691,  146.0,  25,  Nuc606122,  7364,  0, 0, 0, , 0, 0, 0, 0, 0,
60,  1,  60,  60,  -1,  737, 727,  151.0,  25,  Nuc668701,  6541,  0, 0, 0, , 0, 0, 0, 0, 0,
61,  1,  61,  61,  -1,  431, 856,  134.0,  23,  Nuc682033,  4475,  0, 0, 0, , 0, 0, 0, 0, 0,
62,  1,  62,  62,  -1,  238, 757,  119.0,  25,  Nuc694396,  1004,  0, 0, 0, , 0, 0, 0, 0, 0,
63,  1,  63,  63,  -1,  293, 816,  119.0,  23,  Nuc694401,  969,  0, 0, 0, , 0, 0, 0, 0, 0,
64,  1,  64,  64,  -1,  346, 833,  126.0,  25,  Nuc694413,  3879,  0, 0, 0, , 0, 0, 0, 0, 0,
65,  1,  65,  65,  -1,  396, 820,  141.0,  25,  Nuc701666,  2767,  0, 0, 0, , 0, 0, 0, 0, 0,
66,  1,  66,  66,  -1,  902, 420,  124.0,  25,  Nuc701796,  5365,  0, 0, 0, , 0, 0, 0, 0, 0,
67,  1,  67,  67,  -1,  925, 497,  120.0,  25,  Nuc727150,  5352,  0, 0, 0, , 0, 0, 0, 0, 0,
68,  1,  68,  68,  -1,  847, 425,  138.0,  25,  Nuc736758,  6004,  0, 0, 0, , 0, 0, 0, 0, 0,
69,  1,  69,  69,  -1,  861, 515,  141.0,  23,  Nuc744059,  6180,  0, 0, 0, , 0, 0, 0, 0, 0,
70,  1,  70,  70,  -1,  774, 453,  132.0,  25,  Nuc765541,  5797,  0, 0, 0, , 0, 0, 0, 0, 0,
71,  1,  71,  71,  -1,  756, 533,  142.0,  23,  Nuc777258,  6300,  0, 0, 0, , 0, 0, 0, 0, 0,
72,  1,  72,  72,  -1,  804, 482,  154.0,  25,  Nuc781813,  5845,  0, 0, 0, , 0, 0, 0, 0, 0,
73,  1,  73,  73,  -1,  731, 442,  156.0,  25,  Nuc787808,  6585,  0, 0, 0, , 0, 0, 0, 0, 0,
74,  1,  74,  74,  -1,  804, 609,  138.0,  25,  Nuc799512,  6868,  0, 0, 0, , 0, 0, 0, 0, 0,
75,  1,  75,  75,  -1,  872, 604,  140.0,  25,  Nuc846741,  6609,  0, 0, 0, , 0, 0, 0, 0, 0,
76,  1,  76,  76,  -1,  848, 582,  124.0,  25,  Nuc855276,  5509,  0, 0, 0, , 0, 0, 0, 0, 0,
77,  1,  77,  77,  -1,  925, 575,  124.0,  23,  Nuc895723,  5897,  0, 0, 0, , 0, 0, 0, 0, 0,
78,  1,  78,  78,  -1,  970, 540,  108.0,  25,  Nuc906506,  6025,  0, 0, 0, , 0, 0, 0, 0, 0,
79,  1,  79,  79,  -1,  733, 612,  135.0,  25,  Nuc911887,  6733,  0, 0, 0, , 0, 0, 0, 0, 0,
80,  1,  80,  80,  -1,  748, 644,  157.0,  25,  Nuc952986,  7334,  0, 0, 0, , 0, 0, 0, 0, 0,
81,  1,  81,  81,  -1,  807, 586,  156.0,  25,  Nuc966750,  7587,  0, 0, 0, , 0, 0, 0, 0, 0,
82,  1,  82,  82,  -1,  471, 672,  132.0,  23,  Nuc1024088,  5493,  0, 0, 0, , 0, 0, 0, 0, 0,
83,  1,  83,  83,  -1,  455, 598,  144.0,  23,  Nuc1024105,  3194,  0, 0, 0, , 0, 0, 0, 0, 0,
84,  1,  84,  84,  -1,  501, 606,  132.0,  23,  Nuc1056976,  3529,  0, 0, 0, , 0, 0, 0, 0, 0,
85,  1,  85,  85,  -1,  324, 743,  127.0,  23,  Nuc1057036,  3343,  0, 0, 0, , 0, 0, 0, 0, 0,
86,  1,  86,  86,  -1,  476, 756,  129.0,  27,  Nuc1057326,  4823,  0, 0, 0, , 0, 0, 0, 0, 0,
87,  1,  87,  87,  -1,  456, 720,  145.0,  23,  Nuc1057724,  4849,  0, 0, 0, , 0, 0, 0, 0, 0,
88,  1,  88,  88,  -1,  569, 653,  138.0,  25,  Nuc1057894,  4425,  0, 0, 0, , 0, 0, 0, 0, 0,
89,  1,  89,  89,  -1,  538, 717,  129.0,  25,  Nuc1091564,  5610,  0, 0, 0, , 0, 0, 0, 0, 0,
90,  1,  90,  90,  -1,  618, 706,  136.0,  25,  Nuc1102197,  6779,  0, 0, 0, , 0, 0, 0, 0, 0,
91,  1,  91,  91,  -1,  596, 766,  125.0,  25,  Nuc1145031,  4172,  0, 0, 0, , 0, 0, 0, 0, 0,
92,  1,  92,  92,  -1,  304, 582,  144.0,  25,  Nuc1208107,  3273,  0, 0, 0, , 0, 0, 0, 0, 0,
93,  1,  93,  93,  -1,  305, 533,  146.0,  23,  Nuc1208121,  3664,  0, 0, 0, , 0, 0, 0, 0, 0,
94,  1,  94,  94,  -1,  344, 528,  158.0,  23,  Nuc1208147,  3758,  0, 0, 0, , 0, 0, 0, 0, 0,
95,  1,  95,  95,  -1,  500, 536,  138.0,  23,  Nuc1208185,  3765,  0, 0, 0, , 0, 0, 0, 0, 0,
96,  1,  96,  96,  -1,  541, 775,  144.0,  23,  Nuc1210601,  2871,  0, 0, 0, , 0, 0, 0, 0, 0,
97,  1,  97,  97,  -1,  556, 855,  141.0,  25,  Nuc1231731,  5129,  0, 0, 0, , 0, 0, 0, 0, 0,
98,  1,  98,  98,  -1,  468, 827,  145.0,  23,  Nuc1247440,  5764,  0, 0, 0, , 0, 0, 0, 0, 0,
99,  1,  99,  99,  -1,  485, 769,  161.0,  23,  Nuc1262359,  4019,  0, 0, 0, , 0, 0, 0, 0, 0,
100,  1,  100,  100,  -1,  665, 626,  133.0,  25,  Nuc1272753,  5477,  0, 0, 0, , 0, 0, 0, 0, 0,
101,  1,  101,  101,  -1,  636, 628,  151.0,  23,  Nuc1335637,  6742,  0, 0, 0, , 0, 0, 0, 0, 0,
102,  1,  102,  102,  -1,  567, 579,  141.0,  25,  Nuc1336661,  5451,  0, 0, 0, , 0, 0, 0, 0, 0,
103,  1,  103,  103,  -1,  632, 536,  137.0,  25,  Nuc1390576,  6133,  0, 0, 0, , 0, 0, 0, 0, 0,
104,  1,  104,  104,  -1,  409, 472,  150.0,  25,  Nuc1418711,  3268,  0, 0, 0, , 0, 0, 0, 0, 0,
105,  1,  105,  105,  -1,  436, 406,  147.0,  23,  Nuc1418769,  3947,  0, 0, 0, , 0, 0, 0, 0, 0,
106,  1,  106,  106,  -1,  416, 547,  152.0,  23,  Nuc1418846,  3365,  0, 0, 0, , 0, 0, 0, 0, 0,
107,  1,  107,  107,  -1,  460, 507,  159.0,  23,  Nuc1419083,  4169,  0, 0, 0, , 0, 0, 0, 0, 0,
108,  1,  108,  108,  -1,  440, 343,  124.0,  27,  Nuc1426622,  2251,  0, 0, 0, , 0, 0, 0, 0, 0,
109,  1,  109,  109,  -1,  470, 395,  133.0,  23,  Nuc1426631,  1103,  0, 0, 0, , 0, 0, 0, 0, 0,
110,  1,  110,  110,  -1,  425, 510,  131.0,  25,  Nuc1426644,  3212,  0, 0, 0, , 0, 0, 0, 0, 0,
111,  1,  111,  111,  -1,  475, 462,  137.0,  25,  Nuc1426657,  5397,  0, 0, 0, , 0, 0, 0, 0, 0,
112,  1,  112,  112,  -1,  477, 464,  129.0,  27,  Nuc1426664,  6918,  0, 0, 0, , 0, 0, 0, 0, 0,
113,  1,  113,  113,  -1,  572, 485,  129.0,  25,  Nuc1431497,  5034,  0, 0, 0, , 0, 0, 0, 0, 0,
114,  1,  114,  114,  -1,  461, 510,  152.0,  23,  Nuc1468246,  1410,  0, 0, 0, , 0, 0, 0, 0, 0,
115,  1,  114,  115,  -1,  493, 475,  149.0,  25,  Nuc1476741,  5342,  0, 0, 0, , 0, 0, 0, 0, 0,
116,  1,  115,  116,  117,  563, 488,  149.0,  23,  Nuc1483161,  5287,  0, 0, 0, , 0, 0, 0, 0, 0,
117,  1,  116,  118,  -1,  348, 378,  168.0,  21,  Nuc1483217,  3366,  0, 0, 0, , 0, 0, 0, 0, 0,
118,  1,  117,  119,  120,  358, 443,  164.0,  23,  Nuc1492460,  3456,  0, 0, 0, , 0, 0, 0, 0, 0,
119,  1,  118,  121,  -1,  450, 328,  169.0,  23,  Nuc1493217,  3336,  0, 0, 0, , 0, 0, 0, 0, 0,
120,  1,  119,  122,  -1,  408, 354,  159.0,  23,  Nuc1493588,  4092,  0, 0, 0, , 0, 0, 0, 0, 0,
121,  1,  120,  123,  -1,  374, 293,  144.0,  21,  Nuc1494713,  1578,  0, 0, 0, , 0, 0, 0, 0, 0,
122,  1,  121,  124,  -1,  428, 247,  151.0,  23,  Nuc1496359,  4388,  0, 0, 0, , 0, 0, 0, 0, 0,
123,  1,  122,  125,  -1,  645, 328,  157.0,  23,  Nuc1500719,  4331,  0, 0, 0, , 0, 0, 0, 0, 0,
124,  1,  123,  126,  -1,  648, 410,  149.0,  23,  Nuc1508330,  4215,  0, 0, 0, , 0, 0, 0, 0, 0,
125,  1,  124,  127,  -1,  561, 416,  139.0,  23,  Nuc1514862,  4292,  0, 0, 0, , 0, 0, 0, 0, 0,
126,  1,  125,  128,  -1,  603, 339,  135.0,  25,  Nuc1545755,  4704,  0, 0, 0, , 0, 0, 0, 0, 0,
127,  1,  126,  129,  -1,  490, 332,  147.0,  21,  Nuc1553355,  5006,  0, 0, 0, , 0, 0, 0, 0, 0,
128,  1,  127,  130,  -1,  518, 258,  152.0,  23,  Nuc1572623,  4331,  0, 0, 0, , 0, 0, 0, 0, 0,
129,  1,  128,  131,  -1,  579, 308,  163.0,  23,  Nuc1577607,  4990,  0, 0, 0, , 0, 0, 0, 0, 0,
130,  1,  129,  132,  -1,  520, 358,  164.0,  23,  Nuc1584277,  5156,  0, 0, 0, , 0, 0, 0, 0, 0,
131,  1,  130,  133,  -1,  641, 476,  147.0,  23,  Nuc1584576,  5129,  0, 0, 0, , 0, 0, 0, 0, 0,
132,  1,  131,  134,  -1,  697, 435,  133.0,  25,  Nuc1622748,  5724,  0, 0, 0, , 0, 0, 0, 0, 0,
133,  1,  132,  135,  -1,  664, 527,  160.0,  23,  Nuc1640567,  11742,  0, 0, 0, , 0, 0, 0, 0, 0,
134,  1,  133,  136,  -1,  639, 543,  150.0,  23,  Nuc1643514,  6347,  0, 0, 0, , 0, 0, 0, 0, 0,
135,  1,  134,  137,  -1,  692, 579,  156.0,  23,  Nuc1703083,  6729,  0, 0, 0, , 0, 0, 0, 0, 0,
136,  1,  135,  138,  -1,  676, 561,  143.0,  25,  Nuc1707945,  7799,  0, 0, 0, , 0, 0, 0, 0, 0,
137,  1,  136,  139,  -1,  548, 537,  154.0,  25,  Nuc1740609,  6331,  0, 0, 0, , 0, 0, 0, 0, 0,
138,  1,  137,  140,  -1,  522, 592,  152.0,  23,  Nuc1754945,  7394,  0, 0, 0, , 0, 0, 0, 0, 0,
139,  1,  138,  141,  -1,  458, 447,  164.0,  21,  Nuc1759754,  6398,  0, 0, 0, , 0, 0, 0, 0, 0,
140,  1,  139,  142,  -1,  501, 499,  166.0,  23,  Nuc1772006,  8996,  0, 0, 0, , 0, 0, 0, 0, 0,
141,  1,  140,  143,  -1,  484, 553,  161.0,  23,  Nuc1773062,  3236,  0, 0, 0, , 0, 0, 0, 0, 0,
142,  1,  141,  144,  -1,  407, 492,  169.0,  21,  Nuc1773099,  627,  0, 0, 0, , 0, 0, 0, 0, 0,
143,  1,  142,  145,  -1,  415, 704,  165.0,  23,  Nuc1773168,  3230,  0, 0, 0, , 0, 0, 0, 0, 0,
144,  1,  143,  146,  -1,  302, 619,  155.0,  23,  Nuc1784065,  2785,  0, 0, 0, , 0, 0, 0, 0, 0,
145,  1,  144,  147,  -1,  335, 665,  152.0,  23,  Nuc1784103,  2470,  0, 0, 0, , 0, 0, 0, 0, 0,
146,  1,  145,  -1,  -1,  338, 716,  162.0,  23,  Nuc1785231,  2057,  0, 0, 0, , 0, 0, 0, 0, 0,
147,  1,  146,  148,  -1,  424, 588,  170.0,  23,  Nuc1785255,  4077,  0, 0, 0, , 0, 0, 0, 0, 0,
148,  1,  147,  149,  -1,  364, 600,  159.0,  23,  Nuc1793815,  2588,  0, 0, 0, , 0, 0, 0, 0, 0,
149,  1,  148,  150,  -1,  364, 641,  176.0,  21,  Nuc1793830,  4426,  0, 0, 0, , 0, 0, 0, 0, 0,
150,  1,  149,  151,  -1,  435, 407,  178.0,  23,  Nuc1794109,  5524,  0, 0, 0, , 0, 0, 0, 0, 0,
151,  1,  150,  152,  -1,  544, 400,  177.0,  23,  Nuc1794454,  5040,  0, 0, 0, , 0, 0, 0, 0, 0,
152,  1,  151,  153,  -1,  621, 439,  171.0,  21,  Nuc1800319,  5381,  0, 0, 0, , 0, 0, 0, 0, 0,
153,  1,  152,  154,  -1,  691, 407,  165.0,  23,  Nuc1848863,  6156,  0, 0, 0, , 0, 0, 0, 0, 0,
154,  1,  153,  155,  -1,  683, 496,  171.0,  23,  Nuc1850293,  8441,  0, 0, 0, , 0, 0, 0, 0, 0,
155,  1,  154,  156,  -1,  740, 505,  168.0,  23,  Nuc1858775,  9755,  0, 0, 0, , 0, 0, 0, 0, 0,
156,  1,  155,  157,  -1,  659, 581,  171.0,  25,  Nuc1862205,  4102,  0, 0, 0, , 0, 0, 0, 0, 0,
157,  1,  156,  158,  -1,  729, 548,  162.0,  25,  Nuc1867419,  9879,  0, 0, 0, , 0, 0, 0, 0, 0,
158,  1,  157,  159,  -1,  735, 584,  169.0,  25,  Nuc1868185,  8425,  0, 0, 0, , 0, 0, 0, 0, 0,
159,  1,  158,  160,  -1,  448, 685,  177.0,  23,  Nuc1869381,  4564,  0, 0, 0, , 0, 0, 0, 0, 0,
160,  1,  159,  161,  -1,  615, 717,  164.0,  23,  Nuc1869988,  7088,  0, 0, 0, , 0, 0, 0, 0, 0,
161,  1,  160,  162,  -1,  595, 769,  159.0,  25,  Nuc1871443,  7695,  0, 0, 0, , 0, 0, 0, 0, 0,
162,  1,  161,  163,  -1,  535, 670,  175.0,  23,  Nuc1883032,  6014,  0, 0, 0, , 0, 0, 0, 0, 0,
163,  1,  162,  164,  -1,  515, 728,  170.0,  25,  Nuc1889447,  7660,  0, 0, 0, , 0, 0, 0, 0, 0,
164,  1,  163,  165,  -1,  658, 662,  168.0,  23,  Nuc1892144,  6588,  0, 0, 0, , 0, 0, 0, 0, 0,
165,  1,  164,  166,  -1,  575, 601,  180.0,  23,  Nuc1921269,  6754,  0, 0, 0, , 0, 0, 0, 0, 0,
166,  1,  165,  167,  -1,  578, 495,  181.0,  25,  Nuc1922071,  6732,  0, 0, 0, , 0, 0, 0, 0, 0,
167,  1,  166,  168,  -1,  638, 536,  177.0,  25,  Nuc1922171,  7714,  0, 0, 0, , 0, 0, 0, 0, 0,
168,  1,  167,  169,  -1,  445, 620,  183.0,  23,  Nuc1923287,  4291,  0, 0, 0, , 0, 0, 0, 0, 0,
169,  1,  168,  170,  -1,  454, 645,  160.0,  23,  Nuc1934261,  6293,  0, 0, 0, , 0, 0, 0, 0, 0,
170,  1,  169,  171,  -1,  523, 669,  156.0,  21,  Nuc1943214,  2622,  0, 0, 0, , 0, 0, 0, 0, 0,
171,  1,  170,  172,  -1,  510, 601,  170.0,  23,  Nuc1950047,  5492,  0, 0, 0, , 0, 0, 0, 0, 0,
172,  1,  171,  173,  -1,  414, 544,  184.0,  25,  Nuc1953723,  4233,  0, 0, 0, , 0, 0, 0, 0, 0,
173,  1,  172,  174,  -1,  372, 482,  182.0,  23,  Nuc1954694,  3958,  0, 0, 0, , 0, 0, 0, 0, 0,
174,  1,  173,  175,  -1,  497, 566,  183.0,  25,  Nuc1954930,  5878,  0, 0, 0, , 0, 0, 0, 0, 0,
175,  1,  174,  176,  -1,  535, 543,  177.0,  27,  Nuc1955366,  6682,  0, 0, 0, , 0, 0, 0, 0, 0,
176,  1,  175,  177,  -1,  506, 467,  181.0,  25,  Nuc1968429,  8062,  0, 0, 0, , 0, 0, 0, 0, 0,
177,  1,  176,  178,  -1,  457, 507,  183.0,  25,  Nuc1968591,  6970,  0, 0, 0, , 0, 0, 0, 0, 0,
178,  1,  177,  179,  -1,  569, 603,  170.0,  31,  Nuc1968815,  2186,  0, 0, 0, , 0, 0, 0, 0, 0,
179,  1,  178,  180,  -1,  588, 604,  160.0,  23,  Nuc1968828,  7437,  0, 0, 0, , 0, 0, 0, 0, 0,
180,  1,  180,  181,  -1,  404, 760,  156.0,  23,  Nuc2009236,  3869,  0, 0, 0, , 0, 0, 0, 0, 0,
181,  1,  181,  182,  -1,  393, 787,  125.0,  23,  Nuc2012718,  4061,  0, 0, 0, , 0, 0, 0, 0, 0,
182,  1,  182,  183,  -1,  538, 524,  169.0,  25,  Nuc2012763,  889,  0, 0, 0, , 0, 0, 0, 0, 0,
183,  1,  183,  184,  -1,  554, 485,  169.0,  25,  Nuc2012776,  7308,  0, 0, 0, , 0, 0, 0, 0, 0,
184,  1,  184,  185,  -1,  541, 434,  159.0,  23,  Nuc2021735,  6049,  0, 0, 0, , 0, 0, 0, 0, 0,
185,  1,  185,  186,  -1,  589, 523,  171.0,  31,  Nuc2034676,  1117,  0, 0, 0, , 0, 0, 0, 0, 0,
186,  1,  186,  187,  -1,  606, 525,  163.0,  25,  Nuc2034823,  7057,  0, 0, 0, , 0, 0, 0, 0, 0,
187,  1,  188,  188,  -1,  320, 464,  148.0,  21,  Nuc2064286,  3312,  0, 0, 0, , 0, 0, 0, 0, 0,
188,  1,  189,  189,  -1,  311, 395,  156.0,  21,  Nuc2064483,  2788,  0, 0, 0, , 0, 0, 0, 0, 0,
189,  1,  190,  -1,  -1,  309, 397,  150.0,  21,  Nuc2064490,  2469,  0, 0, 0, , 0, 0, 0, 0, 0,
190,  1,  191,  190,  -1,  341, 345,  147.0,  23,  Nuc2064502,  2066,  0, 0, 0, , 0, 0, 0, 0, 0,
191,  1,  193,  191,  -1,  259, 743,  126.0,  23,  Nuc2064548,  2783,  0, 0, 0, , 0, 0, 0, 0, 0,
192,  1,  194,  192,  -1,  289, 735,  143.0,  25,  Nuc2064563,  3343,  0, 0, 0, , 0, 0, 0, 0, 0,
193,  1,  196,  193,  -1,  261, 685,  147.0,  23,  Nuc2064691,  1769,  0, 0, 0, , 0, 0, 0, 0, 0,
194,  1,  197,  194,  -1,  261, 638,  156.0,  23,  Nuc2064704,  5274,  0, 0, 0, , 0, 0, 0, 0, 0,
195,  1,  198,  195,  -1,  439, 342,  133.0,  25,  Nuc2064807,  4207,  0, 0, 0, , 0, 0, 0, 0, 0,
196,  1,  200,  -1,  -1,  381, 439,  130.0,  27,  Nuc2070271,  757,  0, 0, 0, , 0, 0, 0, 0, 0,
197,  1,  200,  196,  -1,  377, 374,  131.0,  23,  Nuc2070272,  3735,  0, 0, 0, , 0, 0, 0, 0, 0,
198,  1,  201,  197,  -1,  278, 580,  160.0,  23,  Nuc2070358,  2804,  0, 0, 0, , 0, 0, 0, 0, 0,
199,  1,  202,  198,  -1,  361, 553,  174.0,  23,  Nuc2070725,  2100,  0, 0, 0, , 0, 0, 0, 0, 0,
200,  1,  203,  199,  -1,  301, 546,  171.0,  23,  Nuc2070743,  2643,  0, 0, 0, , 0, 0, 0, 0, 0,
201,  1,  204,  200,  -1,  385, 828,  110.0,  23,  Nuc2070758,  1672,  0, 0, 0, , 0, 0, 0, 0, 0,
202,  1,  205,  201,  -1,  323, 882,  99.0,  25,  Nuc2070763,  1978,  0, 0, 0, , 0, 0, 0, 0, 0,
203,  1,  205,  202,  -1,  385, 894,  104.0,  23,  Nuc2070772,  3972,  0, 0, 0, , 0, 0, 0, 0, 0,
204,  1,  206,  203,  -1,  377, 931,  90.0,  23,  Nuc2080656,  2228,  0, 0, 0, , 0, 0, 0, 0, 0,
205,  1,  207,  204,  -1,  297, 585,  133.0,  25,  Nuc2080692,  1402,  0, 0, 0, , 0, 0, 0, 0, 0,
206,  1,  207,  205,  -1,  313, 649,  136.0,  23,  Nuc2080699,  1894,  0, 0, 0, , 0, 0, 0, 0, 0,
207,  1,  208,  206,  -1,  366, 695,  136.0,  23,  Nuc2080715,  2931,  0, 0, 0, , 0, 0, 0, 0, 0,
208,  1,  209,  207,  -1,  358, 503,  137.0,  23,  Nuc2080791,  1662,  0, 0, 0, , 0, 0, 0, 0, 0,
209,  1,  210,  208,  -1,  379, 565,  138.0,  25,  Nuc2080801,  4506,  0, 0, 0, , 0, 0, 0, 0, 0,
210,  1,  211,  -1,  -1,  254, 444,  147.0,  23,  Nuc2080819,  1216,  0, 0, 0, , 0, 0, 0, 0, 0,
211,  1,  212,  209,  -1,  249, 364,  144.0,  21,  Nuc2080825,  1974,  0, 0, 0, , 0, 0, 0, 0, 0,
212,  1,  213,  210,  -1,  205, 411,  142.0,  23,  Nuc2080828,  3529,  0, 0, 0, , 0, 0, 0, 0, 0,
213,  1,  214,  211,  -1,  294, 459,  168.0,  27,  Nuc2081053,  5650,  0, 0, 0, , 0, 0, 0, 0, 0,
214,  1,  215,  212,  -1,  392, 874,  118.0,  23,  Nuc2084891,  3858,  0, 0, 0, , 0, 0, 0, 0, 0,
215,  1,  216,  213,  -1,  233, 312,  132.0,  25,  Nuc2088398,  1987,  0, 0, 0, , 0, 0, 0, 0, 0,
216,  1,  218,  214,  -1,  295, 351,  128.0,  23,  Nuc2088409,  3806,  0, 0, 0, , 0, 0, 0, 0, 0,
217,  1,  220,  215,  -1,  298, 407,  137.0,  23,  Nuc2088425,  3511,  0, 0, 0, , 0, 0, 0, 0, 0,
218,  1,  223,  216,  -1,  227, 562,  144.0,  23,  Nuc2088445,  4341,  0, 0, 0, , 0, 0, 0, 0, 0,
219,  1,  224,  217,  218,  243, 624,  130.0,  25,  Nuc2088460,  692,  0, 0, 0, , 0, 0, 0, 0, 0,
220,  1,  225,  219,  -1,  200, 658,  132.0,  25,  Nuc2088483,  2281,  0, 0, 0, , 0, 0, 0, 0, 0,
221,  1,  226,  220,  -1,  252, 508,  155.0,  25,  Nuc2088497,  2595,  0, 0, 0, , 0, 0, 0, 0, 0,
