1,  1,  1,  1,  -1,  531, 965,  86.0,  25,  Nuc51,  3727,  0, 0, 0, , 0, 0, 0, 0, 0,
2,  1,  2,  2,  -1,  448, 948,  85.0,  25,  Nuc7218,  3081,  0, 0, 0, , 0, 0, 0, 0, 0,
3,  1,  3,  3,  -1,  464, 882,  104.0,  23,  Nuc9509,  4308,  0, 0, 0, , 0, 0, 0, 0, 0,
4,  1,  4,  4,  -1,  459, 930,  106.0,  23,  Nuc26071,  3862,  0, 0, 0, , 0, 0, 0, 0, 0,
5,  1,  5,  5,  -1,  737, 909,  95.0,  25,  Nuc29658,  4567,  0, 0, 0, , 0, 0, 0, 0, 0,
6,  1,  6,  6,  -1,  676, 892,  107.0,  23,  Nuc37569,  4345,  0, 0, 0, , 0, 0, 0, 0, 0,
7,  1,  7,  7,  -1,  608, 933,  97.0,  25,  Nuc47873,  3754,  0, 0, 0, , 0, 0, 0, 0, 0,
8,  1,  8,  8,  -1,  655, 961,  80.0,  27,  Nuc51544,  4047,  0, 0, 0, , 0, 0, 0, 0, 0,
9,  1,  9,  9,  -1,  630, 872,  124.0,  27,  Nuc63970,  4583,  0, 0, 0, , 0, 0, 0, 0, 0,
10,  1,  10,  10,  -1,  580, 832,  116.0,  25,  Nuc65762,  3470,  0, 0, 0, , 0, 0, 0, 0, 0,
11,  1,  11,  11,  -1,  529, 912,  100.0,  25,  Nuc69331,  5406,  0, 0, 0, , 0, 0, 0, 0, 0,
12,  1,  12,  12,  -1,  592, 911,  113.0,  27,  Nuc73714,  5010,  0, 0, 0, , 0, 0, 0, 0, 0,
13,  1,  13,  13,  -1,  456, 831,  118.0,  23,  Nuc90581,  3314,  0, 0, 0, , 0, 0, 0, 0, 0,
14,  1,  14,  14,  -1,  514, 811,  120.0,  25,  Nuc102429,  3366,  0, 0, 0, , 0, 0, 0, 0, 0,
15,  1,  15,  15,  -1,  534, 894,  120.0,  25,  Nuc144303,  4469,  0, 0, 0, , 0, 0, 0, 0, 0,
16,  1,  16,  16,  -1,  473, 891,  125.0,  25,  Nuc146837,  5368,  0, 0, 0, , 0, 0, 0, 0, 0,
17,  1,  17,  17,  -1,  328, 226,  123.0,  23,  Nuc152756,  1915,  0, 0, 0, , 0, 0, 0, 0, 0,
18,  1,  18,  18,  -1,  312, 174,  109.0,  25,  Nuc152769,  3198,  0, 0, 0, , 0, 0, 0, 0, 0,
19,  1,  19,  19,  -1,  292, 300,  144.0,  23,  Nuc152805,  1510,  0, 0, 0, , 0, 0, 0, 0, 0,
20,  1,  20,  20,  -1,  316, 252,  134.0,  23,  Nuc152845,  3849,  0, 0, 0, , 0, 0, 0, 0, 0,
21,  1,  21,  21,  -1,  684, 770,  124.0,  23,  Nuc152897,  5099,  0, 0, 0, , 0, 0, 0, 0, 0,
22,  1,  22,  22,  -1,  703, 847,  124.0,  23,  Nuc173370,  4744,  0, 0, 0, , 0, 0, 0, 0, 0,
23,  1,  23,  23,  -1,  672, 773,  145.0,  23,  Nuc190552,  4920,  0, 0, 0, , 0, 0, 0, 0, 0,
24,  1,  24,  24,  -1,  638, 829,  139.0,  23,  Nuc205685,  6078,  0, 0, 0, , 0, 0, 0, 0, 0,
25,  1,  25,  25,  -1,  830, 785,  113.0,  25,  Nuc209750,  5184,  0, 0, 0, , 0, 0, 0, 0, 0,
26,  1,  26,  26,  -1,  846, 840,  94.0,  27,  Nuc215646,  4379,  0, 0, 0, , 0, 0, 0, 0, 0,
27,  1,  27,  27,  -1,  773, 797,  122.0,  25,  Nuc230365,  5933,  0, 0, 0, , 0, 0, 0, 0, 0,
28,  1,  28,  28,  -1,  767, 857,  110.0,  25,  Nuc248260,  5350,  0, 0, 0, , 0, 0, 0, 0, 0,
29,  1,  29,  29,  -1,  794, 223,  103.0,  23,  Nuc251871,  4748,  0, 0, 0, , 0, 0, 0, 0, 0,
30,  1,  30,  30,  -1,  692, 183,  106.0,  25,  Nuc260700,  4452,  0, 0, 0, , 0, 0, 0, 0, 0,
31,  1,  31,  31,  -1,  640, 205,  124.0,  25,  Nuc264744,  4721,  0, 0, 0, , 0, 0, 0, 0, 0,
32,  1,  32,  32,  -1,  703, 218,  129.0,  23,  Nuc272768,  5035,  0, 0, 0, , 0, 0, 0, 0, 0,
33,  1,  33,  33,  -1,  551, 266,  134.0,  23,  Nuc274972,  3926,  0, 0, 0, , 0, 0, 0, 0, 0,
34,  1,  34,  34,  -1,  602, 231,  141.0,  25,  Nuc283118,  4968,  0, 0, 0, , 0, 0, 0, 0, 0,
35,  1,  35,  35,  -1,  567, 187,  122.0,  23,  Nuc293744,  3773,  0, 0, 0, , 0, 0, 0, 0, 0,
36,  1,  36,  36,  -1,  602, 138,  107.0,  25,  Nuc306820,  4011,  0, 0, 0, , 0, 0, 0, 0, 0,
37,  1,  37,  37,  -1,  885, 311,  103.0,  25,  Nuc314310,  4915,  0, 0, 0, , 0, 0, 0, 0, 0,
38,  1,  38,  38,  -1,  937, 413,  104.0,  25,  Nuc326396,  5356,  0, 0, 0, , 0, 0, 0, 0, 0,
39,  1,  39,  39,  -1,  803, 304,  123.0,  25,  Nuc343662,  4478,  0, 0, 0, , 0, 0, 0, 0, 0,
40,  1,  40,  40,  -1,  847, 360,  125.0,  23,  Nuc359673,  5725,  0, 0, 0, , 0, 0, 0, 0, 0,
41,  1,  41,  41,  -1,  766, 361,  147.0,  23,  Nuc370594,  4712,  0, 0, 0, , 0, 0, 0, 0, 0,
42,  1,  42,  42,  -1,  723, 356,  136.0,  23,  Nuc386072,  5164,  0, 0, 0, , 0, 0, 0, 0, 0,
43,  1,  43,  43,  -1,  675, 289,  133.0,  25,  Nuc406961,  4884,  0, 0, 0, , 0, 0, 0, 0, 0,
44,  1,  44,  44,  -1,  756, 269,  131.0,  25,  Nuc441231,  5171,  0, 0, 0, , 0, 0, 0, 0, 0,
45,  1,  45,  45,  -1,  411, 149,  108.0,  27,  Nuc445499,  1937,  0, 0, 0, , 0, 0, 0, 0, 0,
46,  1,  46,  46,  -1,  392, 175,  122.0,  25,  Nuc450542,  4115,  0, 0, 0, , 0, 0, 0, 0, 0,
47,  1,  47,  47,  -1,  394, 285,  126.0,  23,  Nuc451834,  2529,  0, 0, 0, , 0, 0, 0, 0, 0,
48,  1,  48,  48,  -1,  390, 226,  134.0,  23,  Nuc451845,  3530,  0, 0, 0, , 0, 0, 0, 0, 0,
49,  1,  49,  49,  -1,  495, 134,  108.0,  23,  Nuc454665,  3644,  0, 0, 0, , 0, 0, 0, 0, 0,
50,  1,  50,  50,  -1,  470, 188,  125.0,  25,  Nuc457641,  4172,  0, 0, 0, , 0, 0, 0, 0, 0,
51,  1,  51,  51,  -1,  472, 273,  131.0,  23,  Nuc460141,  2514,  0, 0, 0, , 0, 0, 0, 0, 0,
52,  1,  52,  52,  -1,  489, 196,  138.0,  23,  Nuc462371,  4053,  0, 0, 0, , 0, 0, 0, 0, 0,
53,  1,  53,  53,  -1,  897, 641,  121.0,  23,  Nuc466283,  6452,  0, 0, 0, , 0, 0, 0, 0, 0,
54,  1,  54,  54,  -1,  954, 654,  105.0,  27,  Nuc478776,  6263,  0, 0, 0, , 0, 0, 0, 0, 0,
55,  1,  55,  55,  -1,  844, 704,  124.0,  25,  Nuc497649,  5746,  0, 0, 0, , 0, 0, 0, 0, 0,
56,  1,  56,  56,  -1,  893, 741,  108.0,  25,  Nuc541228,  5593,  0, 0, 0, , 0, 0, 0, 0, 0,
57,  1,  57,  57,  -1,  796, 735,  137.0,  23,  Nuc546709,  6138,  0, 0, 0, , 0, 0, 0, 0, 0,
58,  1,  58,  58,  -1,  758, 689,  128.0,  23,  Nuc578584,  5795,  0, 0, 0, , 0, 0, 0, 0, 0,
59,  1,  59,  59,  -1,  674, 694,  147.0,  23,  Nuc606123,  6225,  0, 0, 0, , 0, 0, 0, 0, 0,
60,  1,  60,  60,  -1,  738, 728,  151.0,  23,  Nuc668702,  5833,  0, 0, 0, , 0, 0, 0, 0, 0,
61,  1,  61,  61,  -1,  431, 857,  134.0,  23,  Nuc682034,  4823,  0, 0, 0, , 0, 0, 0, 0, 0,
62,  1,  62,  62,  -1,  236, 757,  118.0,  23,  Nuc694397,  880,  0, 0, 0, , 0, 0, 0, 0, 0,
63,  1,  63,  63,  -1,  293, 815,  118.0,  25,  Nuc694402,  1747,  0, 0, 0, , 0, 0, 0, 0, 0,
64,  1,  64,  64,  -1,  344, 830,  127.0,  23,  Nuc694414,  3442,  0, 0, 0, , 0, 0, 0, 0, 0,
65,  1,  65,  -1,  -1,  397, 822,  140.0,  25,  Nuc701667,  2577,  0, 0, 0, , 0, 0, 0, 0, 0,
66,  1,  66,  65,  -1,  903, 419,  124.0,  23,  Nuc701797,  5400,  0, 0, 0, , 0, 0, 0, 0, 0,
67,  1,  67,  66,  -1,  924, 496,  120.0,  25,  Nuc727151,  5400,  0, 0, 0, , 0, 0, 0, 0, 0,
68,  1,  68,  67,  -1,  845, 423,  137.0,  23,  Nuc736759,  4910,  0, 0, 0, , 0, 0, 0, 0, 0,
69,  1,  69,  68,  -1,  860, 513,  141.0,  25,  Nuc744060,  6114,  0, 0, 0, , 0, 0, 0, 0, 0,
70,  1,  70,  69,  -1,  774, 456,  132.0,  27,  Nuc765542,  6396,  0, 0, 0, , 0, 0, 0, 0, 0,
71,  1,  71,  70,  -1,  754, 531,  143.0,  23,  Nuc777259,  5878,  0, 0, 0, , 0, 0, 0, 0, 0,
72,  1,  72,  71,  -1,  802, 482,  154.0,  23,  Nuc781814,  5563,  0, 0, 0, , 0, 0, 0, 0, 0,
73,  1,  73,  72,  -1,  728, 442,  157.0,  23,  Nuc787809,  5489,  0, 0, 0, , 0, 0, 0, 0, 0,
74,  1,  74,  73,  -1,  803, 606,  138.0,  23,  Nuc799513,  5137,  0, 0, 0, , 0, 0, 0, 0, 0,
75,  1,  75,  74,  -1,  872, 604,  140.0,  27,  Nuc846742,  6954,  0, 0, 0, , 0, 0, 0, 0, 0,
76,  1,  76,  75,  -1,  845, 579,  124.0,  27,  Nuc855277,  5273,  0, 0, 0, , 0, 0, 0, 0, 0,
77,  1,  77,  76,  -1,  926, 573,  125.0,  25,  Nuc895724,  6084,  0, 0, 0, , 0, 0, 0, 0, 0,
78,  1,  78,  77,  -1,  969, 537,  108.0,  25,  Nuc906507,  6141,  0, 0, 0, , 0, 0, 0, 0, 0,
79,  1,  79,  78,  -1,  732, 609,  135.0,  23,  Nuc911888,  5986,  0, 0, 0, , 0, 0, 0, 0, 0,
80,  1,  80,  79,  -1,  746, 642,  157.0,  23,  Nuc952987,  5786,  0, 0, 0, , 0, 0, 0, 0, 0,
81,  1,  81,  80,  -1,  808, 584,  156.0,  25,  Nuc966751,  7340,  0, 0, 0, , 0, 0, 0, 0, 0,
82,  1,  82,  81,  -1,  469, 672,  133.0,  21,  Nuc1024089,  3102,  0, 0, 0, , 0, 0, 0, 0, 0,
83,  1,  83,  82,  -1,  458, 599,  142.0,  23,  Nuc1024106,  3772,  0, 0, 0, , 0, 0, 0, 0, 0,
84,  1,  84,  83,  -1,  502, 604,  132.0,  23,  Nuc1056977,  3405,  0, 0, 0, , 0, 0, 0, 0, 0,
85,  1,  85,  84,  -1,  324, 748,  126.0,  21,  Nuc1057037,  3169,  0, 0, 0, , 0, 0, 0, 0, 0,
86,  1,  86,  85,  -1,  473, 760,  129.0,  23,  Nuc1057327,  3548,  0, 0, 0, , 0, 0, 0, 0, 0,
87,  1,  87,  86,  -1,  459, 719,  144.0,  21,  Nuc1057725,  4395,  0, 0, 0, , 0, 0, 0, 0, 0,
88,  1,  88,  87,  -1,  570, 656,  138.0,  25,  Nuc1057895,  3124,  0, 0, 0, , 0, 0, 0, 0, 0,
89,  1,  89,  88,  89,  540, 714,  129.0,  25,  Nuc1091565,  3756,  0, 0, 0, , 0, 0, 0, 0, 0,
90,  1,  90,  90,  -1,  617, 709,  135.0,  23,  Nuc1102198,  4602,  0, 0, 0, , 0, 0, 0, 0, 0,
91,  1,  91,  91,  -1,  595, 765,  126.0,  23,  Nuc1145032,  4525,  0, 0, 0, , 0, 0, 0, 0, 0,
92,  1,  92,  92,  -1,  303, 581,  144.0,  25,  Nuc1208108,  4076,  0, 0, 0, , 0, 0, 0, 0, 0,
93,  1,  93,  93,  -1,  306, 532,  146.0,  25,  Nuc1208122,  3727,  0, 0, 0, , 0, 0, 0, 0, 0,
94,  1,  94,  94,  -1,  339, 527,  159.0,  21,  Nuc1208148,  2886,  0, 0, 0, , 0, 0, 0, 0, 0,
95,  1,  95,  95,  -1,  497, 535,  137.0,  23,  Nuc1208186,  3075,  0, 0, 0, , 0, 0, 0, 0, 0,
96,  1,  96,  96,  -1,  536, 773,  144.0,  25,  Nuc1210602,  3750,  0, 0, 0, , 0, 0, 0, 0, 0,
97,  1,  97,  97,  -1,  560, 856,  140.0,  23,  Nuc1231732,  4113,  0, 0, 0, , 0, 0, 0, 0, 0,
98,  1,  98,  98,  -1,  469, 826,  144.0,  23,  Nuc1247441,  4719,  0, 0, 0, , 0, 0, 0, 0, 0,
99,  1,  99,  99,  -1,  487, 768,  161.0,  23,  Nuc1262360,  4694,  0, 0, 0, , 0, 0, 0, 0, 0,
100,  1,  100,  100,  -1,  662, 624,  133.0,  25,  Nuc1272754,  5347,  0, 0, 0, , 0, 0, 0, 0, 0,
101,  1,  101,  101,  -1,  636, 627,  151.0,  23,  Nuc1335638,  6446,  0, 0, 0, , 0, 0, 0, 0, 0,
102,  1,  102,  102,  -1,  567, 578,  141.0,  23,  Nuc1336662,  5460,  0, 0, 0, , 0, 0, 0, 0, 0,
103,  1,  103,  103,  -1,  629, 534,  137.0,  25,  Nuc1390577,  6524,  0, 0, 0, , 0, 0, 0, 0, 0,
104,  1,  104,  104,  -1,  409, 470,  148.0,  23,  Nuc1418712,  2585,  0, 0, 0, , 0, 0, 0, 0, 0,
105,  1,  105,  105,  -1,  435, 404,  147.0,  23,  Nuc1418770,  4532,  0, 0, 0, , 0, 0, 0, 0, 0,
106,  1,  106,  106,  -1,  418, 543,  147.0,  23,  Nuc1418847,  2444,  0, 0, 0, , 0, 0, 0, 0, 0,
107,  1,  107,  107,  108,  461, 506,  159.0,  23,  Nuc1419084,  5324,  0, 0, 0, , 0, 0, 0, 0, 0,
108,  1,  108,  109,  -1,  439, 340,  124.0,  29,  Nuc1426623,  1390,  0, 0, 0, , 0, 0, 0, 0, 0,
109,  1,  109,  110,  -1,  469, 392,  133.0,  23,  Nuc1426632,  1932,  0, 0, 0, , 0, 0, 0, 0, 0,
110,  1,  110,  111,  112,  426, 512,  132.0,  25,  Nuc1426645,  2963,  0, 0, 0, , 0, 0, 0, 0, 0,
111,  1,  111,  113,  -1,  473, 460,  137.0,  27,  Nuc1426658,  5042,  0, 0, 0, , 0, 0, 0, 0, 0,
112,  1,  112,  114,  -1,  475, 460,  129.0,  25,  Nuc1426665,  6962,  0, 0, 0, , 0, 0, 0, 0, 0,
113,  1,  113,  115,  116,  572, 483,  131.0,  23,  Nuc1431498,  5189,  0, 0, 0, , 0, 0, 0, 0, 0,
114,  1,  114,  117,  -1,  461, 511,  152.0,  23,  Nuc1468247,  4117,  0, 0, 0, , 0, 0, 0, 0, 0,
115,  1,  115,  118,  -1,  491, 474,  148.0,  23,  Nuc1476742,  4205,  0, 0, 0, , 0, 0, 0, 0, 0,
116,  1,  116,  -1,  -1,  557, 491,  159.0,  31,  Nuc1483162,  714,  0, 0, 0, , 0, 0, 0, 0, 0,
117,  1,  116,  119,  -1,  563, 491,  148.0,  25,  Nuc1483163,  4623,  0, 0, 0, , 0, 0, 0, 0, 0,
118,  1,  117,  120,  -1,  349, 378,  169.0,  21,  Nuc1483218,  2786,  0, 0, 0, , 0, 0, 0, 0, 0,
119,  1,  118,  121,  -1,  297, 460,  162.0,  21,  Nuc1492461,  3505,  0, 0, 0, , 0, 0, 0, 0, 0,
120,  1,  118,  122,  -1,  362, 441,  164.0,  23,  Nuc1492996,  3569,  0, 0, 0, , 0, 0, 0, 0, 0,
121,  1,  119,  123,  -1,  449, 327,  169.0,  23,  Nuc1493218,  3852,  0, 0, 0, , 0, 0, 0, 0, 0,
122,  1,  120,  124,  -1,  407, 354,  159.0,  21,  Nuc1493589,  3605,  0, 0, 0, , 0, 0, 0, 0, 0,
123,  1,  121,  125,  -1,  375, 292,  146.0,  21,  Nuc1494714,  2049,  0, 0, 0, , 0, 0, 0, 0, 0,
124,  1,  122,  126,  -1,  429, 247,  151.0,  23,  Nuc1496360,  3952,  0, 0, 0, , 0, 0, 0, 0, 0,
125,  1,  123,  127,  -1,  644, 327,  157.0,  23,  Nuc1500720,  4535,  0, 0, 0, , 0, 0, 0, 0, 0,
126,  1,  124,  128,  -1,  647, 408,  149.0,  23,  Nuc1508331,  4400,  0, 0, 0, , 0, 0, 0, 0, 0,
127,  1,  125,  129,  -1,  561, 411,  138.0,  23,  Nuc1514863,  3764,  0, 0, 0, , 0, 0, 0, 0, 0,
128,  1,  126,  130,  -1,  605, 336,  135.0,  23,  Nuc1545756,  4349,  0, 0, 0, , 0, 0, 0, 0, 0,
129,  1,  127,  131,  -1,  490, 331,  147.0,  23,  Nuc1553356,  4995,  0, 0, 0, , 0, 0, 0, 0, 0,
130,  1,  128,  132,  -1,  519, 256,  152.0,  21,  Nuc1572624,  4047,  0, 0, 0, , 0, 0, 0, 0, 0,
131,  1,  129,  133,  -1,  581, 305,  164.0,  23,  Nuc1577608,  3794,  0, 0, 0, , 0, 0, 0, 0, 0,
132,  1,  130,  134,  -1,  521, 357,  164.0,  23,  Nuc1584278,  4834,  0, 0, 0, , 0, 0, 0, 0, 0,
133,  1,  131,  135,  -1,  642, 471,  146.0,  23,  Nuc1584577,  3209,  0, 0, 0, , 0, 0, 0, 0, 0,
134,  1,  132,  136,  -1,  693, 434,  133.0,  23,  Nuc1622749,  4253,  0, 0, 0, , 0, 0, 0, 0, 0,
135,  1,  133,  137,  -1,  662, 527,  160.0,  23,  Nuc1640568,  9977,  0, 0, 0, , 0, 0, 0, 0, 0,
136,  1,  134,  138,  -1,  637, 541,  150.0,  23,  Nuc1643515,  6468,  0, 0, 0, , 0, 0, 0, 0, 0,
137,  1,  135,  139,  -1,  692, 576,  156.0,  25,  Nuc1703084,  6271,  0, 0, 0, , 0, 0, 0, 0, 0,
138,  1,  136,  140,  -1,  675, 560,  143.0,  23,  Nuc1707946,  9012,  0, 0, 0, , 0, 0, 0, 0, 0,
139,  1,  137,  141,  -1,  547, 537,  155.0,  25,  Nuc1740610,  7398,  0, 0, 0, , 0, 0, 0, 0, 0,
140,  1,  138,  142,  -1,  521, 591,  152.0,  25,  Nuc1754946,  6928,  0, 0, 0, , 0, 0, 0, 0, 0,
141,  1,  139,  143,  144,  455, 445,  164.0,  23,  Nuc1759755,  6881,  0, 0, 0, , 0, 0, 0, 0, 0,
142,  1,  140,  145,  -1,  500, 499,  164.0,  23,  Nuc1772007,  8561,  0, 0, 0, , 0, 0, 0, 0, 0,
143,  1,  141,  146,  -1,  482, 552,  161.0,  23,  Nuc1773063,  3021,  0, 0, 0, , 0, 0, 0, 0, 0,
144,  1,  142,  147,  -1,  408, 490,  169.0,  21,  Nuc1773100,  1844,  0, 0, 0, , 0, 0, 0, 0, 0,
145,  1,  143,  148,  -1,  414, 703,  165.0,  23,  Nuc1773169,  4293,  0, 0, 0, , 0, 0, 0, 0, 0,
146,  1,  144,  149,  150,  300, 620,  155.0,  23,  Nuc1784066,  2634,  0, 0, 0, , 0, 0, 0, 0, 0,
147,  1,  145,  151,  152,  334, 665,  152.0,  21,  Nuc1784104,  2526,  0, 0, 0, , 0, 0, 0, 0, 0,
148,  1,  147,  153,  -1,  424, 590,  170.0,  23,  Nuc1785256,  4857,  0, 0, 0, , 0, 0, 0, 0, 0,
149,  1,  148,  154,  -1,  363, 601,  159.0,  25,  Nuc1793816,  376,  0, 0, 0, , 0, 0, 0, 0, 0,
150,  1,  149,  155,  -1,  364, 641,  176.0,  23,  Nuc1793831,  4763,  0, 0, 0, , 0, 0, 0, 0, 0,
151,  1,  150,  156,  -1,  434, 406,  178.0,  23,  Nuc1794110,  5886,  0, 0, 0, , 0, 0, 0, 0, 0,
152,  1,  151,  157,  -1,  543, 400,  177.0,  23,  Nuc1794455,  5271,  0, 0, 0, , 0, 0, 0, 0, 0,
153,  1,  152,  158,  -1,  620, 438,  172.0,  23,  Nuc1800320,  6283,  0, 0, 0, , 0, 0, 0, 0, 0,
154,  1,  153,  159,  -1,  690, 405,  165.0,  23,  Nuc1848864,  5907,  0, 0, 0, , 0, 0, 0, 0, 0,
155,  1,  154,  160,  -1,  684, 495,  171.0,  23,  Nuc1850294,  9892,  0, 0, 0, , 0, 0, 0, 0, 0,
156,  1,  155,  161,  -1,  739, 504,  168.0,  25,  Nuc1858776,  10466,  0, 0, 0, , 0, 0, 0, 0, 0,
157,  1,  156,  162,  -1,  658, 575,  170.0,  23,  Nuc1862206,  4074,  0, 0, 0, , 0, 0, 0, 0, 0,
158,  1,  157,  163,  -1,  729, 547,  162.0,  23,  Nuc1867420,  8900,  0, 0, 0, , 0, 0, 0, 0, 0,
159,  1,  158,  164,  -1,  734, 584,  168.0,  23,  Nuc1868186,  9678,  0, 0, 0, , 0, 0, 0, 0, 0,
160,  1,  159,  165,  -1,  447, 683,  177.0,  23,  Nuc1869382,  4634,  0, 0, 0, , 0, 0, 0, 0, 0,
161,  1,  160,  166,  -1,  611, 717,  164.0,  23,  Nuc1869989,  5966,  0, 0, 0, , 0, 0, 0, 0, 0,
162,  1,  161,  167,  -1,  595, 766,  159.0,  23,  Nuc1871444,  6103,  0, 0, 0, , 0, 0, 0, 0, 0,
163,  1,  162,  168,  -1,  536, 670,  175.0,  21,  Nuc1883033,  5732,  0, 0, 0, , 0, 0, 0, 0, 0,
164,  1,  163,  169,  -1,  517, 727,  171.0,  23,  Nuc1889448,  5906,  0, 0, 0, , 0, 0, 0, 0, 0,
165,  1,  164,  170,  -1,  656, 660,  168.0,  21,  Nuc1892145,  5982,  0, 0, 0, , 0, 0, 0, 0, 0,
166,  1,  165,  171,  172,  575, 600,  179.0,  23,  Nuc1921270,  6692,  0, 0, 0, , 0, 0, 0, 0, 0,
167,  1,  166,  173,  -1,  577, 495,  182.0,  23,  Nuc1922072,  5156,  0, 0, 0, , 0, 0, 0, 0, 0,
168,  1,  167,  174,  -1,  636, 536,  176.0,  23,  Nuc1922172,  6079,  0, 0, 0, , 0, 0, 0, 0, 0,
169,  1,  168,  175,  176,  445, 619,  183.0,  23,  Nuc1923288,  4352,  0, 0, 0, , 0, 0, 0, 0, 0,
170,  1,  169,  177,  -1,  456, 646,  159.0,  23,  Nuc1934262,  5135,  0, 0, 0, , 0, 0, 0, 0, 0,
171,  1,  170,  178,  -1,  524, 667,  155.0,  23,  Nuc1943215,  2565,  0, 0, 0, , 0, 0, 0, 0, 0,
172,  1,  171,  179,  -1,  510, 600,  170.0,  23,  Nuc1950048,  5444,  0, 0, 0, , 0, 0, 0, 0, 0,
173,  1,  172,  180,  -1,  416, 546,  184.0,  23,  Nuc1953724,  3876,  0, 0, 0, , 0, 0, 0, 0, 0,
174,  1,  173,  181,  -1,  369, 481,  182.0,  23,  Nuc1954695,  3731,  0, 0, 0, , 0, 0, 0, 0, 0,
175,  1,  174,  182,  -1,  498, 566,  183.0,  27,  Nuc1954931,  6497,  0, 0, 0, , 0, 0, 0, 0, 0,
176,  1,  175,  183,  -1,  534, 539,  177.0,  23,  Nuc1955367,  7448,  0, 0, 0, , 0, 0, 0, 0, 0,
177,  1,  176,  184,  -1,  505, 468,  181.0,  25,  Nuc1968430,  7228,  0, 0, 0, , 0, 0, 0, 0, 0,
178,  1,  177,  185,  -1,  458, 507,  183.0,  23,  Nuc1968592,  5733,  0, 0, 0, , 0, 0, 0, 0, 0,
179,  1,  178,  186,  -1,  565, 602,  170.0,  25,  Nuc1968816,  1572,  0, 0, 0, , 0, 0, 0, 0, 0,
180,  1,  179,  187,  -1,  586, 604,  161.0,  23,  Nuc1968829,  6401,  0, 0, 0, , 0, 0, 0, 0, 0,
181,  1,  180,  188,  -1,  404, 760,  156.0,  23,  Nuc2009237,  4050,  0, 0, 0, , 0, 0, 0, 0, 0,
182,  1,  181,  189,  -1,  392, 789,  126.0,  23,  Nuc2012719,  2807,  0, 0, 0, , 0, 0, 0, 0, 0,
183,  1,  182,  190,  -1,  538, 522,  168.0,  25,  Nuc2012764,  1570,  0, 0, 0, , 0, 0, 0, 0, 0,
184,  1,  183,  191,  -1,  555, 487,  169.0,  21,  Nuc2012777,  7359,  0, 0, 0, , 0, 0, 0, 0, 0,
185,  1,  184,  192,  -1,  540, 433,  159.0,  23,  Nuc2021736,  5949,  0, 0, 0, , 0, 0, 0, 0, 0,
186,  1,  185,  193,  -1,  581, 522,  170.0,  29,  Nuc2034677,  5878,  0, 0, 0, , 0, 0, 0, 0, 0,
187,  1,  186,  194,  -1,  608, 524,  163.0,  21,  Nuc2034824,  5286,  0, 0, 0, , 0, 0, 0, 0, 0,
188,  1,  187,  195,  -1,  322, 465,  148.0,  21,  Nuc2064287,  3288,  0, 0, 0, , 0, 0, 0, 0, 0,
189,  1,  188,  196,  -1,  309, 394,  157.0,  21,  Nuc2064484,  3218,  0, 0, 0, , 0, 0, 0, 0, 0,
190,  1,  190,  197,  -1,  343, 344,  147.0,  21,  Nuc2064503,  2296,  0, 0, 0, , 0, 0, 0, 0, 0,
191,  1,  191,  198,  -1,  260, 744,  127.0,  23,  Nuc2064549,  3067,  0, 0, 0, , 0, 0, 0, 0, 0,
192,  1,  192,  199,  -1,  287, 732,  142.0,  25,  Nuc2064564,  2193,  0, 0, 0, , 0, 0, 0, 0, 0,
193,  1,  193,  200,  -1,  258, 686,  148.0,  23,  Nuc2064692,  1720,  0, 0, 0, , 0, 0, 0, 0, 0,
194,  1,  194,  201,  -1,  259, 637,  156.0,  23,  Nuc2064705,  5474,  0, 0, 0, , 0, 0, 0, 0, 0,
195,  1,  195,  202,  -1,  440, 339,  134.0,  23,  Nuc2064808,  3026,  0, 0, 0, , 0, 0, 0, 0, 0,
196,  1,  197,  203,  204,  379, 367,  131.0,  23,  Nuc2070273,  3461,  0, 0, 0, , 0, 0, 0, 0, 0,
197,  1,  198,  205,  -1,  279, 581,  160.0,  23,  Nuc2070359,  3387,  0, 0, 0, , 0, 0, 0, 0, 0,
198,  1,  199,  206,  -1,  363, 553,  174.0,  23,  Nuc2070726,  1742,  0, 0, 0, , 0, 0, 0, 0, 0,
199,  1,  200,  207,  -1,  301, 544,  171.0,  23,  Nuc2070744,  2607,  0, 0, 0, , 0, 0, 0, 0, 0,
200,  1,  201,  208,  -1,  386, 828,  110.0,  23,  Nuc2070759,  1912,  0, 0, 0, , 0, 0, 0, 0, 0,
201,  1,  202,  209,  -1,  324, 883,  98.0,  25,  Nuc2070764,  1654,  0, 0, 0, , 0, 0, 0, 0, 0,
202,  1,  203,  210,  -1,  386, 893,  104.0,  23,  Nuc2070773,  4035,  0, 0, 0, , 0, 0, 0, 0, 0,
203,  1,  204,  211,  -1,  376, 930,  90.0,  23,  Nuc2080657,  2592,  0, 0, 0, , 0, 0, 0, 0, 0,
204,  1,  205,  212,  -1,  296, 586,  133.0,  25,  Nuc2080693,  2673,  0, 0, 0, , 0, 0, 0, 0, 0,
205,  1,  206,  213,  -1,  310, 647,  136.0,  23,  Nuc2080700,  940,  0, 0, 0, , 0, 0, 0, 0, 0,
206,  1,  207,  214,  -1,  364, 697,  135.0,  23,  Nuc2080716,  3239,  0, 0, 0, , 0, 0, 0, 0, 0,
207,  1,  208,  215,  -1,  358, 504,  137.0,  23,  Nuc2080792,  3263,  0, 0, 0, , 0, 0, 0, 0, 0,
208,  1,  209,  216,  -1,  378, 564,  138.0,  23,  Nuc2080802,  3360,  0, 0, 0, , 0, 0, 0, 0, 0,
209,  1,  211,  -1,  -1,  249, 362,  142.0,  23,  Nuc2080826,  1789,  0, 0, 0, , 0, 0, 0, 0, 0,
210,  1,  212,  217,  -1,  205, 410,  142.0,  25,  Nuc2080829,  2954,  0, 0, 0, , 0, 0, 0, 0, 0,
211,  1,  213,  218,  -1,  296, 461,  168.0,  23,  Nuc2081054,  3870,  0, 0, 0, , 0, 0, 0, 0, 0,
212,  1,  214,  219,  -1,  392, 873,  119.0,  23,  Nuc2084892,  3733,  0, 0, 0, , 0, 0, 0, 0, 0,
213,  1,  215,  220,  -1,  231, 312,  133.0,  23,  Nuc2088399,  2519,  0, 0, 0, , 0, 0, 0, 0, 0,
214,  1,  216,  221,  -1,  295, 349,  129.0,  23,  Nuc2088410,  3385,  0, 0, 0, , 0, 0, 0, 0, 0,
215,  1,  217,  222,  -1,  298, 405,  137.0,  23,  Nuc2088426,  3287,  0, 0, 0, , 0, 0, 0, 0, 0,
216,  1,  218,  223,  -1,  227, 561,  144.0,  23,  Nuc2088446,  3907,  0, 0, 0, , 0, 0, 0, 0, 0,
217,  1,  219,  224,  -1,  227, 615,  142.0,  23,  Nuc2088461,  877,  0, 0, 0, , 0, 0, 0, 0, 0,
218,  1,  219,  225,  -1,  242, 623,  130.0,  27,  Nuc2088475,  1126,  0, 0, 0, , 0, 0, 0, 0, 0,
219,  1,  220,  226,  -1,  199, 657,  130.0,  23,  Nuc2088484,  1536,  0, 0, 0, , 0, 0, 0, 0, 0,
220,  1,  221,  227,  -1,  253, 507,  155.0,  23,  Nuc2088498,  1905,  0, 0, 0, , 0, 0, 0, 0, 0,
