1,  1,  1,  1,  -1,  531, 962,  86.0,  25,  Nuc52,  3288,  0, 0, 0, , 0, 0, 0, 0, 0,
2,  1,  2,  2,  -1,  447, 947,  85.0,  25,  Nuc7219,  2751,  0, 0, 0, , 0, 0, 0, 0, 0,
3,  1,  3,  3,  -1,  464, 880,  105.0,  23,  Nuc9510,  4286,  0, 0, 0, , 0, 0, 0, 0, 0,
4,  1,  4,  4,  -1,  458, 929,  106.0,  23,  Nuc26072,  3778,  0, 0, 0, , 0, 0, 0, 0, 0,
5,  1,  5,  5,  -1,  735, 905,  96.0,  25,  Nuc29659,  4155,  0, 0, 0, , 0, 0, 0, 0, 0,
6,  1,  6,  6,  -1,  676, 893,  107.0,  25,  Nuc37570,  4888,  0, 0, 0, , 0, 0, 0, 0, 0,
7,  1,  7,  7,  -1,  607, 931,  97.0,  25,  Nuc47874,  3825,  0, 0, 0, , 0, 0, 0, 0, 0,
8,  1,  8,  8,  -1,  653, 958,  81.0,  27,  Nuc51545,  4136,  0, 0, 0, , 0, 0, 0, 0, 0,
9,  1,  9,  9,  -1,  632, 871,  124.0,  23,  Nuc63971,  3922,  0, 0, 0, , 0, 0, 0, 0, 0,
10,  1,  10,  10,  -1,  581, 833,  116.0,  23,  Nuc65763,  3248,  0, 0, 0, , 0, 0, 0, 0, 0,
11,  1,  11,  11,  -1,  528, 911,  100.0,  23,  Nuc69332,  4390,  0, 0, 0, , 0, 0, 0, 0, 0,
12,  1,  12,  12,  -1,  591, 909,  112.0,  25,  Nuc73715,  4109,  0, 0, 0, , 0, 0, 0, 0, 0,
13,  1,  13,  13,  -1,  457, 830,  117.0,  23,  Nuc90582,  2830,  0, 0, 0, , 0, 0, 0, 0, 0,
14,  1,  14,  14,  -1,  510, 810,  120.0,  23,  Nuc102430,  2877,  0, 0, 0, , 0, 0, 0, 0, 0,
15,  1,  15,  15,  -1,  531, 891,  119.0,  23,  Nuc144304,  2976,  0, 0, 0, , 0, 0, 0, 0, 0,
16,  1,  16,  16,  -1,  474, 891,  126.0,  23,  Nuc146838,  4001,  0, 0, 0, , 0, 0, 0, 0, 0,
17,  1,  17,  17,  -1,  329, 225,  123.0,  27,  Nuc152757,  1617,  0, 0, 0, , 0, 0, 0, 0, 0,
18,  1,  18,  18,  -1,  313, 174,  110.0,  25,  Nuc152770,  2899,  0, 0, 0, , 0, 0, 0, 0, 0,
19,  1,  19,  19,  -1,  288, 297,  144.0,  23,  Nuc152806,  1151,  0, 0, 0, , 0, 0, 0, 0, 0,
20,  1,  20,  20,  -1,  314, 250,  133.0,  21,  Nuc152846,  3010,  0, 0, 0, , 0, 0, 0, 0, 0,
21,  1,  21,  21,  -1,  684, 771,  124.0,  23,  Nuc152898,  3956,  0, 0, 0, , 0, 0, 0, 0, 0,
22,  1,  22,  22,  -1,  703, 844,  124.0,  23,  Nuc173371,  4761,  0, 0, 0, , 0, 0, 0, 0, 0,
23,  1,  23,  23,  -1,  671, 772,  145.0,  23,  Nuc190553,  4835,  0, 0, 0, , 0, 0, 0, 0, 0,
24,  1,  24,  24,  -1,  639, 824,  139.0,  21,  Nuc205686,  5266,  0, 0, 0, , 0, 0, 0, 0, 0,
25,  1,  25,  25,  -1,  830, 785,  113.0,  25,  Nuc209751,  5318,  0, 0, 0, , 0, 0, 0, 0, 0,
26,  1,  26,  26,  -1,  846, 835,  94.0,  27,  Nuc215647,  4544,  0, 0, 0, , 0, 0, 0, 0, 0,
27,  1,  27,  27,  -1,  773, 795,  121.0,  25,  Nuc230366,  4774,  0, 0, 0, , 0, 0, 0, 0, 0,
28,  1,  28,  28,  -1,  768, 854,  111.0,  25,  Nuc248261,  5845,  0, 0, 0, , 0, 0, 0, 0, 0,
29,  1,  29,  29,  -1,  794, 219,  102.0,  25,  Nuc251872,  4030,  0, 0, 0, , 0, 0, 0, 0, 0,
30,  1,  30,  30,  -1,  690, 180,  105.0,  25,  Nuc260701,  3923,  0, 0, 0, , 0, 0, 0, 0, 0,
31,  1,  31,  31,  -1,  641, 203,  124.0,  23,  Nuc264745,  4250,  0, 0, 0, , 0, 0, 0, 0, 0,
32,  1,  32,  32,  -1,  703, 215,  128.0,  25,  Nuc272769,  5058,  0, 0, 0, , 0, 0, 0, 0, 0,
33,  1,  33,  33,  -1,  558, 265,  134.0,  21,  Nuc274973,  3794,  0, 0, 0, , 0, 0, 0, 0, 0,
34,  1,  34,  34,  -1,  604, 232,  141.0,  21,  Nuc283119,  4233,  0, 0, 0, , 0, 0, 0, 0, 0,
35,  1,  35,  35,  -1,  567, 188,  122.0,  25,  Nuc293745,  3716,  0, 0, 0, , 0, 0, 0, 0, 0,
36,  1,  36,  36,  -1,  601, 136,  107.0,  25,  Nuc306821,  4040,  0, 0, 0, , 0, 0, 0, 0, 0,
37,  1,  37,  37,  -1,  885, 309,  103.0,  25,  Nuc314311,  4766,  0, 0, 0, , 0, 0, 0, 0, 0,
38,  1,  38,  38,  -1,  939, 411,  104.0,  25,  Nuc326397,  4808,  0, 0, 0, , 0, 0, 0, 0, 0,
39,  1,  39,  39,  -1,  803, 303,  123.0,  23,  Nuc343663,  4644,  0, 0, 0, , 0, 0, 0, 0, 0,
40,  1,  40,  40,  -1,  845, 357,  124.0,  23,  Nuc359674,  4651,  0, 0, 0, , 0, 0, 0, 0, 0,
41,  1,  41,  41,  -1,  765, 360,  147.0,  23,  Nuc370595,  4571,  0, 0, 0, , 0, 0, 0, 0, 0,
42,  1,  42,  42,  -1,  725, 351,  136.0,  23,  Nuc386073,  4674,  0, 0, 0, , 0, 0, 0, 0, 0,
43,  1,  43,  43,  -1,  676, 286,  132.0,  23,  Nuc406962,  4152,  0, 0, 0, , 0, 0, 0, 0, 0,
44,  1,  44,  44,  -1,  755, 264,  131.0,  23,  Nuc441232,  4304,  0, 0, 0, , 0, 0, 0, 0, 0,
45,  1,  45,  45,  -1,  410, 148,  107.0,  27,  Nuc445500,  2679,  0, 0, 0, , 0, 0, 0, 0, 0,
46,  1,  46,  46,  -1,  393, 172,  121.0,  27,  Nuc450543,  3810,  0, 0, 0, , 0, 0, 0, 0, 0,
47,  1,  47,  47,  -1,  400, 281,  125.0,  21,  Nuc451835,  2102,  0, 0, 0, , 0, 0, 0, 0, 0,
48,  1,  48,  48,  -1,  389, 222,  133.0,  21,  Nuc451846,  2871,  0, 0, 0, , 0, 0, 0, 0, 0,
49,  1,  49,  49,  -1,  494, 134,  109.0,  23,  Nuc454666,  3778,  0, 0, 0, , 0, 0, 0, 0, 0,
50,  1,  50,  50,  -1,  470, 188,  124.0,  23,  Nuc457642,  4203,  0, 0, 0, , 0, 0, 0, 0, 0,
51,  1,  51,  51,  -1,  480, 269,  131.0,  23,  Nuc460142,  2355,  0, 0, 0, , 0, 0, 0, 0, 0,
52,  1,  52,  52,  -1,  489, 193,  138.0,  23,  Nuc462372,  3486,  0, 0, 0, , 0, 0, 0, 0, 0,
53,  1,  53,  53,  -1,  895, 640,  121.0,  27,  Nuc466284,  5718,  0, 0, 0, , 0, 0, 0, 0, 0,
54,  1,  54,  54,  -1,  951, 651,  106.0,  25,  Nuc478777,  6222,  0, 0, 0, , 0, 0, 0, 0, 0,
55,  1,  55,  55,  -1,  843, 701,  125.0,  23,  Nuc497650,  5360,  0, 0, 0, , 0, 0, 0, 0, 0,
56,  1,  56,  56,  -1,  895, 738,  109.0,  27,  Nuc541229,  6066,  0, 0, 0, , 0, 0, 0, 0, 0,
57,  1,  57,  57,  -1,  797, 735,  136.0,  23,  Nuc546710,  5219,  0, 0, 0, , 0, 0, 0, 0, 0,
58,  1,  58,  58,  -1,  758, 689,  128.0,  23,  Nuc578585,  5231,  0, 0, 0, , 0, 0, 0, 0, 0,
59,  1,  59,  59,  -1,  674, 693,  147.0,  23,  Nuc606124,  5833,  0, 0, 0, , 0, 0, 0, 0, 0,
60,  1,  60,  60,  -1,  741, 728,  151.0,  23,  Nuc668703,  5824,  0, 0, 0, , 0, 0, 0, 0, 0,
61,  1,  61,  61,  62,  433, 855,  133.0,  23,  Nuc682035,  3841,  0, 0, 0, , 0, 0, 0, 0, 0,
62,  1,  62,  -1,  -1,  238, 756,  118.0,  25,  Nuc694398,  624,  0, 0, 0, , 0, 0, 0, 0, 0,
63,  1,  63,  63,  -1,  293, 816,  118.0,  25,  Nuc694403,  2186,  0, 0, 0, , 0, 0, 0, 0, 0,
64,  1,  64,  64,  -1,  342, 826,  126.0,  23,  Nuc694415,  3084,  0, 0, 0, , 0, 0, 0, 0, 0,
65,  1,  66,  65,  -1,  904, 417,  123.0,  23,  Nuc701798,  4678,  0, 0, 0, , 0, 0, 0, 0, 0,
66,  1,  67,  66,  -1,  922, 493,  120.0,  23,  Nuc727152,  4130,  0, 0, 0, , 0, 0, 0, 0, 0,
67,  1,  68,  67,  -1,  846, 421,  136.0,  23,  Nuc736760,  5251,  0, 0, 0, , 0, 0, 0, 0, 0,
68,  1,  69,  68,  -1,  860, 508,  141.0,  23,  Nuc744061,  5033,  0, 0, 0, , 0, 0, 0, 0, 0,
69,  1,  70,  69,  -1,  775, 453,  132.0,  23,  Nuc765543,  5195,  0, 0, 0, , 0, 0, 0, 0, 0,
70,  1,  71,  70,  -1,  753, 524,  143.0,  23,  Nuc777260,  5116,  0, 0, 0, , 0, 0, 0, 0, 0,
71,  1,  72,  71,  -1,  801, 479,  153.0,  21,  Nuc781815,  5933,  0, 0, 0, , 0, 0, 0, 0, 0,
72,  1,  73,  72,  -1,  727, 440,  156.0,  23,  Nuc787810,  5517,  0, 0, 0, , 0, 0, 0, 0, 0,
73,  1,  74,  73,  -1,  801, 605,  139.0,  23,  Nuc799514,  4709,  0, 0, 0, , 0, 0, 0, 0, 0,
74,  1,  75,  74,  -1,  871, 605,  140.0,  23,  Nuc846743,  6138,  0, 0, 0, , 0, 0, 0, 0, 0,
75,  1,  76,  75,  -1,  842, 572,  125.0,  23,  Nuc855278,  4770,  0, 0, 0, , 0, 0, 0, 0, 0,
76,  1,  77,  76,  -1,  925, 570,  125.0,  25,  Nuc895725,  6475,  0, 0, 0, , 0, 0, 0, 0, 0,
77,  1,  78,  77,  -1,  968, 535,  108.0,  25,  Nuc906508,  5350,  0, 0, 0, , 0, 0, 0, 0, 0,
78,  1,  79,  78,  -1,  732, 603,  136.0,  23,  Nuc911889,  5822,  0, 0, 0, , 0, 0, 0, 0, 0,
79,  1,  80,  79,  -1,  746, 639,  157.0,  23,  Nuc952988,  5696,  0, 0, 0, , 0, 0, 0, 0, 0,
80,  1,  81,  80,  -1,  811, 581,  156.0,  21,  Nuc966752,  5949,  0, 0, 0, , 0, 0, 0, 0, 0,
81,  1,  82,  81,  -1,  472, 673,  133.0,  23,  Nuc1024090,  3053,  0, 0, 0, , 0, 0, 0, 0, 0,
82,  1,  83,  82,  -1,  461, 596,  140.0,  23,  Nuc1024107,  3129,  0, 0, 0, , 0, 0, 0, 0, 0,
83,  1,  84,  83,  -1,  502, 602,  132.0,  23,  Nuc1056978,  3324,  0, 0, 0, , 0, 0, 0, 0, 0,
84,  1,  85,  84,  -1,  324, 746,  128.0,  21,  Nuc1057038,  1552,  0, 0, 0, , 0, 0, 0, 0, 0,
85,  1,  86,  85,  -1,  469, 760,  129.0,  23,  Nuc1057328,  2992,  0, 0, 0, , 0, 0, 0, 0, 0,
86,  1,  87,  86,  -1,  461, 716,  143.0,  23,  Nuc1057726,  4238,  0, 0, 0, , 0, 0, 0, 0, 0,
87,  1,  88,  87,  -1,  572, 656,  137.0,  25,  Nuc1057896,  1881,  0, 0, 0, , 0, 0, 0, 0, 0,
88,  1,  89,  88,  -1,  475, 674,  126.0,  27,  Nuc1091566,  816,  0, 0, 0, , 0, 0, 0, 0, 0,
89,  1,  89,  89,  -1,  542, 710,  129.0,  27,  Nuc1091571,  2893,  0, 0, 0, , 0, 0, 0, 0, 0,
90,  1,  90,  90,  -1,  617, 710,  135.0,  23,  Nuc1102199,  4432,  0, 0, 0, , 0, 0, 0, 0, 0,
91,  1,  91,  91,  -1,  597, 763,  126.0,  23,  Nuc1145033,  4207,  0, 0, 0, , 0, 0, 0, 0, 0,
92,  1,  92,  92,  -1,  300, 583,  143.0,  21,  Nuc1208109,  3194,  0, 0, 0, , 0, 0, 0, 0, 0,
93,  1,  93,  93,  94,  307, 532,  146.0,  25,  Nuc1208123,  4723,  0, 0, 0, , 0, 0, 0, 0, 0,
94,  1,  94,  95,  -1,  340, 524,  160.0,  21,  Nuc1208149,  1677,  0, 0, 0, , 0, 0, 0, 0, 0,
95,  1,  95,  96,  -1,  496, 532,  137.0,  23,  Nuc1208187,  2956,  0, 0, 0, , 0, 0, 0, 0, 0,
96,  1,  96,  97,  -1,  539, 771,  143.0,  23,  Nuc1210603,  3335,  0, 0, 0, , 0, 0, 0, 0, 0,
97,  1,  97,  98,  -1,  559, 856,  141.0,  23,  Nuc1231733,  3771,  0, 0, 0, , 0, 0, 0, 0, 0,
98,  1,  98,  99,  -1,  471, 824,  145.0,  23,  Nuc1247442,  4007,  0, 0, 0, , 0, 0, 0, 0, 0,
99,  1,  99,  100,  -1,  486, 766,  161.0,  23,  Nuc1262361,  4788,  0, 0, 0, , 0, 0, 0, 0, 0,
100,  1,  100,  101,  -1,  658, 620,  132.0,  23,  Nuc1272755,  4033,  0, 0, 0, , 0, 0, 0, 0, 0,
101,  1,  101,  102,  -1,  635, 625,  150.0,  23,  Nuc1335639,  5395,  0, 0, 0, , 0, 0, 0, 0, 0,
102,  1,  102,  103,  -1,  568, 572,  140.0,  23,  Nuc1336663,  4648,  0, 0, 0, , 0, 0, 0, 0, 0,
103,  1,  103,  104,  -1,  631, 532,  136.0,  23,  Nuc1390578,  4678,  0, 0, 0, , 0, 0, 0, 0, 0,
104,  1,  104,  105,  -1,  409, 469,  147.0,  23,  Nuc1418713,  2682,  0, 0, 0, , 0, 0, 0, 0, 0,
105,  1,  105,  106,  -1,  437, 402,  146.0,  23,  Nuc1418771,  4423,  0, 0, 0, , 0, 0, 0, 0, 0,
106,  1,  106,  107,  -1,  416, 542,  147.0,  23,  Nuc1418848,  3252,  0, 0, 0, , 0, 0, 0, 0, 0,
107,  1,  107,  108,  -1,  457, 516,  168.0,  23,  Nuc1419085,  1001,  0, 0, 0, , 0, 0, 0, 0, 0,
108,  1,  107,  -1,  -1,  461, 503,  159.0,  23,  Nuc1426606,  5605,  0, 0, 0, , 0, 0, 0, 0, 0,
109,  1,  108,  109,  110,  442, 335,  124.0,  29,  Nuc1426624,  1841,  0, 0, 0, , 0, 0, 0, 0, 0,
110,  1,  109,  111,  -1,  472, 388,  133.0,  23,  Nuc1426633,  1915,  0, 0, 0, , 0, 0, 0, 0, 0,
111,  1,  110,  112,  -1,  359, 500,  130.0,  25,  Nuc1426646,  3061,  0, 0, 0, , 0, 0, 0, 0, 0,
112,  1,  110,  113,  -1,  429, 510,  131.0,  23,  Nuc1426649,  1764,  0, 0, 0, , 0, 0, 0, 0, 0,
113,  1,  111,  114,  -1,  474, 457,  133.0,  23,  Nuc1426659,  5970,  0, 0, 0, , 0, 0, 0, 0, 0,
114,  1,  112,  115,  -1,  474, 456,  128.0,  23,  Nuc1426666,  4870,  0, 0, 0, , 0, 0, 0, 0, 0,
115,  1,  113,  -1,  -1,  576, 481,  125.0,  25,  Nuc1431499,  3561,  0, 0, 0, , 0, 0, 0, 0, 0,
116,  1,  113,  116,  -1,  575, 481,  132.0,  21,  Nuc1431500,  4528,  0, 0, 0, , 0, 0, 0, 0, 0,
117,  1,  114,  117,  -1,  462, 506,  154.0,  23,  Nuc1468248,  5253,  0, 0, 0, , 0, 0, 0, 0, 0,
118,  1,  115,  118,  -1,  492, 470,  146.0,  23,  Nuc1476743,  3098,  0, 0, 0, , 0, 0, 0, 0, 0,
119,  1,  117,  119,  -1,  567, 495,  147.0,  23,  Nuc1483164,  4052,  0, 0, 0, , 0, 0, 0, 0, 0,
120,  1,  118,  120,  -1,  348, 376,  169.0,  21,  Nuc1483219,  3163,  0, 0, 0, , 0, 0, 0, 0, 0,
121,  1,  119,  121,  -1,  295, 459,  163.0,  21,  Nuc1492462,  3611,  0, 0, 0, , 0, 0, 0, 0, 0,
122,  1,  120,  122,  -1,  362, 438,  164.0,  23,  Nuc1492997,  4155,  0, 0, 0, , 0, 0, 0, 0, 0,
123,  1,  121,  123,  -1,  451, 324,  169.0,  23,  Nuc1493219,  3500,  0, 0, 0, , 0, 0, 0, 0, 0,
124,  1,  122,  124,  -1,  405, 352,  159.0,  23,  Nuc1493590,  3514,  0, 0, 0, , 0, 0, 0, 0, 0,
125,  1,  123,  125,  -1,  377, 288,  146.0,  23,  Nuc1494715,  2215,  0, 0, 0, , 0, 0, 0, 0, 0,
126,  1,  124,  126,  -1,  428, 243,  151.0,  23,  Nuc1496361,  3896,  0, 0, 0, , 0, 0, 0, 0, 0,
127,  1,  125,  127,  -1,  648, 327,  158.0,  23,  Nuc1500721,  4413,  0, 0, 0, , 0, 0, 0, 0, 0,
128,  1,  126,  128,  -1,  643, 402,  149.0,  23,  Nuc1508332,  3976,  0, 0, 0, , 0, 0, 0, 0, 0,
129,  1,  127,  129,  -1,  561, 405,  137.0,  23,  Nuc1514864,  2871,  0, 0, 0, , 0, 0, 0, 0, 0,
130,  1,  128,  130,  -1,  608, 332,  134.0,  23,  Nuc1545757,  5003,  0, 0, 0, , 0, 0, 0, 0, 0,
131,  1,  129,  131,  -1,  492, 328,  147.0,  23,  Nuc1553357,  4822,  0, 0, 0, , 0, 0, 0, 0, 0,
132,  1,  130,  132,  -1,  519, 253,  152.0,  23,  Nuc1572625,  3972,  0, 0, 0, , 0, 0, 0, 0, 0,
133,  1,  131,  133,  -1,  582, 301,  163.0,  23,  Nuc1577609,  4128,  0, 0, 0, , 0, 0, 0, 0, 0,
134,  1,  132,  134,  -1,  519, 351,  164.0,  23,  Nuc1584279,  4244,  0, 0, 0, , 0, 0, 0, 0, 0,
135,  1,  133,  135,  -1,  640, 469,  146.0,  23,  Nuc1584578,  3776,  0, 0, 0, , 0, 0, 0, 0, 0,
136,  1,  134,  136,  -1,  690, 431,  133.0,  23,  Nuc1622750,  3939,  0, 0, 0, , 0, 0, 0, 0, 0,
137,  1,  135,  137,  -1,  661, 524,  161.0,  23,  Nuc1640569,  11671,  0, 0, 0, , 0, 0, 0, 0, 0,
138,  1,  136,  138,  -1,  637, 537,  150.0,  25,  Nuc1643516,  6802,  0, 0, 0, , 0, 0, 0, 0, 0,
139,  1,  137,  139,  -1,  690, 575,  156.0,  27,  Nuc1703085,  7209,  0, 0, 0, , 0, 0, 0, 0, 0,
140,  1,  138,  140,  -1,  673, 556,  142.0,  23,  Nuc1707947,  10215,  0, 0, 0, , 0, 0, 0, 0, 0,
141,  1,  139,  141,  -1,  546, 537,  155.0,  25,  Nuc1740611,  5474,  0, 0, 0, , 0, 0, 0, 0, 0,
142,  1,  140,  142,  -1,  522, 588,  152.0,  23,  Nuc1754947,  5712,  0, 0, 0, , 0, 0, 0, 0, 0,
143,  1,  141,  143,  -1,  456, 477,  168.0,  25,  Nuc1759756,  744,  0, 0, 0, , 0, 0, 0, 0, 0,
144,  1,  141,  144,  -1,  455, 441,  164.0,  21,  Nuc1763572,  7403,  0, 0, 0, , 0, 0, 0, 0, 0,
145,  1,  142,  145,  -1,  499, 498,  164.0,  23,  Nuc1772008,  8266,  0, 0, 0, , 0, 0, 0, 0, 0,
146,  1,  143,  146,  -1,  482, 553,  162.0,  23,  Nuc1773064,  3716,  0, 0, 0, , 0, 0, 0, 0, 0,
147,  1,  144,  147,  -1,  408, 487,  169.0,  21,  Nuc1773101,  956,  0, 0, 0, , 0, 0, 0, 0, 0,
148,  1,  145,  148,  -1,  414, 703,  166.0,  23,  Nuc1773170,  4201,  0, 0, 0, , 0, 0, 0, 0, 0,
149,  1,  146,  -1,  -1,  281, 576,  153.0,  21,  Nuc1784067,  2082,  0, 0, 0, , 0, 0, 0, 0, 0,
150,  1,  146,  149,  150,  299, 618,  155.0,  23,  Nuc1784068,  3225,  0, 0, 0, , 0, 0, 0, 0, 0,
151,  1,  147,  151,  -1,  336, 716,  162.0,  21,  Nuc1784105,  2138,  0, 0, 0, , 0, 0, 0, 0, 0,
152,  1,  147,  152,  -1,  336, 664,  153.0,  23,  Nuc1784484,  2464,  0, 0, 0, , 0, 0, 0, 0, 0,
153,  1,  148,  153,  -1,  425, 589,  169.0,  23,  Nuc1785257,  4342,  0, 0, 0, , 0, 0, 0, 0, 0,
154,  1,  149,  154,  -1,  365, 598,  159.0,  25,  Nuc1793817,  2024,  0, 0, 0, , 0, 0, 0, 0, 0,
155,  1,  150,  155,  -1,  364, 640,  177.0,  23,  Nuc1793832,  4306,  0, 0, 0, , 0, 0, 0, 0, 0,
156,  1,  151,  156,  -1,  434, 405,  178.0,  23,  Nuc1794111,  5339,  0, 0, 0, , 0, 0, 0, 0, 0,
157,  1,  152,  157,  -1,  542, 398,  177.0,  23,  Nuc1794456,  4857,  0, 0, 0, , 0, 0, 0, 0, 0,
158,  1,  153,  158,  -1,  620, 435,  172.0,  23,  Nuc1800321,  5931,  0, 0, 0, , 0, 0, 0, 0, 0,
159,  1,  154,  159,  -1,  693, 403,  166.0,  23,  Nuc1848865,  5557,  0, 0, 0, , 0, 0, 0, 0, 0,
160,  1,  155,  160,  -1,  684, 492,  170.0,  25,  Nuc1850295,  10190,  0, 0, 0, , 0, 0, 0, 0, 0,
161,  1,  156,  161,  -1,  739, 501,  168.0,  25,  Nuc1858777,  9055,  0, 0, 0, , 0, 0, 0, 0, 0,
162,  1,  157,  162,  -1,  659, 577,  170.0,  25,  Nuc1862207,  3853,  0, 0, 0, , 0, 0, 0, 0, 0,
163,  1,  158,  163,  -1,  728, 546,  163.0,  23,  Nuc1867421,  10145,  0, 0, 0, , 0, 0, 0, 0, 0,
164,  1,  159,  164,  -1,  734, 582,  168.0,  23,  Nuc1868187,  7614,  0, 0, 0, , 0, 0, 0, 0, 0,
165,  1,  160,  165,  -1,  446, 683,  177.0,  23,  Nuc1869383,  4502,  0, 0, 0, , 0, 0, 0, 0, 0,
166,  1,  161,  166,  -1,  612, 716,  164.0,  23,  Nuc1869990,  5729,  0, 0, 0, , 0, 0, 0, 0, 0,
167,  1,  162,  167,  -1,  594, 766,  159.0,  23,  Nuc1871445,  5171,  0, 0, 0, , 0, 0, 0, 0, 0,
168,  1,  163,  168,  -1,  538, 669,  175.0,  23,  Nuc1883034,  6059,  0, 0, 0, , 0, 0, 0, 0, 0,
169,  1,  164,  169,  -1,  516, 725,  171.0,  23,  Nuc1889449,  5844,  0, 0, 0, , 0, 0, 0, 0, 0,
170,  1,  165,  170,  -1,  656, 658,  169.0,  23,  Nuc1892146,  5992,  0, 0, 0, , 0, 0, 0, 0, 0,
171,  1,  166,  171,  -1,  529, 605,  183.0,  37,  Nuc1921271,  844,  0, 0, 0, , 0, 0, 0, 0, 0,
172,  1,  166,  172,  -1,  574, 600,  180.0,  23,  Nuc1921275,  6173,  0, 0, 0, , 0, 0, 0, 0, 0,
173,  1,  167,  173,  -1,  577, 491,  182.0,  23,  Nuc1922073,  5083,  0, 0, 0, , 0, 0, 0, 0, 0,
174,  1,  168,  174,  -1,  635, 535,  176.0,  23,  Nuc1922173,  7497,  0, 0, 0, , 0, 0, 0, 0, 0,
175,  1,  169,  175,  -1,  496, 603,  183.0,  35,  Nuc1923289,  516,  0, 0, 0, , 0, 0, 0, 0, 0,
176,  1,  169,  176,  -1,  446, 617,  183.0,  23,  Nuc1924228,  4124,  0, 0, 0, , 0, 0, 0, 0, 0,
177,  1,  170,  177,  -1,  458, 644,  159.0,  23,  Nuc1934263,  4311,  0, 0, 0, , 0, 0, 0, 0, 0,
178,  1,  171,  178,  -1,  522, 667,  154.0,  23,  Nuc1943216,  3685,  0, 0, 0, , 0, 0, 0, 0, 0,
179,  1,  172,  179,  -1,  510, 600,  170.0,  23,  Nuc1950049,  5951,  0, 0, 0, , 0, 0, 0, 0, 0,
180,  1,  173,  180,  -1,  414, 545,  184.0,  23,  Nuc1953725,  3139,  0, 0, 0, , 0, 0, 0, 0, 0,
181,  1,  174,  181,  -1,  368, 479,  182.0,  23,  Nuc1954696,  3661,  0, 0, 0, , 0, 0, 0, 0, 0,
182,  1,  175,  182,  -1,  495, 564,  183.0,  23,  Nuc1954932,  4414,  0, 0, 0, , 0, 0, 0, 0, 0,
183,  1,  176,  183,  -1,  534, 537,  177.0,  25,  Nuc1955368,  8031,  0, 0, 0, , 0, 0, 0, 0, 0,
184,  1,  177,  184,  -1,  504, 464,  181.0,  23,  Nuc1968431,  6299,  0, 0, 0, , 0, 0, 0, 0, 0,
185,  1,  178,  185,  -1,  459, 504,  182.0,  23,  Nuc1968593,  5871,  0, 0, 0, , 0, 0, 0, 0, 0,
186,  1,  179,  186,  187,  567, 601,  170.0,  31,  Nuc1968817,  2148,  0, 0, 0, , 0, 0, 0, 0, 0,
187,  1,  180,  188,  -1,  584, 601,  161.0,  23,  Nuc1968830,  6071,  0, 0, 0, , 0, 0, 0, 0, 0,
188,  1,  181,  189,  -1,  403, 759,  156.0,  23,  Nuc2009238,  4186,  0, 0, 0, , 0, 0, 0, 0, 0,
189,  1,  182,  190,  -1,  391, 792,  125.0,  23,  Nuc2012720,  2421,  0, 0, 0, , 0, 0, 0, 0, 0,
190,  1,  183,  191,  -1,  539, 519,  169.0,  25,  Nuc2012765,  2101,  0, 0, 0, , 0, 0, 0, 0, 0,
191,  1,  184,  192,  -1,  554, 483,  168.0,  21,  Nuc2012778,  7291,  0, 0, 0, , 0, 0, 0, 0, 0,
192,  1,  185,  193,  -1,  538, 429,  159.0,  23,  Nuc2021737,  5349,  0, 0, 0, , 0, 0, 0, 0, 0,
193,  1,  186,  194,  195,  581, 518,  171.0,  31,  Nuc2034678,  14095,  0, 0, 0, , 0, 0, 0, 0, 0,
194,  1,  187,  196,  -1,  607, 523,  163.0,  21,  Nuc2034825,  5802,  0, 0, 0, , 0, 0, 0, 0, 0,
195,  1,  188,  197,  -1,  323, 464,  148.0,  21,  Nuc2064288,  3349,  0, 0, 0, , 0, 0, 0, 0, 0,
196,  1,  189,  198,  -1,  309, 391,  156.0,  21,  Nuc2064485,  3533,  0, 0, 0, , 0, 0, 0, 0, 0,
197,  1,  190,  199,  -1,  342, 341,  148.0,  23,  Nuc2064504,  2824,  0, 0, 0, , 0, 0, 0, 0, 0,
198,  1,  191,  200,  -1,  260, 743,  129.0,  23,  Nuc2064550,  867,  0, 0, 0, , 0, 0, 0, 0, 0,
199,  1,  192,  201,  202,  286, 726,  141.0,  21,  Nuc2064565,  2158,  0, 0, 0, , 0, 0, 0, 0, 0,
200,  1,  193,  203,  -1,  258, 686,  147.0,  23,  Nuc2064693,  1932,  0, 0, 0, , 0, 0, 0, 0, 0,
201,  1,  194,  204,  -1,  260, 637,  157.0,  21,  Nuc2064706,  5401,  0, 0, 0, , 0, 0, 0, 0, 0,
202,  1,  195,  205,  -1,  442, 333,  133.0,  23,  Nuc2064809,  3590,  0, 0, 0, , 0, 0, 0, 0, 0,
203,  1,  196,  206,  -1,  384, 438,  130.0,  23,  Nuc2070274,  985,  0, 0, 0, , 0, 0, 0, 0, 0,
204,  1,  196,  207,  -1,  380, 367,  132.0,  23,  Nuc2070301,  2684,  0, 0, 0, , 0, 0, 0, 0, 0,
205,  1,  197,  208,  -1,  280, 581,  160.0,  23,  Nuc2070360,  4641,  0, 0, 0, , 0, 0, 0, 0, 0,
206,  1,  198,  209,  -1,  360, 554,  174.0,  23,  Nuc2070727,  1106,  0, 0, 0, , 0, 0, 0, 0, 0,
207,  1,  199,  210,  -1,  301, 545,  169.0,  21,  Nuc2070745,  2069,  0, 0, 0, , 0, 0, 0, 0, 0,
208,  1,  200,  211,  -1,  387, 825,  110.0,  25,  Nuc2070760,  2172,  0, 0, 0, , 0, 0, 0, 0, 0,
209,  1,  201,  212,  -1,  326, 880,  99.0,  25,  Nuc2070765,  1699,  0, 0, 0, , 0, 0, 0, 0, 0,
210,  1,  202,  213,  -1,  386, 893,  104.0,  23,  Nuc2070774,  4212,  0, 0, 0, , 0, 0, 0, 0, 0,
211,  1,  203,  214,  -1,  376, 928,  89.0,  23,  Nuc2080658,  2342,  0, 0, 0, , 0, 0, 0, 0, 0,
212,  1,  204,  215,  -1,  296, 585,  134.0,  23,  Nuc2080694,  4031,  0, 0, 0, , 0, 0, 0, 0, 0,
213,  1,  205,  216,  -1,  311, 645,  135.0,  21,  Nuc2080701,  599,  0, 0, 0, , 0, 0, 0, 0, 0,
214,  1,  206,  217,  -1,  367, 696,  135.0,  23,  Nuc2080717,  2678,  0, 0, 0, , 0, 0, 0, 0, 0,
215,  1,  207,  218,  -1,  358, 503,  136.0,  25,  Nuc2080793,  3396,  0, 0, 0, , 0, 0, 0, 0, 0,
216,  1,  208,  219,  -1,  379, 563,  139.0,  23,  Nuc2080803,  2697,  0, 0, 0, , 0, 0, 0, 0, 0,
217,  1,  210,  220,  -1,  203, 413,  139.0,  23,  Nuc2080830,  1614,  0, 0, 0, , 0, 0, 0, 0, 0,
218,  1,  211,  221,  -1,  295, 460,  168.0,  23,  Nuc2081055,  3711,  0, 0, 0, , 0, 0, 0, 0, 0,
219,  1,  212,  222,  -1,  391, 874,  118.0,  23,  Nuc2084893,  3231,  0, 0, 0, , 0, 0, 0, 0, 0,
220,  1,  213,  223,  -1,  227, 311,  132.0,  21,  Nuc2088400,  2876,  0, 0, 0, , 0, 0, 0, 0, 0,
221,  1,  214,  224,  -1,  294, 347,  129.0,  23,  Nuc2088411,  2882,  0, 0, 0, , 0, 0, 0, 0, 0,
222,  1,  215,  225,  -1,  301, 403,  136.0,  21,  Nuc2088427,  2466,  0, 0, 0, , 0, 0, 0, 0, 0,
223,  1,  216,  226,  227,  226, 555,  145.0,  23,  Nuc2088447,  2481,  0, 0, 0, , 0, 0, 0, 0, 0,
224,  1,  217,  228,  -1,  228, 614,  140.0,  23,  Nuc2088462,  1203,  0, 0, 0, , 0, 0, 0, 0, 0,
225,  1,  218,  229,  -1,  245, 620,  130.0,  23,  Nuc2088476,  1850,  0, 0, 0, , 0, 0, 0, 0, 0,
226,  1,  219,  230,  -1,  199, 656,  129.0,  23,  Nuc2088485,  1657,  0, 0, 0, , 0, 0, 0, 0, 0,
227,  1,  220,  231,  -1,  253, 504,  155.0,  23,  Nuc2088499,  1474,  0, 0, 0, , 0, 0, 0, 0, 0,
228,  1,  -1,  -1,  -1,  129, 634,  98.0,  23,  Nuc2088502,  1684,  0, 0, 0, , 0, 0, 0, 0, 0,
