1,  1,  1,  1,  -1,  531, 962,  86.0,  27,  Nuc53,  3302,  0, 0, 0, , 0, 0, 0, 0, 0,
2,  1,  2,  2,  -1,  447, 948,  85.0,  27,  Nuc7220,  3084,  0, 0, 0, , 0, 0, 0, 0, 0,
3,  1,  3,  3,  -1,  462, 880,  105.0,  23,  Nuc9511,  3854,  0, 0, 0, , 0, 0, 0, 0, 0,
4,  1,  4,  4,  -1,  457, 928,  106.0,  23,  Nuc26073,  3426,  0, 0, 0, , 0, 0, 0, 0, 0,
5,  1,  5,  5,  -1,  734, 903,  96.0,  25,  Nuc29660,  4044,  0, 0, 0, , 0, 0, 0, 0, 0,
6,  1,  6,  6,  -1,  676, 891,  107.0,  23,  Nuc37571,  4087,  0, 0, 0, , 0, 0, 0, 0, 0,
7,  1,  7,  7,  -1,  606, 930,  97.0,  25,  Nuc47875,  3783,  0, 0, 0, , 0, 0, 0, 0, 0,
8,  1,  8,  8,  -1,  652, 958,  81.0,  27,  Nuc51546,  4110,  0, 0, 0, , 0, 0, 0, 0, 0,
9,  1,  9,  9,  -1,  632, 868,  124.0,  23,  Nuc63972,  4577,  0, 0, 0, , 0, 0, 0, 0, 0,
10,  1,  10,  10,  -1,  580, 833,  116.0,  23,  Nuc65764,  3472,  0, 0, 0, , 0, 0, 0, 0, 0,
11,  1,  11,  11,  -1,  526, 909,  100.0,  23,  Nuc69333,  4500,  0, 0, 0, , 0, 0, 0, 0, 0,
12,  1,  12,  12,  -1,  589, 908,  112.0,  23,  Nuc73716,  4171,  0, 0, 0, , 0, 0, 0, 0, 0,
13,  1,  13,  13,  -1,  457, 825,  117.0,  23,  Nuc90583,  2874,  0, 0, 0, , 0, 0, 0, 0, 0,
14,  1,  14,  14,  -1,  508, 810,  121.0,  23,  Nuc102431,  2952,  0, 0, 0, , 0, 0, 0, 0, 0,
15,  1,  15,  15,  -1,  528, 891,  120.0,  23,  Nuc144305,  3481,  0, 0, 0, , 0, 0, 0, 0, 0,
16,  1,  16,  16,  -1,  476, 891,  126.0,  23,  Nuc146839,  2643,  0, 0, 0, , 0, 0, 0, 0, 0,
17,  1,  17,  17,  -1,  328, 225,  122.0,  25,  Nuc152758,  702,  0, 0, 0, , 0, 0, 0, 0, 0,
18,  1,  18,  18,  -1,  315, 173,  110.0,  23,  Nuc152771,  2825,  0, 0, 0, , 0, 0, 0, 0, 0,
19,  1,  19,  19,  -1,  287, 296,  145.0,  23,  Nuc152807,  1473,  0, 0, 0, , 0, 0, 0, 0, 0,
20,  1,  20,  20,  -1,  313, 249,  133.0,  21,  Nuc152847,  3187,  0, 0, 0, , 0, 0, 0, 0, 0,
21,  1,  21,  21,  -1,  684, 771,  125.0,  23,  Nuc152899,  3729,  0, 0, 0, , 0, 0, 0, 0, 0,
22,  1,  22,  22,  -1,  705, 844,  124.0,  23,  Nuc173372,  4877,  0, 0, 0, , 0, 0, 0, 0, 0,
23,  1,  23,  23,  -1,  672, 771,  145.0,  23,  Nuc190554,  4885,  0, 0, 0, , 0, 0, 0, 0, 0,
24,  1,  24,  24,  -1,  639, 825,  139.0,  23,  Nuc205687,  4862,  0, 0, 0, , 0, 0, 0, 0, 0,
25,  1,  25,  25,  -1,  830, 784,  113.0,  23,  Nuc209752,  4322,  0, 0, 0, , 0, 0, 0, 0, 0,
26,  1,  26,  26,  -1,  847, 834,  95.0,  27,  Nuc215648,  4884,  0, 0, 0, , 0, 0, 0, 0, 0,
27,  1,  27,  27,  -1,  775, 791,  121.0,  23,  Nuc230367,  4253,  0, 0, 0, , 0, 0, 0, 0, 0,
28,  1,  28,  28,  -1,  767, 855,  111.0,  23,  Nuc248262,  4551,  0, 0, 0, , 0, 0, 0, 0, 0,
29,  1,  29,  29,  -1,  794, 217,  101.0,  23,  Nuc251873,  3927,  0, 0, 0, , 0, 0, 0, 0, 0,
30,  1,  30,  30,  -1,  688, 178,  105.0,  23,  Nuc260702,  3502,  0, 0, 0, , 0, 0, 0, 0, 0,
31,  1,  31,  31,  -1,  641, 203,  123.0,  23,  Nuc264746,  3977,  0, 0, 0, , 0, 0, 0, 0, 0,
32,  1,  32,  32,  -1,  702, 214,  128.0,  23,  Nuc272770,  4092,  0, 0, 0, , 0, 0, 0, 0, 0,
33,  1,  33,  33,  -1,  560, 264,  134.0,  21,  Nuc274974,  3955,  0, 0, 0, , 0, 0, 0, 0, 0,
34,  1,  34,  34,  -1,  604, 232,  141.0,  21,  Nuc283120,  4165,  0, 0, 0, , 0, 0, 0, 0, 0,
35,  1,  35,  35,  -1,  570, 191,  122.0,  25,  Nuc293746,  3037,  0, 0, 0, , 0, 0, 0, 0, 0,
36,  1,  36,  36,  -1,  600, 135,  107.0,  23,  Nuc306822,  3294,  0, 0, 0, , 0, 0, 0, 0, 0,
37,  1,  37,  37,  -1,  886, 307,  104.0,  23,  Nuc314312,  3898,  0, 0, 0, , 0, 0, 0, 0, 0,
38,  1,  38,  38,  -1,  942, 410,  104.0,  23,  Nuc326398,  4394,  0, 0, 0, , 0, 0, 0, 0, 0,
39,  1,  39,  39,  -1,  803, 304,  123.0,  21,  Nuc343664,  3836,  0, 0, 0, , 0, 0, 0, 0, 0,
40,  1,  40,  40,  -1,  844, 353,  124.0,  23,  Nuc359675,  3935,  0, 0, 0, , 0, 0, 0, 0, 0,
41,  1,  41,  41,  -1,  767, 359,  147.0,  23,  Nuc370596,  4651,  0, 0, 0, , 0, 0, 0, 0, 0,
42,  1,  42,  42,  -1,  724, 354,  136.0,  23,  Nuc386074,  5073,  0, 0, 0, , 0, 0, 0, 0, 0,
43,  1,  43,  43,  -1,  678, 285,  132.0,  23,  Nuc406963,  4190,  0, 0, 0, , 0, 0, 0, 0, 0,
44,  1,  44,  44,  -1,  756, 262,  131.0,  23,  Nuc441233,  4480,  0, 0, 0, , 0, 0, 0, 0, 0,
45,  1,  45,  45,  -1,  409, 150,  107.0,  23,  Nuc445501,  2222,  0, 0, 0, , 0, 0, 0, 0, 0,
46,  1,  46,  46,  -1,  394, 172,  121.0,  23,  Nuc450544,  3038,  0, 0, 0, , 0, 0, 0, 0, 0,
47,  1,  47,  47,  -1,  399, 280,  125.0,  21,  Nuc451836,  2055,  0, 0, 0, , 0, 0, 0, 0, 0,
48,  1,  48,  48,  -1,  388, 221,  133.0,  23,  Nuc451847,  2441,  0, 0, 0, , 0, 0, 0, 0, 0,
49,  1,  49,  49,  -1,  492, 134,  109.0,  23,  Nuc454667,  3870,  0, 0, 0, , 0, 0, 0, 0, 0,
50,  1,  50,  50,  -1,  469, 189,  124.0,  21,  Nuc457643,  3626,  0, 0, 0, , 0, 0, 0, 0, 0,
51,  1,  51,  51,  -1,  479, 271,  131.0,  23,  Nuc460143,  2848,  0, 0, 0, , 0, 0, 0, 0, 0,
52,  1,  52,  52,  -1,  488, 190,  138.0,  21,  Nuc462373,  2699,  0, 0, 0, , 0, 0, 0, 0, 0,
53,  1,  53,  53,  -1,  893, 641,  122.0,  23,  Nuc466285,  4393,  0, 0, 0, , 0, 0, 0, 0, 0,
54,  1,  54,  54,  -1,  948, 649,  107.0,  25,  Nuc478778,  4375,  0, 0, 0, , 0, 0, 0, 0, 0,
55,  1,  55,  55,  -1,  843, 696,  125.0,  23,  Nuc497651,  4989,  0, 0, 0, , 0, 0, 0, 0, 0,
56,  1,  56,  56,  -1,  895, 736,  109.0,  23,  Nuc541230,  4880,  0, 0, 0, , 0, 0, 0, 0, 0,
57,  1,  57,  57,  -1,  797, 734,  136.0,  23,  Nuc546711,  5670,  0, 0, 0, , 0, 0, 0, 0, 0,
58,  1,  58,  58,  -1,  754, 686,  129.0,  23,  Nuc578586,  5073,  0, 0, 0, , 0, 0, 0, 0, 0,
59,  1,  59,  59,  -1,  672, 692,  146.0,  23,  Nuc606125,  7265,  0, 0, 0, , 0, 0, 0, 0, 0,
60,  1,  60,  60,  -1,  742, 726,  151.0,  23,  Nuc668704,  5534,  0, 0, 0, , 0, 0, 0, 0, 0,
61,  1,  61,  61,  -1,  396, 816,  141.0,  23,  Nuc682036,  1463,  0, 0, 0, , 0, 0, 0, 0, 0,
62,  1,  61,  62,  -1,  433, 856,  133.0,  21,  Nuc682046,  4147,  0, 0, 0, , 0, 0, 0, 0, 0,
63,  1,  63,  63,  64,  292, 813,  117.0,  23,  Nuc694404,  1466,  0, 0, 0, , 0, 0, 0, 0, 0,
64,  1,  64,  65,  -1,  339, 826,  127.0,  23,  Nuc694416,  3019,  0, 0, 0, , 0, 0, 0, 0, 0,
65,  1,  65,  66,  -1,  903, 417,  123.0,  21,  Nuc701799,  4446,  0, 0, 0, , 0, 0, 0, 0, 0,
66,  1,  66,  67,  -1,  920, 492,  120.0,  23,  Nuc727153,  4183,  0, 0, 0, , 0, 0, 0, 0, 0,
67,  1,  67,  68,  -1,  847, 420,  136.0,  23,  Nuc736761,  4685,  0, 0, 0, , 0, 0, 0, 0, 0,
68,  1,  68,  69,  -1,  860, 507,  141.0,  23,  Nuc744062,  5588,  0, 0, 0, , 0, 0, 0, 0, 0,
69,  1,  69,  70,  -1,  773, 453,  132.0,  23,  Nuc765544,  5867,  0, 0, 0, , 0, 0, 0, 0, 0,
70,  1,  70,  71,  -1,  749, 523,  143.0,  23,  Nuc777261,  5039,  0, 0, 0, , 0, 0, 0, 0, 0,
71,  1,  71,  72,  -1,  803, 479,  154.0,  23,  Nuc781816,  5995,  0, 0, 0, , 0, 0, 0, 0, 0,
72,  1,  72,  73,  -1,  727, 441,  156.0,  23,  Nuc787811,  6006,  0, 0, 0, , 0, 0, 0, 0, 0,
73,  1,  73,  74,  -1,  795, 603,  138.0,  23,  Nuc799515,  5814,  0, 0, 0, , 0, 0, 0, 0, 0,
74,  1,  74,  75,  -1,  871, 605,  141.0,  23,  Nuc846744,  5921,  0, 0, 0, , 0, 0, 0, 0, 0,
75,  1,  75,  76,  -1,  840, 568,  125.0,  21,  Nuc855279,  5741,  0, 0, 0, , 0, 0, 0, 0, 0,
76,  1,  76,  77,  -1,  927, 569,  125.0,  23,  Nuc895726,  5139,  0, 0, 0, , 0, 0, 0, 0, 0,
77,  1,  77,  78,  -1,  968, 533,  109.0,  23,  Nuc906509,  4804,  0, 0, 0, , 0, 0, 0, 0, 0,
78,  1,  78,  79,  -1,  728, 604,  136.0,  23,  Nuc911890,  5337,  0, 0, 0, , 0, 0, 0, 0, 0,
79,  1,  79,  80,  -1,  748, 639,  157.0,  23,  Nuc952989,  5960,  0, 0, 0, , 0, 0, 0, 0, 0,
80,  1,  80,  81,  -1,  811, 581,  156.0,  21,  Nuc966753,  6826,  0, 0, 0, , 0, 0, 0, 0, 0,
81,  1,  81,  82,  -1,  474, 672,  132.0,  23,  Nuc1024091,  3532,  0, 0, 0, , 0, 0, 0, 0, 0,
82,  1,  82,  83,  -1,  460, 594,  139.0,  23,  Nuc1024108,  3077,  0, 0, 0, , 0, 0, 0, 0, 0,
83,  1,  83,  84,  85,  503, 603,  132.0,  23,  Nuc1056979,  3348,  0, 0, 0, , 0, 0, 0, 0, 0,
84,  1,  84,  86,  -1,  322, 744,  125.0,  21,  Nuc1057039,  1219,  0, 0, 0, , 0, 0, 0, 0, 0,
85,  1,  85,  87,  -1,  466, 761,  128.0,  23,  Nuc1057329,  2444,  0, 0, 0, , 0, 0, 0, 0, 0,
86,  1,  86,  88,  -1,  461, 715,  143.0,  21,  Nuc1057727,  3871,  0, 0, 0, , 0, 0, 0, 0, 0,
87,  1,  87,  89,  -1,  569, 657,  137.0,  25,  Nuc1057897,  2375,  0, 0, 0, , 0, 0, 0, 0, 0,
88,  1,  88,  90,  -1,  477, 674,  125.0,  27,  Nuc1091567,  2692,  0, 0, 0, , 0, 0, 0, 0, 0,
89,  1,  89,  91,  -1,  540, 714,  130.0,  25,  Nuc1091572,  3396,  0, 0, 0, , 0, 0, 0, 0, 0,
90,  1,  90,  92,  -1,  616, 710,  135.0,  23,  Nuc1102200,  4582,  0, 0, 0, , 0, 0, 0, 0, 0,
91,  1,  91,  93,  -1,  596, 761,  126.0,  25,  Nuc1145034,  3879,  0, 0, 0, , 0, 0, 0, 0, 0,
92,  1,  92,  94,  -1,  300, 584,  145.0,  21,  Nuc1208110,  1774,  0, 0, 0, , 0, 0, 0, 0, 0,
93,  1,  93,  95,  -1,  340, 522,  155.0,  23,  Nuc1208124,  1201,  0, 0, 0, , 0, 0, 0, 0, 0,
94,  1,  93,  96,  97,  308, 529,  145.0,  23,  Nuc1208129,  3499,  0, 0, 0, , 0, 0, 0, 0, 0,
95,  1,  94,  98,  -1,  340, 525,  161.0,  21,  Nuc1208150,  1544,  0, 0, 0, , 0, 0, 0, 0, 0,
96,  1,  95,  99,  -1,  495, 531,  137.0,  23,  Nuc1208188,  3082,  0, 0, 0, , 0, 0, 0, 0, 0,
97,  1,  96,  100,  -1,  541, 774,  143.0,  23,  Nuc1210604,  3458,  0, 0, 0, , 0, 0, 0, 0, 0,
98,  1,  97,  101,  -1,  557, 855,  141.0,  23,  Nuc1231734,  4076,  0, 0, 0, , 0, 0, 0, 0, 0,
99,  1,  98,  102,  -1,  469, 824,  145.0,  23,  Nuc1247443,  4241,  0, 0, 0, , 0, 0, 0, 0, 0,
100,  1,  99,  103,  -1,  487, 767,  161.0,  23,  Nuc1262362,  5240,  0, 0, 0, , 0, 0, 0, 0, 0,
101,  1,  100,  104,  -1,  652, 618,  132.0,  21,  Nuc1272756,  4652,  0, 0, 0, , 0, 0, 0, 0, 0,
102,  1,  101,  105,  -1,  633, 626,  150.0,  23,  Nuc1335640,  4495,  0, 0, 0, , 0, 0, 0, 0, 0,
103,  1,  102,  106,  -1,  569, 572,  138.0,  23,  Nuc1336664,  4126,  0, 0, 0, , 0, 0, 0, 0, 0,
104,  1,  103,  107,  -1,  629, 531,  137.0,  21,  Nuc1390579,  4525,  0, 0, 0, , 0, 0, 0, 0, 0,
105,  1,  104,  108,  109,  408, 469,  146.0,  23,  Nuc1418714,  2823,  0, 0, 0, , 0, 0, 0, 0, 0,
106,  1,  105,  110,  -1,  439, 401,  146.0,  23,  Nuc1418772,  4869,  0, 0, 0, , 0, 0, 0, 0, 0,
107,  1,  106,  111,  112,  417, 542,  147.0,  23,  Nuc1418849,  2721,  0, 0, 0, , 0, 0, 0, 0, 0,
108,  1,  107,  113,  114,  456, 515,  167.0,  25,  Nuc1419086,  3180,  0, 0, 0, , 0, 0, 0, 0, 0,
109,  1,  109,  -1,  -1,  380, 361,  125.0,  25,  Nuc1426625,  3724,  0, 0, 0, , 0, 0, 0, 0, 0,
110,  1,  109,  115,  -1,  442, 335,  123.0,  29,  Nuc1426626,  1406,  0, 0, 0, , 0, 0, 0, 0, 0,
111,  1,  110,  116,  -1,  471, 385,  132.0,  23,  Nuc1426634,  2418,  0, 0, 0, , 0, 0, 0, 0, 0,
112,  1,  111,  117,  -1,  355, 501,  130.0,  23,  Nuc1426647,  2988,  0, 0, 0, , 0, 0, 0, 0, 0,
113,  1,  112,  118,  -1,  429, 513,  131.0,  25,  Nuc1426650,  1850,  0, 0, 0, , 0, 0, 0, 0, 0,
114,  1,  113,  119,  -1,  474, 458,  135.0,  23,  Nuc1426660,  3331,  0, 0, 0, , 0, 0, 0, 0, 0,
115,  1,  114,  120,  -1,  473, 456,  128.0,  23,  Nuc1426667,  5368,  0, 0, 0, , 0, 0, 0, 0, 0,
116,  1,  116,  121,  -1,  574, 480,  132.0,  21,  Nuc1431501,  4086,  0, 0, 0, , 0, 0, 0, 0, 0,
117,  1,  117,  122,  123,  461, 504,  155.0,  23,  Nuc1468249,  4049,  0, 0, 0, , 0, 0, 0, 0, 0,
118,  1,  118,  124,  -1,  492, 471,  146.0,  23,  Nuc1476744,  3216,  0, 0, 0, , 0, 0, 0, 0, 0,
119,  1,  119,  125,  -1,  566, 496,  147.0,  21,  Nuc1483165,  4438,  0, 0, 0, , 0, 0, 0, 0, 0,
120,  1,  120,  126,  -1,  348, 376,  170.0,  23,  Nuc1483220,  2722,  0, 0, 0, , 0, 0, 0, 0, 0,
121,  1,  121,  127,  -1,  293, 459,  162.0,  21,  Nuc1492463,  2574,  0, 0, 0, , 0, 0, 0, 0, 0,
122,  1,  122,  128,  129,  362, 439,  164.0,  23,  Nuc1492998,  3812,  0, 0, 0, , 0, 0, 0, 0, 0,
123,  1,  123,  130,  -1,  452, 325,  169.0,  23,  Nuc1493220,  3469,  0, 0, 0, , 0, 0, 0, 0, 0,
124,  1,  124,  131,  132,  405, 352,  160.0,  23,  Nuc1493591,  3260,  0, 0, 0, , 0, 0, 0, 0, 0,
125,  1,  125,  133,  134,  377, 288,  147.0,  23,  Nuc1494716,  2416,  0, 0, 0, , 0, 0, 0, 0, 0,
126,  1,  126,  135,  -1,  428, 242,  151.0,  25,  Nuc1496362,  3811,  0, 0, 0, , 0, 0, 0, 0, 0,
127,  1,  127,  136,  -1,  649, 329,  158.0,  23,  Nuc1500722,  4482,  0, 0, 0, , 0, 0, 0, 0, 0,
128,  1,  128,  137,  -1,  640, 399,  149.0,  23,  Nuc1508333,  3690,  0, 0, 0, , 0, 0, 0, 0, 0,
129,  1,  129,  138,  -1,  560, 403,  137.0,  23,  Nuc1514865,  2975,  0, 0, 0, , 0, 0, 0, 0, 0,
130,  1,  130,  139,  -1,  610, 332,  134.0,  23,  Nuc1545758,  3992,  0, 0, 0, , 0, 0, 0, 0, 0,
131,  1,  131,  140,  141,  493, 328,  147.0,  23,  Nuc1553358,  5411,  0, 0, 0, , 0, 0, 0, 0, 0,
132,  1,  132,  142,  -1,  519, 253,  152.0,  23,  Nuc1572626,  3989,  0, 0, 0, , 0, 0, 0, 0, 0,
133,  1,  133,  143,  -1,  582, 301,  163.0,  25,  Nuc1577610,  4585,  0, 0, 0, , 0, 0, 0, 0, 0,
134,  1,  134,  144,  145,  517, 351,  164.0,  25,  Nuc1584280,  5273,  0, 0, 0, , 0, 0, 0, 0, 0,
135,  1,  135,  146,  -1,  636, 468,  147.0,  23,  Nuc1584579,  3338,  0, 0, 0, , 0, 0, 0, 0, 0,
136,  1,  136,  147,  -1,  685, 430,  134.0,  23,  Nuc1622751,  4397,  0, 0, 0, , 0, 0, 0, 0, 0,
137,  1,  137,  148,  -1,  660, 524,  161.0,  23,  Nuc1640570,  10971,  0, 0, 0, , 0, 0, 0, 0, 0,
138,  1,  138,  149,  -1,  634, 534,  151.0,  25,  Nuc1643517,  6391,  0, 0, 0, , 0, 0, 0, 0, 0,
139,  1,  139,  150,  -1,  688, 574,  157.0,  25,  Nuc1703086,  7143,  0, 0, 0, , 0, 0, 0, 0, 0,
140,  1,  140,  151,  -1,  669, 554,  142.0,  23,  Nuc1707948,  10979,  0, 0, 0, , 0, 0, 0, 0, 0,
141,  1,  141,  152,  -1,  544, 543,  155.0,  23,  Nuc1740612,  4706,  0, 0, 0, , 0, 0, 0, 0, 0,
142,  1,  142,  153,  154,  519, 588,  152.0,  23,  Nuc1754948,  4104,  0, 0, 0, , 0, 0, 0, 0, 0,
143,  1,  143,  155,  -1,  457, 474,  169.0,  27,  Nuc1759757,  3972,  0, 0, 0, , 0, 0, 0, 0, 0,
144,  1,  144,  156,  157,  453, 439,  165.0,  23,  Nuc1763573,  6992,  0, 0, 0, , 0, 0, 0, 0, 0,
145,  1,  145,  158,  -1,  500, 498,  165.0,  23,  Nuc1772009,  7556,  0, 0, 0, , 0, 0, 0, 0, 0,
146,  1,  146,  159,  -1,  480, 553,  162.0,  25,  Nuc1773065,  3238,  0, 0, 0, , 0, 0, 0, 0, 0,
147,  1,  147,  160,  -1,  451, 468,  174.0,  29,  Nuc1773102,  3972,  0, 0, 0, , 0, 0, 0, 0, 0,
148,  1,  148,  161,  -1,  414, 704,  166.0,  23,  Nuc1773171,  4066,  0, 0, 0, , 0, 0, 0, 0, 0,
149,  1,  150,  162,  -1,  261, 640,  162.0,  21,  Nuc1784069,  1738,  0, 0, 0, , 0, 0, 0, 0, 0,
150,  1,  150,  163,  -1,  299, 621,  154.0,  23,  Nuc1784071,  3876,  0, 0, 0, , 0, 0, 0, 0, 0,
151,  1,  151,  164,  -1,  333, 716,  163.0,  21,  Nuc1784106,  2399,  0, 0, 0, , 0, 0, 0, 0, 0,
152,  1,  152,  165,  -1,  335, 664,  153.0,  23,  Nuc1784485,  2980,  0, 0, 0, , 0, 0, 0, 0, 0,
153,  1,  153,  166,  -1,  424, 592,  168.0,  23,  Nuc1785258,  4726,  0, 0, 0, , 0, 0, 0, 0, 0,
154,  1,  154,  167,  -1,  366, 598,  159.0,  31,  Nuc1793818,  1962,  0, 0, 0, , 0, 0, 0, 0, 0,
155,  1,  155,  168,  -1,  364, 639,  177.0,  23,  Nuc1793833,  5295,  0, 0, 0, , 0, 0, 0, 0, 0,
156,  1,  156,  169,  170,  433, 406,  179.0,  23,  Nuc1794112,  5455,  0, 0, 0, , 0, 0, 0, 0, 0,
157,  1,  157,  171,  -1,  542, 398,  177.0,  23,  Nuc1794457,  5071,  0, 0, 0, , 0, 0, 0, 0, 0,
158,  1,  158,  172,  -1,  620, 434,  172.0,  23,  Nuc1800322,  6227,  0, 0, 0, , 0, 0, 0, 0, 0,
159,  1,  159,  173,  -1,  693, 401,  166.0,  23,  Nuc1848866,  5536,  0, 0, 0, , 0, 0, 0, 0, 0,
160,  1,  160,  174,  -1,  685, 491,  171.0,  23,  Nuc1850296,  9290,  0, 0, 0, , 0, 0, 0, 0, 0,
161,  1,  161,  175,  -1,  741, 500,  168.0,  23,  Nuc1858778,  9720,  0, 0, 0, , 0, 0, 0, 0, 0,
162,  1,  162,  176,  177,  659, 579,  171.0,  27,  Nuc1862208,  3978,  0, 0, 0, , 0, 0, 0, 0, 0,
163,  1,  163,  178,  -1,  728, 547,  163.0,  23,  Nuc1867422,  10063,  0, 0, 0, , 0, 0, 0, 0, 0,
164,  1,  164,  179,  -1,  734, 582,  168.0,  23,  Nuc1868188,  8973,  0, 0, 0, , 0, 0, 0, 0, 0,
165,  1,  165,  180,  -1,  445, 684,  178.0,  23,  Nuc1869384,  4479,  0, 0, 0, , 0, 0, 0, 0, 0,
166,  1,  166,  181,  -1,  612, 715,  164.0,  23,  Nuc1869991,  5560,  0, 0, 0, , 0, 0, 0, 0, 0,
167,  1,  167,  182,  -1,  591, 771,  159.0,  23,  Nuc1871446,  5731,  0, 0, 0, , 0, 0, 0, 0, 0,
168,  1,  168,  183,  -1,  540, 668,  176.0,  23,  Nuc1883035,  6742,  0, 0, 0, , 0, 0, 0, 0, 0,
169,  1,  169,  184,  -1,  517, 726,  171.0,  23,  Nuc1889450,  5699,  0, 0, 0, , 0, 0, 0, 0, 0,
170,  1,  170,  185,  -1,  656, 658,  169.0,  23,  Nuc1892147,  5573,  0, 0, 0, , 0, 0, 0, 0, 0,
171,  1,  171,  186,  -1,  527, 604,  183.0,  39,  Nuc1921272,  1531,  0, 0, 0, , 0, 0, 0, 0, 0,
172,  1,  172,  187,  -1,  574, 599,  181.0,  23,  Nuc1921276,  5849,  0, 0, 0, , 0, 0, 0, 0, 0,
173,  1,  173,  188,  -1,  577, 490,  182.0,  23,  Nuc1922074,  5053,  0, 0, 0, , 0, 0, 0, 0, 0,
174,  1,  174,  189,  -1,  636, 535,  178.0,  23,  Nuc1922174,  8025,  0, 0, 0, , 0, 0, 0, 0, 0,
175,  1,  175,  190,  -1,  494, 603,  183.0,  35,  Nuc1923290,  1035,  0, 0, 0, , 0, 0, 0, 0, 0,
176,  1,  176,  191,  192,  447, 617,  183.0,  25,  Nuc1924229,  3515,  0, 0, 0, , 0, 0, 0, 0, 0,
177,  1,  177,  193,  -1,  458, 646,  159.0,  25,  Nuc1934264,  3522,  0, 0, 0, , 0, 0, 0, 0, 0,
178,  1,  178,  194,  195,  523, 664,  154.0,  23,  Nuc1943217,  3733,  0, 0, 0, , 0, 0, 0, 0, 0,
179,  1,  179,  196,  197,  508, 600,  170.0,  23,  Nuc1950050,  5604,  0, 0, 0, , 0, 0, 0, 0, 0,
180,  1,  180,  198,  -1,  413, 546,  184.0,  23,  Nuc1953726,  3351,  0, 0, 0, , 0, 0, 0, 0, 0,
181,  1,  181,  199,  -1,  367, 479,  183.0,  23,  Nuc1954697,  3862,  0, 0, 0, , 0, 0, 0, 0, 0,
182,  1,  182,  200,  -1,  494, 565,  183.0,  23,  Nuc1954933,  3687,  0, 0, 0, , 0, 0, 0, 0, 0,
183,  1,  183,  201,  202,  531, 536,  178.0,  21,  Nuc1955369,  7426,  0, 0, 0, , 0, 0, 0, 0, 0,
184,  1,  184,  203,  -1,  504, 465,  181.0,  23,  Nuc1968432,  5391,  0, 0, 0, , 0, 0, 0, 0, 0,
185,  1,  185,  204,  -1,  458, 504,  183.0,  23,  Nuc1968594,  6441,  0, 0, 0, , 0, 0, 0, 0, 0,
186,  1,  186,  205,  206,  590, 561,  168.0,  29,  Nuc1968818,  1624,  0, 0, 0, , 0, 0, 0, 0, 0,
187,  1,  186,  207,  -1,  565, 601,  170.0,  27,  Nuc1968821,  1916,  0, 0, 0, , 0, 0, 0, 0, 0,
188,  1,  187,  208,  209,  583, 602,  161.0,  23,  Nuc1968831,  6761,  0, 0, 0, , 0, 0, 0, 0, 0,
189,  1,  188,  210,  -1,  403, 758,  156.0,  23,  Nuc2009239,  4191,  0, 0, 0, , 0, 0, 0, 0, 0,
190,  1,  189,  211,  -1,  388, 790,  125.0,  23,  Nuc2012721,  2524,  0, 0, 0, , 0, 0, 0, 0, 0,
191,  1,  190,  212,  -1,  541, 518,  169.0,  25,  Nuc2012766,  2060,  0, 0, 0, , 0, 0, 0, 0, 0,
192,  1,  191,  213,  -1,  554, 481,  168.0,  23,  Nuc2012779,  6961,  0, 0, 0, , 0, 0, 0, 0, 0,
193,  1,  192,  214,  215,  536, 428,  159.0,  23,  Nuc2021738,  5299,  0, 0, 0, , 0, 0, 0, 0, 0,
194,  1,  193,  216,  -1,  564, 519,  169.0,  25,  Nuc2034679,  1512,  0, 0, 0, , 0, 0, 0, 0, 0,
195,  1,  193,  -1,  -1,  590, 515,  172.0,  29,  Nuc2034821,  1443,  0, 0, 0, , 0, 0, 0, 0, 0,
196,  1,  194,  217,  -1,  602, 521,  163.0,  23,  Nuc2034826,  6071,  0, 0, 0, , 0, 0, 0, 0, 0,
197,  1,  195,  218,  -1,  322, 465,  148.0,  23,  Nuc2064289,  3542,  0, 0, 0, , 0, 0, 0, 0, 0,
198,  1,  196,  219,  -1,  309, 390,  155.0,  21,  Nuc2064486,  2986,  0, 0, 0, , 0, 0, 0, 0, 0,
199,  1,  197,  220,  -1,  343, 340,  149.0,  23,  Nuc2064505,  2568,  0, 0, 0, , 0, 0, 0, 0, 0,
200,  1,  198,  221,  -1,  257, 739,  128.0,  21,  Nuc2064551,  2113,  0, 0, 0, , 0, 0, 0, 0, 0,
201,  1,  199,  -1,  -1,  348, 759,  145.0,  23,  Nuc2064566,  302,  0, 0, 0, , 0, 0, 0, 0, 0,
202,  1,  199,  222,  -1,  290, 732,  142.0,  23,  Nuc2064567,  1731,  0, 0, 0, , 0, 0, 0, 0, 0,
203,  1,  200,  -1,  -1,  256, 685,  147.0,  23,  Nuc2064694,  2183,  0, 0, 0, , 0, 0, 0, 0, 0,
204,  1,  201,  223,  -1,  260, 638,  155.0,  23,  Nuc2064707,  5305,  0, 0, 0, , 0, 0, 0, 0, 0,
205,  1,  202,  224,  -1,  444, 334,  133.0,  23,  Nuc2064810,  2749,  0, 0, 0, , 0, 0, 0, 0, 0,
206,  1,  203,  225,  -1,  384, 439,  130.0,  23,  Nuc2070275,  623,  0, 0, 0, , 0, 0, 0, 0, 0,
207,  1,  204,  226,  -1,  381, 362,  130.0,  25,  Nuc2070302,  4067,  0, 0, 0, , 0, 0, 0, 0, 0,
208,  1,  205,  227,  -1,  280, 582,  160.0,  23,  Nuc2070361,  3419,  0, 0, 0, , 0, 0, 0, 0, 0,
209,  1,  206,  228,  -1,  361, 551,  175.0,  23,  Nuc2070728,  312,  0, 0, 0, , 0, 0, 0, 0, 0,
210,  1,  207,  229,  -1,  300, 545,  170.0,  23,  Nuc2070746,  1956,  0, 0, 0, , 0, 0, 0, 0, 0,
211,  1,  208,  -1,  -1,  385, 822,  110.0,  23,  Nuc2070761,  1734,  0, 0, 0, , 0, 0, 0, 0, 0,
212,  1,  209,  230,  -1,  325, 878,  99.0,  25,  Nuc2070766,  2048,  0, 0, 0, , 0, 0, 0, 0, 0,
213,  1,  210,  231,  -1,  386, 891,  104.0,  25,  Nuc2070775,  4412,  0, 0, 0, , 0, 0, 0, 0, 0,
214,  1,  211,  232,  -1,  374, 927,  89.0,  23,  Nuc2080659,  2651,  0, 0, 0, , 0, 0, 0, 0, 0,
215,  1,  212,  233,  -1,  298, 584,  134.0,  23,  Nuc2080695,  3088,  0, 0, 0, , 0, 0, 0, 0, 0,
216,  1,  213,  234,  -1,  311, 646,  135.0,  21,  Nuc2080702,  557,  0, 0, 0, , 0, 0, 0, 0, 0,
217,  1,  214,  235,  236,  367, 694,  135.0,  23,  Nuc2080718,  3161,  0, 0, 0, , 0, 0, 0, 0, 0,
218,  1,  215,  237,  -1,  353, 503,  137.0,  23,  Nuc2080794,  3117,  0, 0, 0, , 0, 0, 0, 0, 0,
219,  1,  216,  238,  -1,  378, 561,  139.0,  23,  Nuc2080804,  2539,  0, 0, 0, , 0, 0, 0, 0, 0,
220,  1,  217,  239,  240,  200, 409,  137.0,  21,  Nuc2080831,  784,  0, 0, 0, , 0, 0, 0, 0, 0,
221,  1,  218,  241,  -1,  292, 460,  169.0,  23,  Nuc2081056,  3482,  0, 0, 0, , 0, 0, 0, 0, 0,
222,  1,  219,  242,  -1,  390, 874,  118.0,  23,  Nuc2084894,  3009,  0, 0, 0, , 0, 0, 0, 0, 0,
223,  1,  220,  243,  244,  225, 312,  131.0,  21,  Nuc2088401,  2642,  0, 0, 0, , 0, 0, 0, 0, 0,
224,  1,  221,  245,  -1,  292, 349,  129.0,  21,  Nuc2088412,  3193,  0, 0, 0, , 0, 0, 0, 0, 0,
225,  1,  222,  246,  -1,  302, 402,  136.0,  21,  Nuc2088428,  2474,  0, 0, 0, , 0, 0, 0, 0, 0,
226,  1,  223,  247,  -1,  194, 499,  144.0,  23,  Nuc2088448,  531,  0, 0, 0, , 0, 0, 0, 0, 0,
227,  1,  223,  -1,  -1,  225, 558,  144.0,  23,  Nuc2088450,  1511,  0, 0, 0, , 0, 0, 0, 0, 0,
228,  1,  224,  248,  -1,  228, 613,  141.0,  23,  Nuc2088463,  2180,  0, 0, 0, , 0, 0, 0, 0, 0,
229,  1,  225,  249,  -1,  245, 618,  131.0,  23,  Nuc2088477,  2444,  0, 0, 0, , 0, 0, 0, 0, 0,
230,  1,  226,  250,  -1,  198, 655,  129.0,  23,  Nuc2088486,  1820,  0, 0, 0, , 0, 0, 0, 0, 0,
231,  1,  227,  -1,  -1,  252, 500,  155.0,  23,  Nuc2088500,  280,  0, 0, 0, , 0, 0, 0, 0, 0,
