1,  1,  1,  1,  -1,  533, 963,  87.0,  23,  Nuc54,  3238,  0, 0, 0, , 0, 0, 0, 0, 0,
2,  1,  2,  2,  -1,  446, 946,  86.0,  23,  Nuc7221,  3714,  0, 0, 0, , 0, 0, 0, 0, 0,
3,  1,  3,  3,  -1,  459, 881,  105.0,  23,  Nuc9512,  3533,  0, 0, 0, , 0, 0, 0, 0, 0,
4,  1,  4,  4,  -1,  455, 928,  106.0,  21,  Nuc26074,  3412,  0, 0, 0, , 0, 0, 0, 0, 0,
5,  1,  5,  5,  -1,  732, 899,  96.0,  23,  Nuc29661,  3782,  0, 0, 0, , 0, 0, 0, 0, 0,
6,  1,  6,  6,  -1,  680, 889,  107.0,  23,  Nuc37572,  4054,  0, 0, 0, , 0, 0, 0, 0, 0,
7,  1,  7,  7,  -1,  601, 928,  97.0,  23,  Nuc47876,  3107,  0, 0, 0, , 0, 0, 0, 0, 0,
8,  1,  8,  8,  -1,  653, 958,  83.0,  23,  Nuc51547,  3254,  0, 0, 0, , 0, 0, 0, 0, 0,
9,  1,  9,  9,  -1,  631, 867,  124.0,  23,  Nuc63973,  4319,  0, 0, 0, , 0, 0, 0, 0, 0,
10,  1,  10,  10,  -1,  577, 834,  117.0,  23,  Nuc65765,  4027,  0, 0, 0, , 0, 0, 0, 0, 0,
11,  1,  11,  11,  -1,  526, 908,  101.0,  23,  Nuc69334,  4462,  0, 0, 0, , 0, 0, 0, 0, 0,
12,  1,  12,  12,  -1,  590, 908,  112.0,  23,  Nuc73717,  3812,  0, 0, 0, , 0, 0, 0, 0, 0,
13,  1,  13,  13,  -1,  454, 820,  117.0,  23,  Nuc90584,  2604,  0, 0, 0, , 0, 0, 0, 0, 0,
14,  1,  14,  14,  -1,  506, 809,  122.0,  25,  Nuc102432,  3439,  0, 0, 0, , 0, 0, 0, 0, 0,
15,  1,  15,  15,  -1,  526, 892,  120.0,  23,  Nuc144306,  3909,  0, 0, 0, , 0, 0, 0, 0, 0,
16,  1,  16,  16,  -1,  475, 890,  126.0,  25,  Nuc146840,  2949,  0, 0, 0, , 0, 0, 0, 0, 0,
17,  1,  17,  17,  -1,  329, 224,  122.0,  23,  Nuc152759,  1018,  0, 0, 0, , 0, 0, 0, 0, 0,
18,  1,  18,  18,  -1,  316, 172,  111.0,  23,  Nuc152772,  2263,  0, 0, 0, , 0, 0, 0, 0, 0,
19,  1,  19,  19,  -1,  286, 296,  146.0,  23,  Nuc152808,  881,  0, 0, 0, , 0, 0, 0, 0, 0,
20,  1,  20,  20,  -1,  313, 248,  134.0,  21,  Nuc152848,  2870,  0, 0, 0, , 0, 0, 0, 0, 0,
21,  1,  21,  21,  -1,  682, 770,  125.0,  23,  Nuc152900,  4619,  0, 0, 0, , 0, 0, 0, 0, 0,
22,  1,  22,  22,  -1,  705, 844,  124.0,  23,  Nuc173373,  4670,  0, 0, 0, , 0, 0, 0, 0, 0,
23,  1,  23,  23,  -1,  672, 771,  145.0,  23,  Nuc190555,  5639,  0, 0, 0, , 0, 0, 0, 0, 0,
24,  1,  24,  24,  -1,  641, 826,  140.0,  23,  Nuc205688,  4727,  0, 0, 0, , 0, 0, 0, 0, 0,
25,  1,  25,  25,  -1,  829, 785,  113.0,  23,  Nuc209753,  4231,  0, 0, 0, , 0, 0, 0, 0, 0,
26,  1,  26,  26,  -1,  846, 833,  97.0,  25,  Nuc215649,  4156,  0, 0, 0, , 0, 0, 0, 0, 0,
27,  1,  27,  27,  -1,  773, 792,  121.0,  21,  Nuc230368,  4413,  0, 0, 0, , 0, 0, 0, 0, 0,
28,  1,  28,  28,  -1,  765, 854,  111.0,  23,  Nuc248263,  4875,  0, 0, 0, , 0, 0, 0, 0, 0,
29,  1,  29,  29,  -1,  796, 214,  102.0,  23,  Nuc251874,  4515,  0, 0, 0, , 0, 0, 0, 0, 0,
30,  1,  30,  30,  -1,  683, 174,  105.0,  23,  Nuc260703,  3867,  0, 0, 0, , 0, 0, 0, 0, 0,
31,  1,  31,  31,  -1,  642, 203,  123.0,  23,  Nuc264747,  3699,  0, 0, 0, , 0, 0, 0, 0, 0,
32,  1,  32,  32,  -1,  704, 213,  128.0,  23,  Nuc272771,  3656,  0, 0, 0, , 0, 0, 0, 0, 0,
33,  1,  33,  33,  -1,  558, 265,  133.0,  23,  Nuc274975,  4196,  0, 0, 0, , 0, 0, 0, 0, 0,
34,  1,  34,  34,  -1,  604, 232,  141.0,  23,  Nuc283121,  4157,  0, 0, 0, , 0, 0, 0, 0, 0,
35,  1,  35,  35,  -1,  568, 196,  123.0,  25,  Nuc293747,  2544,  0, 0, 0, , 0, 0, 0, 0, 0,
36,  1,  36,  36,  -1,  599, 133,  108.0,  23,  Nuc306823,  2921,  0, 0, 0, , 0, 0, 0, 0, 0,
37,  1,  37,  37,  -1,  889, 310,  105.0,  23,  Nuc314313,  4192,  0, 0, 0, , 0, 0, 0, 0, 0,
38,  1,  38,  38,  -1,  947, 412,  105.0,  23,  Nuc326399,  4508,  0, 0, 0, , 0, 0, 0, 0, 0,
39,  1,  39,  39,  -1,  800, 306,  122.0,  21,  Nuc343665,  3964,  0, 0, 0, , 0, 0, 0, 0, 0,
40,  1,  40,  40,  -1,  843, 354,  124.0,  21,  Nuc359676,  4136,  0, 0, 0, , 0, 0, 0, 0, 0,
41,  1,  41,  41,  -1,  767, 358,  147.0,  23,  Nuc370597,  4782,  0, 0, 0, , 0, 0, 0, 0, 0,
42,  1,  42,  42,  -1,  721, 356,  136.0,  23,  Nuc386075,  5117,  0, 0, 0, , 0, 0, 0, 0, 0,
43,  1,  43,  43,  -1,  681, 285,  131.0,  23,  Nuc406964,  4971,  0, 0, 0, , 0, 0, 0, 0, 0,
44,  1,  44,  44,  -1,  757, 263,  131.0,  23,  Nuc441234,  4647,  0, 0, 0, , 0, 0, 0, 0, 0,
45,  1,  45,  45,  -1,  409, 152,  108.0,  23,  Nuc445502,  2132,  0, 0, 0, , 0, 0, 0, 0, 0,
46,  1,  46,  46,  -1,  395, 172,  121.0,  23,  Nuc450545,  2969,  0, 0, 0, , 0, 0, 0, 0, 0,
47,  1,  47,  47,  -1,  396, 280,  125.0,  23,  Nuc451837,  2165,  0, 0, 0, , 0, 0, 0, 0, 0,
48,  1,  48,  48,  -1,  391, 222,  133.0,  23,  Nuc451848,  2745,  0, 0, 0, , 0, 0, 0, 0, 0,
49,  1,  49,  49,  -1,  492, 133,  109.0,  21,  Nuc454668,  3760,  0, 0, 0, , 0, 0, 0, 0, 0,
50,  1,  50,  50,  -1,  468, 189,  124.0,  21,  Nuc457644,  3432,  0, 0, 0, , 0, 0, 0, 0, 0,
51,  1,  51,  51,  -1,  475, 269,  130.0,  23,  Nuc460144,  2644,  0, 0, 0, , 0, 0, 0, 0, 0,
52,  1,  52,  52,  -1,  487, 192,  138.0,  21,  Nuc462374,  3131,  0, 0, 0, , 0, 0, 0, 0, 0,
53,  1,  53,  53,  -1,  894, 642,  122.0,  23,  Nuc466286,  4378,  0, 0, 0, , 0, 0, 0, 0, 0,
54,  1,  54,  54,  -1,  945, 649,  108.0,  23,  Nuc478779,  4368,  0, 0, 0, , 0, 0, 0, 0, 0,
55,  1,  55,  55,  -1,  842, 695,  124.0,  23,  Nuc497652,  5378,  0, 0, 0, , 0, 0, 0, 0, 0,
56,  1,  56,  56,  -1,  896, 736,  110.0,  23,  Nuc541231,  4528,  0, 0, 0, , 0, 0, 0, 0, 0,
57,  1,  57,  57,  -1,  799, 732,  137.0,  23,  Nuc546712,  5303,  0, 0, 0, , 0, 0, 0, 0, 0,
58,  1,  58,  58,  -1,  753, 685,  128.0,  23,  Nuc578587,  5287,  0, 0, 0, , 0, 0, 0, 0, 0,
59,  1,  59,  59,  60,  674, 690,  147.0,  23,  Nuc606126,  6703,  0, 0, 0, , 0, 0, 0, 0, 0,
60,  1,  60,  61,  -1,  742, 726,  151.0,  23,  Nuc668705,  4899,  0, 0, 0, , 0, 0, 0, 0, 0,
61,  1,  61,  62,  63,  396, 815,  141.0,  23,  Nuc682037,  2676,  0, 0, 0, , 0, 0, 0, 0, 0,
62,  1,  62,  64,  -1,  430, 855,  134.0,  21,  Nuc682047,  4714,  0, 0, 0, , 0, 0, 0, 0, 0,
63,  1,  63,  -1,  -1,  290, 812,  110.0,  23,  Nuc694405,  597,  0, 0, 0, , 0, 0, 0, 0, 0,
64,  1,  63,  65,  -1,  289, 812,  117.0,  23,  Nuc694406,  1930,  0, 0, 0, , 0, 0, 0, 0, 0,
65,  1,  64,  66,  -1,  338, 828,  127.0,  23,  Nuc694417,  3619,  0, 0, 0, , 0, 0, 0, 0, 0,
66,  1,  65,  67,  -1,  901, 419,  123.0,  21,  Nuc701800,  4682,  0, 0, 0, , 0, 0, 0, 0, 0,
67,  1,  66,  68,  -1,  921, 494,  120.0,  23,  Nuc727154,  4514,  0, 0, 0, , 0, 0, 0, 0, 0,
68,  1,  67,  69,  -1,  845, 422,  137.0,  23,  Nuc736762,  5368,  0, 0, 0, , 0, 0, 0, 0, 0,
69,  1,  68,  70,  -1,  860, 509,  141.0,  23,  Nuc744063,  5141,  0, 0, 0, , 0, 0, 0, 0, 0,
70,  1,  69,  71,  -1,  774, 454,  132.0,  23,  Nuc765545,  5903,  0, 0, 0, , 0, 0, 0, 0, 0,
71,  1,  70,  72,  -1,  748, 522,  142.0,  23,  Nuc777262,  5468,  0, 0, 0, , 0, 0, 0, 0, 0,
72,  1,  71,  73,  -1,  803, 479,  155.0,  23,  Nuc781817,  5342,  0, 0, 0, , 0, 0, 0, 0, 0,
73,  1,  72,  74,  -1,  726, 440,  155.0,  23,  Nuc787812,  5551,  0, 0, 0, , 0, 0, 0, 0, 0,
74,  1,  73,  75,  -1,  794, 603,  138.0,  23,  Nuc799516,  5984,  0, 0, 0, , 0, 0, 0, 0, 0,
75,  1,  74,  76,  -1,  872, 606,  140.0,  23,  Nuc846745,  5315,  0, 0, 0, , 0, 0, 0, 0, 0,
76,  1,  75,  77,  -1,  841, 566,  124.0,  23,  Nuc855280,  5377,  0, 0, 0, , 0, 0, 0, 0, 0,
77,  1,  76,  78,  -1,  927, 568,  125.0,  23,  Nuc895727,  5056,  0, 0, 0, , 0, 0, 0, 0, 0,
78,  1,  77,  79,  -1,  968, 532,  109.0,  23,  Nuc906510,  4432,  0, 0, 0, , 0, 0, 0, 0, 0,
79,  1,  78,  80,  -1,  727, 604,  136.0,  25,  Nuc911891,  5489,  0, 0, 0, , 0, 0, 0, 0, 0,
80,  1,  79,  81,  -1,  748, 640,  157.0,  23,  Nuc952990,  6491,  0, 0, 0, , 0, 0, 0, 0, 0,
81,  1,  80,  82,  -1,  812, 582,  156.0,  23,  Nuc966754,  6809,  0, 0, 0, , 0, 0, 0, 0, 0,
82,  1,  81,  83,  -1,  471, 671,  134.0,  23,  Nuc1024092,  3090,  0, 0, 0, , 0, 0, 0, 0, 0,
83,  1,  82,  84,  -1,  457, 589,  140.0,  25,  Nuc1024109,  3348,  0, 0, 0, , 0, 0, 0, 0, 0,
84,  1,  83,  -1,  -1,  500, 602,  127.0,  25,  Nuc1056980,  3944,  0, 0, 0, , 0, 0, 0, 0, 0,
85,  1,  83,  85,  -1,  500, 602,  133.0,  23,  Nuc1056981,  4314,  0, 0, 0, , 0, 0, 0, 0, 0,
86,  1,  84,  86,  -1,  321, 744,  123.0,  23,  Nuc1057040,  642,  0, 0, 0, , 0, 0, 0, 0, 0,
87,  1,  85,  87,  -1,  463, 761,  128.0,  23,  Nuc1057330,  2395,  0, 0, 0, , 0, 0, 0, 0, 0,
88,  1,  86,  88,  89,  460, 713,  143.0,  23,  Nuc1057728,  4445,  0, 0, 0, , 0, 0, 0, 0, 0,
89,  1,  87,  90,  -1,  568, 659,  138.0,  25,  Nuc1057898,  3239,  0, 0, 0, , 0, 0, 0, 0, 0,
90,  1,  88,  91,  -1,  475, 671,  125.0,  29,  Nuc1091568,  1419,  0, 0, 0, , 0, 0, 0, 0, 0,
91,  1,  89,  92,  -1,  536, 715,  130.0,  27,  Nuc1091573,  3793,  0, 0, 0, , 0, 0, 0, 0, 0,
92,  1,  90,  93,  -1,  617, 709,  136.0,  23,  Nuc1102201,  4986,  0, 0, 0, , 0, 0, 0, 0, 0,
93,  1,  91,  94,  -1,  595, 758,  127.0,  23,  Nuc1145035,  4020,  0, 0, 0, , 0, 0, 0, 0, 0,
94,  1,  92,  95,  -1,  298, 581,  143.0,  21,  Nuc1208111,  1899,  0, 0, 0, , 0, 0, 0, 0, 0,
95,  1,  93,  96,  -1,  342, 520,  155.0,  23,  Nuc1208125,  902,  0, 0, 0, , 0, 0, 0, 0, 0,
96,  1,  94,  97,  98,  271, 495,  136.0,  21,  Nuc1208130,  1984,  0, 0, 0, , 0, 0, 0, 0, 0,
97,  1,  94,  99,  100,  309, 529,  145.0,  23,  Nuc1208134,  3654,  0, 0, 0, , 0, 0, 0, 0, 0,
98,  1,  95,  -1,  -1,  342, 518,  163.0,  23,  Nuc1208151,  1645,  0, 0, 0, , 0, 0, 0, 0, 0,
99,  1,  96,  101,  -1,  491, 531,  137.0,  23,  Nuc1208189,  2714,  0, 0, 0, , 0, 0, 0, 0, 0,
100,  1,  97,  102,  103,  543, 775,  142.0,  25,  Nuc1210605,  3916,  0, 0, 0, , 0, 0, 0, 0, 0,
101,  1,  98,  104,  105,  556, 854,  141.0,  23,  Nuc1231735,  3760,  0, 0, 0, , 0, 0, 0, 0, 0,
102,  1,  99,  106,  107,  468, 823,  145.0,  23,  Nuc1247444,  4409,  0, 0, 0, , 0, 0, 0, 0, 0,
103,  1,  100,  108,  109,  487, 768,  160.0,  23,  Nuc1262363,  5318,  0, 0, 0, , 0, 0, 0, 0, 0,
104,  1,  101,  110,  -1,  649, 616,  132.0,  21,  Nuc1272757,  4476,  0, 0, 0, , 0, 0, 0, 0, 0,
105,  1,  102,  111,  -1,  633, 627,  150.0,  23,  Nuc1335641,  4718,  0, 0, 0, , 0, 0, 0, 0, 0,
106,  1,  103,  112,  -1,  568, 572,  138.0,  23,  Nuc1336665,  3752,  0, 0, 0, , 0, 0, 0, 0, 0,
107,  1,  104,  113,  -1,  627, 529,  136.0,  23,  Nuc1390580,  4920,  0, 0, 0, , 0, 0, 0, 0, 0,
108,  1,  105,  114,  -1,  431, 406,  144.0,  23,  Nuc1418715,  2775,  0, 0, 0, , 0, 0, 0, 0, 0,
109,  1,  105,  115,  -1,  411, 472,  147.0,  23,  Nuc1418718,  3259,  0, 0, 0, , 0, 0, 0, 0, 0,
110,  1,  106,  116,  117,  451, 399,  147.0,  23,  Nuc1418773,  2712,  0, 0, 0, , 0, 0, 0, 0, 0,
111,  1,  107,  118,  -1,  414, 544,  153.0,  23,  Nuc1418850,  4145,  0, 0, 0, , 0, 0, 0, 0, 0,
112,  1,  107,  119,  -1,  416, 541,  147.0,  23,  Nuc1418853,  3744,  0, 0, 0, , 0, 0, 0, 0, 0,
113,  1,  108,  120,  -1,  431, 568,  170.0,  21,  Nuc1419087,  2133,  0, 0, 0, , 0, 0, 0, 0, 0,
114,  1,  108,  121,  -1,  457, 516,  167.0,  25,  Nuc1426599,  2954,  0, 0, 0, , 0, 0, 0, 0, 0,
115,  1,  110,  -1,  -1,  442, 337,  123.0,  29,  Nuc1426627,  1200,  0, 0, 0, , 0, 0, 0, 0, 0,
116,  1,  111,  -1,  -1,  472, 387,  132.0,  23,  Nuc1426635,  1618,  0, 0, 0, , 0, 0, 0, 0, 0,
117,  1,  112,  -1,  -1,  355, 501,  130.0,  23,  Nuc1426648,  3171,  0, 0, 0, , 0, 0, 0, 0, 0,
118,  1,  113,  -1,  -1,  426, 513,  131.0,  25,  Nuc1426651,  1888,  0, 0, 0, , 0, 0, 0, 0, 0,
119,  1,  114,  122,  -1,  470, 457,  135.0,  23,  Nuc1426661,  1784,  0, 0, 0, , 0, 0, 0, 0, 0,
120,  1,  115,  123,  -1,  468, 455,  128.0,  23,  Nuc1426668,  4541,  0, 0, 0, , 0, 0, 0, 0, 0,
121,  1,  116,  124,  -1,  570, 479,  132.0,  23,  Nuc1431502,  4219,  0, 0, 0, , 0, 0, 0, 0, 0,
122,  1,  117,  -1,  -1,  459, 505,  162.0,  21,  Nuc1468250,  1008,  0, 0, 0, , 0, 0, 0, 0, 0,
123,  1,  117,  125,  -1,  460, 500,  155.0,  25,  Nuc1468251,  4859,  0, 0, 0, , 0, 0, 0, 0, 0,
124,  1,  118,  126,  -1,  489, 471,  147.0,  23,  Nuc1476745,  4199,  0, 0, 0, , 0, 0, 0, 0, 0,
125,  1,  119,  127,  -1,  566, 494,  147.0,  21,  Nuc1483166,  4388,  0, 0, 0, , 0, 0, 0, 0, 0,
126,  1,  120,  128,  129,  348, 378,  169.0,  23,  Nuc1483221,  3239,  0, 0, 0, , 0, 0, 0, 0, 0,
127,  1,  121,  130,  -1,  290, 459,  163.0,  21,  Nuc1492464,  2677,  0, 0, 0, , 0, 0, 0, 0, 0,
128,  1,  122,  131,  132,  397, 423,  173.0,  33,  Nuc1492999,  1779,  0, 0, 0, , 0, 0, 0, 0, 0,
129,  1,  122,  133,  -1,  369, 436,  163.0,  23,  Nuc1493147,  2050,  0, 0, 0, , 0, 0, 0, 0, 0,
130,  1,  123,  134,  -1,  452, 317,  168.0,  23,  Nuc1493221,  3091,  0, 0, 0, , 0, 0, 0, 0, 0,
131,  1,  124,  135,  -1,  397, 335,  162.0,  21,  Nuc1493592,  2608,  0, 0, 0, , 0, 0, 0, 0, 0,
132,  1,  124,  136,  -1,  404, 362,  161.0,  21,  Nuc1494663,  658,  0, 0, 0, , 0, 0, 0, 0, 0,
133,  1,  125,  137,  -1,  383, 302,  144.0,  19,  Nuc1494717,  554,  0, 0, 0, , 0, 0, 0, 0, 0,
134,  1,  125,  -1,  -1,  363, 283,  149.0,  21,  Nuc1496345,  2496,  0, 0, 0, , 0, 0, 0, 0, 0,
135,  1,  126,  138,  139,  426, 238,  150.0,  23,  Nuc1496363,  3986,  0, 0, 0, , 0, 0, 0, 0, 0,
136,  1,  127,  140,  141,  649, 328,  159.0,  25,  Nuc1500723,  10474,  0, 0, 0, , 0, 0, 0, 0, 0,
137,  1,  128,  142,  143,  638, 396,  148.0,  23,  Nuc1508334,  4907,  0, 0, 0, , 0, 0, 0, 0, 0,
138,  1,  129,  144,  145,  561, 403,  137.0,  25,  Nuc1514866,  3242,  0, 0, 0, , 0, 0, 0, 0, 0,
139,  1,  130,  146,  -1,  610, 331,  135.0,  23,  Nuc1545759,  4613,  0, 0, 0, , 0, 0, 0, 0, 0,
140,  1,  131,  147,  -1,  478, 324,  149.0,  23,  Nuc1553359,  3799,  0, 0, 0, , 0, 0, 0, 0, 0,
141,  1,  131,  148,  -1,  505, 329,  145.0,  21,  Nuc1560726,  3255,  0, 0, 0, , 0, 0, 0, 0, 0,
142,  1,  132,  149,  150,  523, 255,  152.0,  35,  Nuc1572627,  10839,  0, 0, 0, , 0, 0, 0, 0, 0,
143,  1,  133,  151,  152,  582, 302,  163.0,  23,  Nuc1577611,  4638,  0, 0, 0, , 0, 0, 0, 0, 0,
144,  1,  134,  153,  -1,  454, 336,  171.0,  23,  Nuc1584281,  2905,  0, 0, 0, , 0, 0, 0, 0, 0,
145,  1,  134,  154,  -1,  514, 348,  166.0,  23,  Nuc1584406,  6403,  0, 0, 0, , 0, 0, 0, 0, 0,
146,  1,  135,  155,  156,  635, 467,  147.0,  25,  Nuc1584580,  4065,  0, 0, 0, , 0, 0, 0, 0, 0,
147,  1,  136,  157,  -1,  683, 433,  134.0,  23,  Nuc1622752,  4012,  0, 0, 0, , 0, 0, 0, 0, 0,
148,  1,  137,  158,  -1,  662, 523,  161.0,  23,  Nuc1640571,  12025,  0, 0, 0, , 0, 0, 0, 0, 0,
149,  1,  138,  159,  -1,  635, 532,  150.0,  25,  Nuc1643518,  6683,  0, 0, 0, , 0, 0, 0, 0, 0,
150,  1,  139,  160,  161,  689, 572,  157.0,  21,  Nuc1703087,  4175,  0, 0, 0, , 0, 0, 0, 0, 0,
151,  1,  140,  162,  -1,  669, 555,  142.0,  23,  Nuc1707949,  9132,  0, 0, 0, , 0, 0, 0, 0, 0,
152,  1,  141,  163,  -1,  546, 539,  155.0,  25,  Nuc1740613,  4326,  0, 0, 0, , 0, 0, 0, 0, 0,
153,  1,  142,  -1,  -1,  549, 599,  157.0,  29,  Nuc1754949,  1759,  0, 0, 0, , 0, 0, 0, 0, 0,
154,  1,  142,  164,  -1,  523, 580,  151.0,  23,  Nuc1754950,  3906,  0, 0, 0, , 0, 0, 0, 0, 0,
155,  1,  143,  165,  166,  459, 477,  168.0,  25,  Nuc1759758,  1201,  0, 0, 0, , 0, 0, 0, 0, 0,
156,  1,  144,  167,  -1,  466, 445,  167.0,  21,  Nuc1763574,  2811,  0, 0, 0, , 0, 0, 0, 0, 0,
157,  1,  144,  168,  169,  442, 431,  164.0,  23,  Nuc1765076,  3209,  0, 0, 0, , 0, 0, 0, 0, 0,
158,  1,  145,  170,  171,  503, 499,  164.0,  23,  Nuc1772010,  7483,  0, 0, 0, , 0, 0, 0, 0, 0,
159,  1,  146,  172,  -1,  481, 552,  161.0,  23,  Nuc1773066,  4531,  0, 0, 0, , 0, 0, 0, 0, 0,
160,  1,  147,  -1,  -1,  454, 466,  175.0,  25,  Nuc1773103,  716,  0, 0, 0, , 0, 0, 0, 0, 0,
161,  1,  148,  173,  174,  418, 711,  165.0,  23,  Nuc1773172,  2899,  0, 0, 0, , 0, 0, 0, 0, 0,
162,  1,  149,  -1,  -1,  260, 641,  161.0,  23,  Nuc1784070,  5144,  0, 0, 0, , 0, 0, 0, 0, 0,
163,  1,  150,  175,  176,  295, 619,  154.0,  23,  Nuc1784072,  2372,  0, 0, 0, , 0, 0, 0, 0, 0,
164,  1,  151,  177,  -1,  333, 716,  162.0,  21,  Nuc1784107,  3801,  0, 0, 0, , 0, 0, 0, 0, 0,
165,  1,  152,  178,  -1,  320, 659,  152.0,  21,  Nuc1784486,  2884,  0, 0, 0, , 0, 0, 0, 0, 0,
166,  1,  153,  179,  -1,  427, 602,  168.0,  21,  Nuc1785259,  4554,  0, 0, 0, , 0, 0, 0, 0, 0,
167,  1,  154,  -1,  -1,  349, 590,  160.0,  21,  Nuc1793819,  2455,  0, 0, 0, , 0, 0, 0, 0, 0,
168,  1,  155,  180,  -1,  367, 651,  175.0,  21,  Nuc1793834,  3672,  0, 0, 0, , 0, 0, 0, 0, 0,
169,  1,  156,  181,  -1,  412, 419,  169.0,  29,  Nuc1794113,  339,  0, 0, 0, , 0, 0, 0, 0, 0,
170,  1,  156,  182,  -1,  430, 406,  179.0,  31,  Nuc1794115,  5590,  0, 0, 0, , 0, 0, 0, 0, 0,
171,  1,  157,  183,  184,  542, 398,  177.0,  23,  Nuc1794458,  5168,  0, 0, 0, , 0, 0, 0, 0, 0,
172,  1,  158,  185,  186,  621, 436,  171.0,  25,  Nuc1800323,  6166,  0, 0, 0, , 0, 0, 0, 0, 0,
173,  1,  159,  187,  188,  693, 401,  166.0,  23,  Nuc1848867,  5631,  0, 0, 0, , 0, 0, 0, 0, 0,
174,  1,  160,  189,  -1,  686, 493,  171.0,  23,  Nuc1850297,  9909,  0, 0, 0, , 0, 0, 0, 0, 0,
175,  1,  161,  190,  -1,  742, 500,  168.0,  23,  Nuc1858779,  9960,  0, 0, 0, , 0, 0, 0, 0, 0,
176,  1,  162,  191,  -1,  626, 600,  179.0,  45,  Nuc1862209,  1078,  0, 0, 0, , 0, 0, 0, 0, 0,
177,  1,  162,  192,  193,  662, 581,  171.0,  25,  Nuc1862211,  4248,  0, 0, 0, , 0, 0, 0, 0, 0,
178,  1,  163,  194,  -1,  730, 547,  163.0,  23,  Nuc1867423,  10813,  0, 0, 0, , 0, 0, 0, 0, 0,
179,  1,  164,  195,  -1,  735, 581,  168.0,  23,  Nuc1868189,  9768,  0, 0, 0, , 0, 0, 0, 0, 0,
180,  1,  165,  196,  197,  444, 686,  178.0,  23,  Nuc1869385,  3690,  0, 0, 0, , 0, 0, 0, 0, 0,
181,  1,  166,  198,  -1,  612, 713,  164.0,  23,  Nuc1869992,  6574,  0, 0, 0, , 0, 0, 0, 0, 0,
182,  1,  167,  199,  200,  592, 772,  160.0,  23,  Nuc1871447,  6381,  0, 0, 0, , 0, 0, 0, 0, 0,
183,  1,  168,  201,  202,  539, 667,  175.0,  23,  Nuc1883036,  6134,  0, 0, 0, , 0, 0, 0, 0, 0,
184,  1,  169,  203,  -1,  517, 727,  171.0,  23,  Nuc1889451,  5644,  0, 0, 0, , 0, 0, 0, 0, 0,
185,  1,  170,  204,  205,  656, 659,  169.0,  29,  Nuc1892148,  6151,  0, 0, 0, , 0, 0, 0, 0, 0,
186,  1,  171,  206,  -1,  530, 604,  183.0,  35,  Nuc1921273,  1430,  0, 0, 0, , 0, 0, 0, 0, 0,
187,  1,  172,  207,  208,  574, 601,  180.0,  23,  Nuc1921277,  5918,  0, 0, 0, , 0, 0, 0, 0, 0,
188,  1,  173,  209,  -1,  576, 490,  182.0,  23,  Nuc1922075,  5269,  0, 0, 0, , 0, 0, 0, 0, 0,
189,  1,  174,  210,  -1,  636, 535,  178.0,  23,  Nuc1922175,  6977,  0, 0, 0, , 0, 0, 0, 0, 0,
190,  1,  175,  211,  -1,  487, 604,  184.0,  35,  Nuc1923291,  876,  0, 0, 0, , 0, 0, 0, 0, 0,
191,  1,  176,  212,  -1,  451, 636,  183.0,  21,  Nuc1924230,  2188,  0, 0, 0, , 0, 0, 0, 0, 0,
192,  1,  176,  213,  -1,  439, 606,  184.0,  23,  Nuc1934124,  2568,  0, 0, 0, , 0, 0, 0, 0, 0,
193,  1,  177,  214,  215,  458, 641,  153.0,  23,  Nuc1934265,  3218,  0, 0, 0, , 0, 0, 0, 0, 0,
194,  1,  178,  216,  -1,  523, 686,  155.0,  21,  Nuc1943218,  3162,  0, 0, 0, , 0, 0, 0, 0, 0,
195,  1,  178,  217,  -1,  524, 647,  154.0,  21,  Nuc1950031,  2969,  0, 0, 0, , 0, 0, 0, 0, 0,
196,  1,  179,  218,  -1,  520, 598,  167.0,  21,  Nuc1950051,  3399,  0, 0, 0, , 0, 0, 0, 0, 0,
197,  1,  179,  219,  -1,  500, 606,  172.0,  21,  Nuc1950317,  2697,  0, 0, 0, , 0, 0, 0, 0, 0,
198,  1,  180,  220,  -1,  412, 542,  184.0,  27,  Nuc1953727,  3450,  0, 0, 0, , 0, 0, 0, 0, 0,
199,  1,  181,  221,  222,  370, 483,  183.0,  31,  Nuc1954698,  4062,  0, 0, 0, , 0, 0, 0, 0, 0,
200,  1,  182,  223,  -1,  497, 567,  183.0,  23,  Nuc1954934,  3328,  0, 0, 0, , 0, 0, 0, 0, 0,
201,  1,  183,  -1,  -1,  491, 563,  176.0,  23,  Nuc1955370,  1149,  0, 0, 0, , 0, 0, 0, 0, 0,
202,  1,  183,  224,  225,  533, 538,  178.0,  21,  Nuc1955371,  7642,  0, 0, 0, , 0, 0, 0, 0, 0,
203,  1,  184,  226,  -1,  505, 467,  181.0,  23,  Nuc1968433,  5386,  0, 0, 0, , 0, 0, 0, 0, 0,
204,  1,  185,  227,  -1,  460, 503,  183.0,  25,  Nuc1968595,  6329,  0, 0, 0, , 0, 0, 0, 0, 0,
205,  1,  186,  -1,  -1,  559, 563,  167.0,  27,  Nuc1968819,  1684,  0, 0, 0, , 0, 0, 0, 0, 0,
206,  1,  186,  -1,  -1,  592, 560,  169.0,  29,  Nuc1968820,  553,  0, 0, 0, , 0, 0, 0, 0, 0,
207,  1,  187,  -1,  -1,  579, 601,  170.0,  29,  Nuc1968822,  2483,  0, 0, 0, , 0, 0, 0, 0, 0,
208,  1,  188,  228,  -1,  583, 605,  164.0,  25,  Nuc1968832,  3348,  0, 0, 0, , 0, 0, 0, 0, 0,
209,  1,  188,  229,  -1,  590, 593,  160.0,  23,  Nuc2004956,  5422,  0, 0, 0, , 0, 0, 0, 0, 0,
210,  1,  189,  230,  231,  403, 753,  154.0,  23,  Nuc2009240,  4361,  0, 0, 0, , 0, 0, 0, 0, 0,
211,  1,  190,  232,  -1,  383, 786,  126.0,  23,  Nuc2012722,  2679,  0, 0, 0, , 0, 0, 0, 0, 0,
212,  1,  191,  -1,  -1,  542, 520,  168.0,  23,  Nuc2012767,  1344,  0, 0, 0, , 0, 0, 0, 0, 0,
213,  1,  192,  233,  -1,  557, 482,  168.0,  23,  Nuc2012780,  8120,  0, 0, 0, , 0, 0, 0, 0, 0,
214,  1,  193,  234,  -1,  518, 358,  162.0,  21,  Nuc2021739,  4576,  0, 0, 0, , 0, 0, 0, 0, 0,
215,  1,  193,  235,  236,  537, 427,  160.0,  29,  Nuc2024292,  6991,  0, 0, 0, , 0, 0, 0, 0, 0,
216,  1,  194,  237,  -1,  564, 520,  168.0,  19,  Nuc2034680,  830,  0, 0, 0, , 0, 0, 0, 0, 0,
217,  1,  196,  238,  -1,  603, 519,  163.0,  23,  Nuc2034827,  6973,  0, 0, 0, , 0, 0, 0, 0, 0,
218,  1,  197,  239,  -1,  323, 465,  148.0,  29,  Nuc2064290,  3764,  0, 0, 0, , 0, 0, 0, 0, 0,
219,  1,  198,  240,  -1,  298, 387,  156.0,  23,  Nuc2064487,  2001,  0, 0, 0, , 0, 0, 0, 0, 0,
220,  1,  199,  241,  -1,  341, 337,  149.0,  23,  Nuc2064506,  2137,  0, 0, 0, , 0, 0, 0, 0, 0,
221,  1,  200,  242,  243,  256, 738,  128.0,  21,  Nuc2064552,  1318,  0, 0, 0, , 0, 0, 0, 0, 0,
222,  1,  202,  244,  245,  292, 734,  141.0,  23,  Nuc2064568,  2093,  0, 0, 0, , 0, 0, 0, 0, 0,
223,  1,  204,  246,  247,  260, 637,  154.0,  23,  Nuc2064708,  6926,  0, 0, 0, , 0, 0, 0, 0, 0,
224,  1,  205,  248,  -1,  445, 334,  133.0,  23,  Nuc2064811,  3091,  0, 0, 0, , 0, 0, 0, 0, 0,
225,  1,  206,  249,  -1,  382, 436,  131.0,  23,  Nuc2070276,  1272,  0, 0, 0, , 0, 0, 0, 0, 0,
226,  1,  207,  250,  -1,  379, 361,  130.0,  25,  Nuc2070303,  4001,  0, 0, 0, , 0, 0, 0, 0, 0,
227,  1,  208,  251,  -1,  282, 582,  159.0,  23,  Nuc2070362,  3594,  0, 0, 0, , 0, 0, 0, 0, 0,
228,  1,  209,  252,  253,  362, 556,  176.0,  23,  Nuc2070729,  3954,  0, 0, 0, , 0, 0, 0, 0, 0,
229,  1,  210,  -1,  -1,  300, 545,  172.0,  23,  Nuc2070747,  2833,  0, 0, 0, , 0, 0, 0, 0, 0,
230,  1,  212,  254,  -1,  324, 876,  100.0,  23,  Nuc2070767,  1921,  0, 0, 0, , 0, 0, 0, 0, 0,
231,  1,  213,  255,  -1,  386, 889,  104.0,  23,  Nuc2070776,  4056,  0, 0, 0, , 0, 0, 0, 0, 0,
232,  1,  214,  256,  -1,  370, 926,  89.0,  23,  Nuc2080660,  1862,  0, 0, 0, , 0, 0, 0, 0, 0,
233,  1,  215,  257,  -1,  297, 580,  133.0,  23,  Nuc2080696,  3116,  0, 0, 0, , 0, 0, 0, 0, 0,
234,  1,  216,  258,  -1,  307, 647,  136.0,  21,  Nuc2080703,  289,  0, 0, 0, , 0, 0, 0, 0, 0,
235,  1,  217,  259,  -1,  394, 637,  140.0,  23,  Nuc2080719,  1414,  0, 0, 0, , 0, 0, 0, 0, 0,
236,  1,  217,  260,  261,  364, 693,  134.0,  23,  Nuc2080749,  3002,  0, 0, 0, , 0, 0, 0, 0, 0,
237,  1,  218,  262,  -1,  354, 501,  136.0,  23,  Nuc2080795,  3141,  0, 0, 0, , 0, 0, 0, 0, 0,
238,  1,  219,  263,  -1,  374, 559,  139.0,  23,  Nuc2080805,  2787,  0, 0, 0, , 0, 0, 0, 0, 0,
239,  1,  220,  264,  -1,  248, 357,  142.0,  21,  Nuc2080832,  1091,  0, 0, 0, , 0, 0, 0, 0, 0,
240,  1,  220,  265,  266,  198, 406,  138.0,  21,  Nuc2081027,  1349,  0, 0, 0, , 0, 0, 0, 0, 0,
241,  1,  221,  267,  -1,  290, 462,  170.0,  23,  Nuc2081057,  2785,  0, 0, 0, , 0, 0, 0, 0, 0,
242,  1,  222,  268,  -1,  389, 869,  117.0,  23,  Nuc2084895,  2266,  0, 0, 0, , 0, 0, 0, 0, 0,
243,  1,  223,  269,  -1,  225, 313,  134.0,  23,  Nuc2088402,  2628,  0, 0, 0, , 0, 0, 0, 0, 0,
244,  1,  223,  270,  -1,  225, 312,  128.0,  23,  Nuc2088404,  2620,  0, 0, 0, , 0, 0, 0, 0, 0,
245,  1,  224,  271,  -1,  290, 351,  130.0,  23,  Nuc2088413,  3321,  0, 0, 0, , 0, 0, 0, 0, 0,
246,  1,  225,  272,  -1,  302, 400,  137.0,  21,  Nuc2088429,  2667,  0, 0, 0, , 0, 0, 0, 0, 0,
247,  1,  226,  -1,  -1,  195, 497,  145.0,  21,  Nuc2088449,  1064,  0, 0, 0, , 0, 0, 0, 0, 0,
248,  1,  228,  273,  274,  229, 613,  142.0,  23,  Nuc2088464,  2478,  0, 0, 0, , 0, 0, 0, 0, 0,
249,  1,  229,  275,  -1,  244, 616,  132.0,  23,  Nuc2088478,  1965,  0, 0, 0, , 0, 0, 0, 0, 0,
250,  1,  230,  276,  -1,  197, 656,  129.0,  23,  Nuc2088487,  1675,  0, 0, 0, , 0, 0, 0, 0, 0,
251,  1,  -1,  -1,  -1,  271, 495,  131.0,  23,  Nuc2088503,  2302,  0, 0, 0, , 0, 0, 0, 0, 0,
252,  1,  -1,  277,  -1,  432, 333,  149.0,  31,  Nuc2088504,  1058,  0, 0, 0, , 0, 0, 0, 0, 0,
253,  1,  -1,  278,  -1,  399, 484,  167.0,  23,  Nuc2088506,  696,  0, 0, 0, , 0, 0, 0, 0, 0,
