1,  1,  1,  1,  -1,  532, 962,  87.0,  23,  Nuc55,  3128,  0, 0, 0, , 0, 0, 0, 0, 0,
2,  1,  2,  2,  -1,  444, 944,  87.0,  23,  Nuc7222,  3040,  0, 0, 0, , 0, 0, 0, 0, 0,
3,  1,  3,  3,  -1,  457, 878,  106.0,  23,  Nuc9513,  4608,  0, 0, 0, , 0, 0, 0, 0, 0,
4,  1,  4,  4,  -1,  456, 928,  107.0,  23,  Nuc26075,  2883,  0, 0, 0, , 0, 0, 0, 0, 0,
5,  1,  5,  5,  -1,  731, 897,  96.0,  23,  Nuc29662,  3419,  0, 0, 0, , 0, 0, 0, 0, 0,
6,  1,  6,  6,  -1,  677, 887,  108.0,  23,  Nuc37573,  3744,  0, 0, 0, , 0, 0, 0, 0, 0,
7,  1,  7,  7,  -1,  600, 928,  97.0,  25,  Nuc47877,  2928,  0, 0, 0, , 0, 0, 0, 0, 0,
8,  1,  8,  8,  -1,  651, 957,  84.0,  23,  Nuc51548,  3386,  0, 0, 0, , 0, 0, 0, 0, 0,
9,  1,  9,  9,  10,  631, 867,  124.0,  23,  Nuc63974,  3684,  0, 0, 0, , 0, 0, 0, 0, 0,
10,  1,  10,  11,  12,  574, 831,  117.0,  23,  Nuc65766,  3456,  0, 0, 0, , 0, 0, 0, 0, 0,
11,  1,  11,  13,  -1,  526, 905,  102.0,  23,  Nuc69335,  4260,  0, 0, 0, , 0, 0, 0, 0, 0,
12,  1,  12,  14,  -1,  589, 906,  113.0,  23,  Nuc73718,  3942,  0, 0, 0, , 0, 0, 0, 0, 0,
13,  1,  13,  15,  16,  451, 815,  118.0,  23,  Nuc90585,  2684,  0, 0, 0, , 0, 0, 0, 0, 0,
14,  1,  14,  17,  -1,  502, 809,  121.0,  23,  Nuc102433,  3853,  0, 0, 0, , 0, 0, 0, 0, 0,
15,  1,  15,  18,  19,  525, 891,  120.0,  23,  Nuc144307,  3671,  0, 0, 0, , 0, 0, 0, 0, 0,
16,  1,  16,  20,  -1,  474, 891,  126.0,  25,  Nuc146841,  2587,  0, 0, 0, , 0, 0, 0, 0, 0,
17,  1,  17,  21,  -1,  328, 225,  122.0,  23,  Nuc152760,  1685,  0, 0, 0, , 0, 0, 0, 0, 0,
18,  1,  18,  22,  -1,  318, 172,  111.0,  23,  Nuc152773,  2383,  0, 0, 0, , 0, 0, 0, 0, 0,
19,  1,  19,  23,  24,  286, 299,  145.0,  23,  Nuc152809,  2821,  0, 0, 0, , 0, 0, 0, 0, 0,
20,  1,  20,  25,  -1,  312, 247,  133.0,  23,  Nuc152849,  3088,  0, 0, 0, , 0, 0, 0, 0, 0,
21,  1,  21,  26,  27,  679, 772,  125.0,  29,  Nuc152901,  8850,  0, 0, 0, , 0, 0, 0, 0, 0,
22,  1,  22,  28,  29,  707, 845,  124.0,  25,  Nuc173374,  4530,  0, 0, 0, , 0, 0, 0, 0, 0,
23,  1,  23,  30,  31,  673, 771,  146.0,  31,  Nuc190556,  11661,  0, 0, 0, , 0, 0, 0, 0, 0,
24,  1,  24,  32,  33,  640, 827,  140.0,  23,  Nuc205689,  5151,  0, 0, 0, , 0, 0, 0, 0, 0,
25,  1,  25,  34,  -1,  829, 783,  113.0,  23,  Nuc209754,  4330,  0, 0, 0, , 0, 0, 0, 0, 0,
26,  1,  26,  35,  -1,  845, 832,  98.0,  23,  Nuc215650,  4388,  0, 0, 0, , 0, 0, 0, 0, 0,
27,  1,  27,  36,  -1,  771, 791,  122.0,  23,  Nuc230369,  5266,  0, 0, 0, , 0, 0, 0, 0, 0,
28,  1,  28,  37,  -1,  765, 854,  111.0,  23,  Nuc248264,  4733,  0, 0, 0, , 0, 0, 0, 0, 0,
29,  1,  29,  38,  -1,  797, 212,  101.0,  23,  Nuc251875,  3938,  0, 0, 0, , 0, 0, 0, 0, 0,
30,  1,  30,  39,  -1,  682, 171,  106.0,  23,  Nuc260704,  3454,  0, 0, 0, , 0, 0, 0, 0, 0,
31,  1,  31,  40,  -1,  641, 203,  124.0,  23,  Nuc264748,  3494,  0, 0, 0, , 0, 0, 0, 0, 0,
32,  1,  32,  41,  -1,  703, 211,  128.0,  23,  Nuc272772,  3696,  0, 0, 0, , 0, 0, 0, 0, 0,
33,  1,  33,  42,  43,  559, 263,  131.0,  23,  Nuc274976,  4081,  0, 0, 0, , 0, 0, 0, 0, 0,
34,  1,  34,  44,  45,  605, 232,  141.0,  23,  Nuc283122,  4236,  0, 0, 0, , 0, 0, 0, 0, 0,
35,  1,  35,  46,  -1,  566, 195,  122.0,  23,  Nuc293748,  2980,  0, 0, 0, , 0, 0, 0, 0, 0,
36,  1,  36,  47,  -1,  599, 134,  107.0,  23,  Nuc306824,  3460,  0, 0, 0, , 0, 0, 0, 0, 0,
37,  1,  37,  48,  -1,  889, 306,  105.0,  23,  Nuc314314,  4119,  0, 0, 0, , 0, 0, 0, 0, 0,
38,  1,  38,  49,  -1,  950, 412,  105.0,  23,  Nuc326400,  4387,  0, 0, 0, , 0, 0, 0, 0, 0,
39,  1,  39,  50,  -1,  801, 306,  122.0,  23,  Nuc343666,  4778,  0, 0, 0, , 0, 0, 0, 0, 0,
40,  1,  40,  51,  -1,  844, 356,  125.0,  23,  Nuc359677,  4551,  0, 0, 0, , 0, 0, 0, 0, 0,
41,  1,  41,  52,  53,  772, 358,  147.0,  25,  Nuc370598,  5290,  0, 0, 0, , 0, 0, 0, 0, 0,
42,  1,  42,  54,  55,  723, 355,  136.0,  23,  Nuc386076,  4612,  0, 0, 0, , 0, 0, 0, 0, 0,
43,  1,  43,  56,  57,  683, 284,  130.0,  23,  Nuc406965,  3724,  0, 0, 0, , 0, 0, 0, 0, 0,
44,  1,  44,  58,  59,  760, 264,  130.0,  25,  Nuc441235,  4419,  0, 0, 0, , 0, 0, 0, 0, 0,
45,  1,  45,  60,  -1,  409, 154,  109.0,  23,  Nuc445503,  2397,  0, 0, 0, , 0, 0, 0, 0, 0,
46,  1,  46,  61,  -1,  395, 174,  121.0,  23,  Nuc450546,  2968,  0, 0, 0, , 0, 0, 0, 0, 0,
47,  1,  47,  62,  -1,  398, 279,  124.0,  23,  Nuc451838,  2296,  0, 0, 0, , 0, 0, 0, 0, 0,
48,  1,  48,  63,  64,  389, 224,  133.0,  23,  Nuc451849,  2461,  0, 0, 0, , 0, 0, 0, 0, 0,
49,  1,  49,  65,  -1,  491, 132,  109.0,  21,  Nuc454669,  3409,  0, 0, 0, , 0, 0, 0, 0, 0,
50,  1,  50,  66,  -1,  469, 190,  123.0,  23,  Nuc457645,  3258,  0, 0, 0, , 0, 0, 0, 0, 0,
51,  1,  51,  67,  68,  476, 267,  130.0,  23,  Nuc460145,  2878,  0, 0, 0, , 0, 0, 0, 0, 0,
52,  1,  52,  69,  -1,  487, 190,  137.0,  21,  Nuc462375,  3139,  0, 0, 0, , 0, 0, 0, 0, 0,
53,  1,  53,  70,  -1,  894, 641,  122.0,  23,  Nuc466287,  4861,  0, 0, 0, , 0, 0, 0, 0, 0,
54,  1,  54,  71,  -1,  945, 649,  108.0,  23,  Nuc478780,  4386,  0, 0, 0, , 0, 0, 0, 0, 0,
55,  1,  55,  72,  -1,  839, 695,  125.0,  23,  Nuc497653,  4627,  0, 0, 0, , 0, 0, 0, 0, 0,
56,  1,  56,  73,  -1,  895, 736,  110.0,  23,  Nuc541232,  4510,  0, 0, 0, , 0, 0, 0, 0, 0,
57,  1,  57,  74,  75,  800, 732,  137.0,  23,  Nuc546713,  5382,  0, 0, 0, , 0, 0, 0, 0, 0,
58,  1,  58,  76,  77,  753, 683,  129.0,  25,  Nuc578588,  4837,  0, 0, 0, , 0, 0, 0, 0, 0,
59,  1,  59,  78,  -1,  683, 688,  145.0,  23,  Nuc606127,  6689,  0, 0, 0, , 0, 0, 0, 0, 0,
60,  1,  59,  79,  -1,  672, 688,  149.0,  23,  Nuc633984,  6689,  0, 0, 0, , 0, 0, 0, 0, 0,
61,  1,  60,  80,  81,  742, 727,  151.0,  23,  Nuc668706,  5799,  0, 0, 0, , 0, 0, 0, 0, 0,
62,  1,  61,  -1,  -1,  343, 777,  146.0,  23,  Nuc682038,  1771,  0, 0, 0, , 0, 0, 0, 0, 0,
63,  1,  61,  82,  -1,  395, 813,  141.0,  21,  Nuc682039,  3947,  0, 0, 0, , 0, 0, 0, 0, 0,
64,  1,  62,  83,  84,  430, 854,  134.0,  23,  Nuc682048,  4345,  0, 0, 0, , 0, 0, 0, 0, 0,
65,  1,  64,  -1,  -1,  288, 813,  117.0,  23,  Nuc694407,  2170,  0, 0, 0, , 0, 0, 0, 0, 0,
66,  1,  65,  85,  -1,  338, 827,  127.0,  23,  Nuc694418,  3154,  0, 0, 0, , 0, 0, 0, 0, 0,
67,  1,  66,  86,  -1,  900, 421,  123.0,  23,  Nuc701801,  4754,  0, 0, 0, , 0, 0, 0, 0, 0,
68,  1,  67,  87,  -1,  923, 493,  120.0,  23,  Nuc727155,  4576,  0, 0, 0, , 0, 0, 0, 0, 0,
69,  1,  68,  88,  89,  846, 422,  136.0,  23,  Nuc736763,  5112,  0, 0, 0, , 0, 0, 0, 0, 0,
70,  1,  69,  90,  91,  860, 509,  141.0,  23,  Nuc744064,  5165,  0, 0, 0, , 0, 0, 0, 0, 0,
71,  1,  70,  92,  -1,  776, 452,  131.0,  23,  Nuc765546,  5633,  0, 0, 0, , 0, 0, 0, 0, 0,
72,  1,  71,  93,  94,  746, 523,  142.0,  23,  Nuc777263,  5114,  0, 0, 0, , 0, 0, 0, 0, 0,
73,  1,  72,  95,  96,  804, 479,  155.0,  27,  Nuc781818,  6233,  0, 0, 0, , 0, 0, 0, 0, 0,
74,  1,  73,  97,  98,  725, 438,  156.0,  35,  Nuc787813,  18758,  0, 0, 0, , 0, 0, 0, 0, 0,
75,  1,  74,  99,  100,  795, 601,  138.0,  23,  Nuc799517,  5503,  0, 0, 0, , 0, 0, 0, 0, 0,
76,  1,  75,  101,  -1,  872, 607,  140.0,  23,  Nuc846746,  5929,  0, 0, 0, , 0, 0, 0, 0, 0,
77,  1,  76,  102,  -1,  840, 563,  125.0,  23,  Nuc855281,  4191,  0, 0, 0, , 0, 0, 0, 0, 0,
78,  1,  77,  103,  -1,  926, 568,  125.0,  25,  Nuc895728,  5124,  0, 0, 0, , 0, 0, 0, 0, 0,
79,  1,  78,  104,  -1,  969, 529,  109.0,  23,  Nuc906511,  4276,  0, 0, 0, , 0, 0, 0, 0, 0,
80,  1,  79,  105,  106,  726, 603,  136.0,  25,  Nuc911892,  5885,  0, 0, 0, , 0, 0, 0, 0, 0,
81,  1,  80,  107,  108,  745, 639,  156.0,  29,  Nuc952991,  7258,  0, 0, 0, , 0, 0, 0, 0, 0,
82,  1,  81,  109,  -1,  812, 582,  156.0,  23,  Nuc966755,  6790,  0, 0, 0, , 0, 0, 0, 0, 0,
83,  1,  82,  110,  -1,  484, 667,  135.0,  21,  Nuc1024093,  1119,  0, 0, 0, , 0, 0, 0, 0, 0,
84,  1,  83,  111,  112,  452, 590,  139.0,  25,  Nuc1024110,  3375,  0, 0, 0, , 0, 0, 0, 0, 0,
85,  1,  85,  113,  -1,  499, 598,  134.0,  23,  Nuc1056982,  3453,  0, 0, 0, , 0, 0, 0, 0, 0,
86,  1,  86,  114,  -1,  311, 762,  130.0,  23,  Nuc1057041,  2798,  0, 0, 0, , 0, 0, 0, 0, 0,
87,  1,  87,  115,  -1,  459, 756,  130.0,  23,  Nuc1057331,  4091,  0, 0, 0, , 0, 0, 0, 0, 0,
88,  1,  88,  116,  -1,  476, 721,  147.0,  21,  Nuc1057729,  2259,  0, 0, 0, , 0, 0, 0, 0, 0,
89,  1,  88,  117,  -1,  449, 706,  143.0,  23,  Nuc1057840,  2062,  0, 0, 0, , 0, 0, 0, 0, 0,
90,  1,  89,  118,  119,  567, 658,  140.0,  23,  Nuc1057899,  4493,  0, 0, 0, , 0, 0, 0, 0, 0,
91,  1,  90,  120,  -1,  461, 663,  128.0,  23,  Nuc1091569,  2840,  0, 0, 0, , 0, 0, 0, 0, 0,
92,  1,  91,  121,  122,  536, 712,  130.0,  25,  Nuc1091574,  4243,  0, 0, 0, , 0, 0, 0, 0, 0,
93,  1,  92,  123,  124,  617, 705,  134.0,  23,  Nuc1102202,  5582,  0, 0, 0, , 0, 0, 0, 0, 0,
94,  1,  93,  125,  126,  593, 760,  127.0,  25,  Nuc1145036,  4827,  0, 0, 0, , 0, 0, 0, 0, 0,
95,  1,  94,  -1,  -1,  295, 580,  143.0,  23,  Nuc1208112,  3319,  0, 0, 0, , 0, 0, 0, 0, 0,
96,  1,  95,  127,  128,  332, 527,  155.0,  21,  Nuc1208126,  3035,  0, 0, 0, , 0, 0, 0, 0, 0,
97,  1,  96,  -1,  -1,  306, 526,  141.0,  23,  Nuc1208131,  3708,  0, 0, 0, , 0, 0, 0, 0, 0,
98,  1,  96,  129,  -1,  269, 494,  135.0,  21,  Nuc1208132,  3349,  0, 0, 0, , 0, 0, 0, 0, 0,
99,  1,  97,  130,  -1,  297, 466,  146.0,  21,  Nuc1208135,  3262,  0, 0, 0, , 0, 0, 0, 0, 0,
100,  1,  97,  -1,  -1,  309, 528,  147.0,  23,  Nuc1208137,  3639,  0, 0, 0, , 0, 0, 0, 0, 0,
101,  1,  99,  131,  -1,  488, 526,  139.0,  23,  Nuc1208190,  3684,  0, 0, 0, , 0, 0, 0, 0, 0,
102,  1,  100,  -1,  -1,  539, 782,  137.0,  23,  Nuc1210606,  2248,  0, 0, 0, , 0, 0, 0, 0, 0,
103,  1,  100,  132,  -1,  547, 770,  145.0,  23,  Nuc1210607,  2603,  0, 0, 0, , 0, 0, 0, 0, 0,
104,  1,  101,  133,  -1,  560, 848,  144.0,  23,  Nuc1231736,  2726,  0, 0, 0, , 0, 0, 0, 0, 0,
105,  1,  101,  134,  -1,  554, 863,  139.0,  23,  Nuc1234855,  2274,  0, 0, 0, , 0, 0, 0, 0, 0,
106,  1,  102,  135,  -1,  463, 826,  148.0,  23,  Nuc1247445,  3248,  0, 0, 0, , 0, 0, 0, 0, 0,
107,  1,  102,  136,  -1,  474, 813,  143.0,  21,  Nuc1248910,  2950,  0, 0, 0, , 0, 0, 0, 0, 0,
108,  1,  103,  137,  -1,  506, 770,  159.0,  23,  Nuc1262364,  2271,  0, 0, 0, , 0, 0, 0, 0, 0,
109,  1,  103,  138,  -1,  480, 774,  162.0,  23,  Nuc1270009,  3353,  0, 0, 0, , 0, 0, 0, 0, 0,
110,  1,  104,  139,  -1,  646, 614,  132.0,  23,  Nuc1272758,  4585,  0, 0, 0, , 0, 0, 0, 0, 0,
111,  1,  105,  140,  -1,  634, 627,  150.0,  23,  Nuc1335642,  5464,  0, 0, 0, , 0, 0, 0, 0, 0,
112,  1,  106,  141,  142,  564, 570,  138.0,  23,  Nuc1336666,  3641,  0, 0, 0, , 0, 0, 0, 0, 0,
113,  1,  107,  143,  -1,  625, 528,  136.0,  23,  Nuc1390581,  5664,  0, 0, 0, , 0, 0, 0, 0, 0,
114,  1,  108,  144,  -1,  423, 408,  145.0,  23,  Nuc1418716,  2918,  0, 0, 0, , 0, 0, 0, 0, 0,
115,  1,  109,  145,  146,  406, 466,  148.0,  23,  Nuc1418719,  3715,  0, 0, 0, , 0, 0, 0, 0, 0,
116,  1,  110,  147,  148,  434, 423,  155.0,  33,  Nuc1418774,  8328,  0, 0, 0, , 0, 0, 0, 0, 0,
117,  1,  110,  149,  -1,  464, 395,  149.0,  23,  Nuc1418777,  3065,  0, 0, 0, , 0, 0, 0, 0, 0,
118,  1,  111,  150,  -1,  412, 561,  154.0,  21,  Nuc1418851,  2344,  0, 0, 0, , 0, 0, 0, 0, 0,
119,  1,  112,  151,  -1,  409, 530,  150.0,  23,  Nuc1418854,  2395,  0, 0, 0, , 0, 0, 0, 0, 0,
120,  1,  113,  152,  -1,  432, 569,  169.0,  23,  Nuc1419088,  2240,  0, 0, 0, , 0, 0, 0, 0, 0,
121,  1,  114,  153,  154,  458, 514,  165.0,  25,  Nuc1426600,  1536,  0, 0, 0, , 0, 0, 0, 0, 0,
122,  1,  119,  -1,  -1,  471, 447,  133.0,  23,  Nuc1426662,  5240,  0, 0, 0, , 0, 0, 0, 0, 0,
123,  1,  120,  155,  -1,  470, 447,  127.0,  25,  Nuc1426669,  5758,  0, 0, 0, , 0, 0, 0, 0, 0,
124,  1,  121,  156,  -1,  563, 474,  133.0,  23,  Nuc1431503,  4843,  0, 0, 0, , 0, 0, 0, 0, 0,
125,  1,  123,  157,  -1,  457, 510,  155.0,  27,  Nuc1468252,  5929,  0, 0, 0, , 0, 0, 0, 0, 0,
126,  1,  124,  158,  -1,  486, 466,  146.0,  23,  Nuc1476746,  4328,  0, 0, 0, , 0, 0, 0, 0, 0,
127,  1,  125,  159,  -1,  563, 488,  148.0,  23,  Nuc1483167,  4372,  0, 0, 0, , 0, 0, 0, 0, 0,
128,  1,  126,  160,  -1,  366, 378,  169.0,  21,  Nuc1483222,  1484,  0, 0, 0, , 0, 0, 0, 0, 0,
129,  1,  126,  161,  -1,  337, 373,  169.0,  23,  Nuc1492358,  2549,  0, 0, 0, , 0, 0, 0, 0, 0,
130,  1,  127,  162,  -1,  290, 449,  166.0,  23,  Nuc1492465,  2573,  0, 0, 0, , 0, 0, 0, 0, 0,
131,  1,  128,  163,  -1,  412, 393,  177.0,  23,  Nuc1493000,  3800,  0, 0, 0, , 0, 0, 0, 0, 0,
132,  1,  128,  -1,  -1,  399, 425,  172.0,  29,  Nuc1493146,  1949,  0, 0, 0, , 0, 0, 0, 0, 0,
133,  1,  129,  164,  -1,  364, 429,  160.0,  21,  Nuc1493148,  3105,  0, 0, 0, , 0, 0, 0, 0, 0,
134,  1,  130,  165,  -1,  452, 311,  168.0,  23,  Nuc1493222,  1851,  0, 0, 0, , 0, 0, 0, 0, 0,
135,  1,  131,  166,  -1,  394, 315,  161.0,  21,  Nuc1493593,  2370,  0, 0, 0, , 0, 0, 0, 0, 0,
136,  1,  132,  167,  -1,  407, 359,  160.0,  23,  Nuc1494664,  1464,  0, 0, 0, , 0, 0, 0, 0, 0,
137,  1,  133,  168,  169,  387, 298,  143.0,  21,  Nuc1494718,  2736,  0, 0, 0, , 0, 0, 0, 0, 0,
138,  1,  135,  170,  -1,  427, 253,  154.0,  21,  Nuc1496364,  2748,  0, 0, 0, , 0, 0, 0, 0, 0,
139,  1,  135,  171,  -1,  422, 225,  147.0,  23,  Nuc1497050,  2438,  0, 0, 0, , 0, 0, 0, 0, 0,
140,  1,  136,  172,  -1,  665, 305,  154.0,  23,  Nuc1500724,  3099,  0, 0, 0, , 0, 0, 0, 0, 0,
141,  1,  136,  173,  -1,  648, 333,  162.0,  23,  Nuc1503355,  3282,  0, 0, 0, , 0, 0, 0, 0, 0,
142,  1,  137,  174,  -1,  620, 398,  155.0,  23,  Nuc1508335,  3726,  0, 0, 0, , 0, 0, 0, 0, 0,
143,  1,  137,  175,  -1,  644, 386,  146.0,  23,  Nuc1510120,  2779,  0, 0, 0, , 0, 0, 0, 0, 0,
144,  1,  138,  176,  -1,  578, 403,  136.0,  23,  Nuc1514867,  2248,  0, 0, 0, , 0, 0, 0, 0, 0,
145,  1,  138,  177,  -1,  558, 398,  140.0,  23,  Nuc1514888,  2233,  0, 0, 0, , 0, 0, 0, 0, 0,
146,  1,  139,  178,  179,  614, 333,  133.0,  23,  Nuc1545760,  4042,  0, 0, 0, , 0, 0, 0, 0, 0,
147,  1,  140,  180,  -1,  473, 318,  147.0,  21,  Nuc1553360,  3360,  0, 0, 0, , 0, 0, 0, 0, 0,
148,  1,  141,  181,  -1,  523, 324,  144.0,  21,  Nuc1560727,  1992,  0, 0, 0, , 0, 0, 0, 0, 0,
149,  1,  142,  182,  -1,  545, 265,  151.0,  21,  Nuc1572628,  2747,  0, 0, 0, , 0, 0, 0, 0, 0,
150,  1,  142,  183,  -1,  514, 237,  152.0,  23,  Nuc1575650,  2711,  0, 0, 0, , 0, 0, 0, 0, 0,
151,  1,  143,  184,  -1,  587, 289,  160.0,  23,  Nuc1577612,  2990,  0, 0, 0, , 0, 0, 0, 0, 0,
152,  1,  143,  185,  -1,  581, 312,  164.0,  23,  Nuc1581745,  2745,  0, 0, 0, , 0, 0, 0, 0, 0,
153,  1,  144,  186,  -1,  454, 347,  173.0,  23,  Nuc1584282,  2164,  0, 0, 0, , 0, 0, 0, 0, 0,
154,  1,  145,  187,  -1,  508, 338,  168.0,  23,  Nuc1584407,  2786,  0, 0, 0, , 0, 0, 0, 0, 0,
155,  1,  146,  188,  -1,  641, 472,  150.0,  23,  Nuc1584581,  6874,  0, 0, 0, , 0, 0, 0, 0, 0,
156,  1,  146,  189,  -1,  639, 463,  144.0,  21,  Nuc1602905,  6996,  0, 0, 0, , 0, 0, 0, 0, 0,
157,  1,  147,  190,  191,  685, 431,  133.0,  29,  Nuc1622753,  5013,  0, 0, 0, , 0, 0, 0, 0, 0,
158,  1,  148,  192,  -1,  662, 525,  160.0,  23,  Nuc1640572,  11298,  0, 0, 0, , 0, 0, 0, 0, 0,
159,  1,  149,  193,  -1,  637, 534,  150.0,  25,  Nuc1643519,  5746,  0, 0, 0, , 0, 0, 0, 0, 0,
160,  1,  150,  -1,  -1,  644, 597,  161.0,  27,  Nuc1703088,  1092,  0, 0, 0, , 0, 0, 0, 0, 0,
161,  1,  150,  194,  -1,  687, 576,  156.0,  23,  Nuc1703089,  3524,  0, 0, 0, , 0, 0, 0, 0, 0,
162,  1,  151,  195,  -1,  668, 556,  142.0,  23,  Nuc1707950,  8725,  0, 0, 0, , 0, 0, 0, 0, 0,
163,  1,  152,  196,  -1,  544, 529,  154.0,  23,  Nuc1740614,  4035,  0, 0, 0, , 0, 0, 0, 0, 0,
164,  1,  154,  197,  -1,  526, 580,  150.0,  23,  Nuc1754951,  3809,  0, 0, 0, , 0, 0, 0, 0, 0,
165,  1,  155,  198,  -1,  468, 513,  171.0,  23,  Nuc1759759,  1747,  0, 0, 0, , 0, 0, 0, 0, 0,
166,  1,  155,  199,  -1,  430, 495,  170.0,  21,  Nuc1763555,  1459,  0, 0, 0, , 0, 0, 0, 0, 0,
167,  1,  156,  200,  -1,  475, 449,  169.0,  21,  Nuc1763575,  3426,  0, 0, 0, , 0, 0, 0, 0, 0,
168,  1,  157,  -1,  -1,  473, 414,  167.0,  29,  Nuc1765077,  2047,  0, 0, 0, , 0, 0, 0, 0, 0,
169,  1,  157,  201,  -1,  434, 424,  163.0,  25,  Nuc1765078,  9325,  0, 0, 0, , 0, 0, 0, 0, 0,
170,  1,  158,  -1,  -1,  548, 489,  159.0,  21,  Nuc1772011,  764,  0, 0, 0, , 0, 0, 0, 0, 0,
171,  1,  158,  202,  -1,  505, 495,  164.0,  23,  Nuc1772012,  7168,  0, 0, 0, , 0, 0, 0, 0, 0,
172,  1,  159,  203,  -1,  477, 563,  158.0,  21,  Nuc1773067,  359,  0, 0, 0, , 0, 0, 0, 0, 0,
173,  1,  161,  204,  -1,  429, 729,  166.0,  21,  Nuc1773173,  2716,  0, 0, 0, , 0, 0, 0, 0, 0,
174,  1,  161,  205,  -1,  402, 698,  164.0,  21,  Nuc1783529,  2466,  0, 0, 0, , 0, 0, 0, 0, 0,
175,  1,  163,  206,  -1,  282, 579,  154.0,  21,  Nuc1784073,  3883,  0, 0, 0, , 0, 0, 0, 0, 0,
176,  1,  163,  207,  208,  291, 620,  154.0,  21,  Nuc1784075,  2568,  0, 0, 0, , 0, 0, 0, 0, 0,
177,  1,  164,  209,  -1,  342, 713,  163.0,  21,  Nuc1784108,  3610,  0, 0, 0, , 0, 0, 0, 0, 0,
178,  1,  165,  210,  211,  307, 671,  149.0,  23,  Nuc1784487,  937,  0, 0, 0, , 0, 0, 0, 0, 0,
179,  1,  166,  212,  213,  425, 613,  167.0,  23,  Nuc1785260,  2982,  0, 0, 0, , 0, 0, 0, 0, 0,
180,  1,  168,  214,  -1,  368, 659,  177.0,  23,  Nuc1793835,  2085,  0, 0, 0, , 0, 0, 0, 0, 0,
181,  1,  169,  -1,  -1,  432, 423,  169.0,  27,  Nuc1794114,  5963,  0, 0, 0, , 0, 0, 0, 0, 0,
182,  1,  170,  215,  -1,  443, 414,  181.0,  23,  Nuc1794116,  2906,  0, 0, 0, , 0, 0, 0, 0, 0,
183,  1,  171,  216,  -1,  548, 414,  178.0,  23,  Nuc1794459,  3094,  0, 0, 0, , 0, 0, 0, 0, 0,
184,  1,  171,  217,  -1,  537, 384,  176.0,  23,  Nuc1795172,  2725,  0, 0, 0, , 0, 0, 0, 0, 0,
185,  1,  172,  218,  -1,  627, 460,  171.0,  21,  Nuc1800324,  3455,  0, 0, 0, , 0, 0, 0, 0, 0,
186,  1,  172,  219,  -1,  624, 423,  174.0,  23,  Nuc1842015,  4034,  0, 0, 0, , 0, 0, 0, 0, 0,
187,  1,  173,  220,  -1,  700, 389,  164.0,  21,  Nuc1848868,  3801,  0, 0, 0, , 0, 0, 0, 0, 0,
188,  1,  173,  221,  -1,  689, 409,  167.0,  23,  Nuc1849834,  3922,  0, 0, 0, , 0, 0, 0, 0, 0,
189,  1,  174,  222,  223,  689, 492,  171.0,  23,  Nuc1850298,  8301,  0, 0, 0, , 0, 0, 0, 0, 0,
190,  1,  175,  224,  -1,  743, 499,  168.0,  23,  Nuc1858780,  8367,  0, 0, 0, , 0, 0, 0, 0, 0,
191,  1,  176,  -1,  -1,  621, 601,  179.0,  45,  Nuc1862210,  2136,  0, 0, 0, , 0, 0, 0, 0, 0,
192,  1,  177,  225,  -1,  642, 593,  171.0,  21,  Nuc1862212,  4045,  0, 0, 0, , 0, 0, 0, 0, 0,
193,  1,  177,  226,  -1,  678, 577,  173.0,  23,  Nuc1863098,  3901,  0, 0, 0, , 0, 0, 0, 0, 0,
194,  1,  178,  227,  -1,  731, 546,  162.0,  25,  Nuc1867424,  11609,  0, 0, 0, , 0, 0, 0, 0, 0,
195,  1,  179,  228,  -1,  737, 582,  168.0,  25,  Nuc1868190,  9970,  0, 0, 0, , 0, 0, 0, 0, 0,
196,  1,  180,  229,  -1,  458, 690,  177.0,  23,  Nuc1869386,  2811,  0, 0, 0, , 0, 0, 0, 0, 0,
197,  1,  180,  230,  -1,  434, 685,  177.0,  25,  Nuc1869763,  3060,  0, 0, 0, , 0, 0, 0, 0, 0,
198,  1,  181,  231,  -1,  618, 714,  165.0,  23,  Nuc1869993,  4806,  0, 0, 0, , 0, 0, 0, 0, 0,
199,  1,  182,  232,  -1,  604, 709,  162.0,  23,  Nuc1871448,  3551,  0, 0, 0, , 0, 0, 0, 0, 0,
200,  1,  182,  233,  234,  593, 771,  160.0,  31,  Nuc1876953,  13555,  0, 0, 0, , 0, 0, 0, 0, 0,
201,  1,  183,  235,  -1,  528, 664,  178.0,  23,  Nuc1883037,  3815,  0, 0, 0, , 0, 0, 0, 0, 0,
202,  1,  183,  236,  -1,  554, 669,  174.0,  21,  Nuc1886222,  4045,  0, 0, 0, , 0, 0, 0, 0, 0,
203,  1,  184,  237,  238,  522, 726,  171.0,  31,  Nuc1889452,  6686,  0, 0, 0, , 0, 0, 0, 0, 0,
204,  1,  185,  239,  -1,  636, 660,  172.0,  23,  Nuc1892149,  4104,  0, 0, 0, , 0, 0, 0, 0, 0,
205,  1,  185,  240,  -1,  676, 666,  169.0,  23,  Nuc1918887,  3469,  0, 0, 0, , 0, 0, 0, 0, 0,
206,  1,  186,  -1,  -1,  530, 605,  183.0,  41,  Nuc1921274,  2102,  0, 0, 0, , 0, 0, 0, 0, 0,
207,  1,  187,  241,  -1,  572, 615,  180.0,  23,  Nuc1921278,  3481,  0, 0, 0, , 0, 0, 0, 0, 0,
208,  1,  187,  242,  -1,  573, 588,  181.0,  23,  Nuc1921401,  3147,  0, 0, 0, , 0, 0, 0, 0, 0,
209,  1,  188,  243,  -1,  576, 480,  181.0,  23,  Nuc1922076,  3461,  0, 0, 0, , 0, 0, 0, 0, 0,
210,  1,  189,  244,  -1,  636, 536,  178.0,  27,  Nuc1922176,  6435,  0, 0, 0, , 0, 0, 0, 0, 0,
211,  1,  190,  245,  -1,  487, 605,  184.0,  35,  Nuc1923292,  2343,  0, 0, 0, , 0, 0, 0, 0, 0,
212,  1,  191,  246,  -1,  451, 642,  184.0,  23,  Nuc1924231,  2187,  0, 0, 0, , 0, 0, 0, 0, 0,
213,  1,  192,  247,  -1,  437, 603,  185.0,  23,  Nuc1934125,  3011,  0, 0, 0, , 0, 0, 0, 0, 0,
214,  1,  193,  248,  -1,  463, 672,  163.0,  23,  Nuc1934266,  3493,  0, 0, 0, , 0, 0, 0, 0, 0,
215,  1,  193,  249,  -1,  455, 641,  153.0,  23,  Nuc1942121,  2753,  0, 0, 0, , 0, 0, 0, 0, 0,
216,  1,  194,  250,  -1,  522, 690,  156.0,  23,  Nuc1943219,  2807,  0, 0, 0, , 0, 0, 0, 0, 0,
217,  1,  195,  251,  -1,  523, 639,  153.0,  21,  Nuc1950032,  2363,  0, 0, 0, , 0, 0, 0, 0, 0,
218,  1,  196,  252,  -1,  528, 593,  166.0,  21,  Nuc1950052,  2892,  0, 0, 0, , 0, 0, 0, 0, 0,
219,  1,  197,  253,  -1,  490, 606,  171.0,  21,  Nuc1950318,  4302,  0, 0, 0, , 0, 0, 0, 0, 0,
220,  1,  198,  254,  255,  412, 541,  183.0,  23,  Nuc1953728,  9454,  0, 0, 0, , 0, 0, 0, 0, 0,
221,  1,  199,  256,  -1,  354, 490,  182.0,  23,  Nuc1954699,  2093,  0, 0, 0, , 0, 0, 0, 0, 0,
222,  1,  199,  257,  -1,  385, 475,  184.0,  23,  Nuc1954701,  2042,  0, 0, 0, , 0, 0, 0, 0, 0,
223,  1,  200,  258,  -1,  499, 568,  183.0,  23,  Nuc1954935,  3377,  0, 0, 0, , 0, 0, 0, 0, 0,
224,  1,  202,  259,  -1,  574, 506,  182.0,  23,  Nuc1955372,  3515,  0, 0, 0, , 0, 0, 0, 0, 0,
225,  1,  202,  260,  -1,  533, 541,  177.0,  23,  Nuc1967339,  8440,  0, 0, 0, , 0, 0, 0, 0, 0,
226,  1,  203,  261,  -1,  507, 471,  181.0,  25,  Nuc1968434,  5563,  0, 0, 0, , 0, 0, 0, 0, 0,
227,  1,  204,  262,  -1,  463, 508,  183.0,  25,  Nuc1968596,  6657,  0, 0, 0, , 0, 0, 0, 0, 0,
228,  1,  208,  263,  -1,  582, 620,  161.0,  21,  Nuc1968833,  2782,  0, 0, 0, , 0, 0, 0, 0, 0,
229,  1,  209,  264,  265,  592, 572,  161.0,  21,  Nuc2004957,  2862,  0, 0, 0, , 0, 0, 0, 0, 0,
230,  1,  210,  266,  -1,  400, 761,  159.0,  23,  Nuc2009241,  1995,  0, 0, 0, , 0, 0, 0, 0, 0,
231,  1,  210,  -1,  -1,  397, 742,  150.0,  23,  Nuc2012623,  2210,  0, 0, 0, , 0, 0, 0, 0, 0,
232,  1,  211,  267,  -1,  387, 784,  128.0,  23,  Nuc2012723,  2280,  0, 0, 0, , 0, 0, 0, 0, 0,
233,  1,  213,  268,  -1,  548, 488,  168.0,  23,  Nuc2012781,  4144,  0, 0, 0, , 0, 0, 0, 0, 0,
234,  1,  214,  269,  -1,  523, 360,  159.0,  21,  Nuc2021740,  2925,  0, 0, 0, , 0, 0, 0, 0, 0,
235,  1,  215,  270,  -1,  559, 426,  161.0,  21,  Nuc2024293,  4908,  0, 0, 0, , 0, 0, 0, 0, 0,
236,  1,  215,  271,  -1,  520, 430,  159.0,  21,  Nuc2034638,  4006,  0, 0, 0, , 0, 0, 0, 0, 0,
237,  1,  216,  272,  -1,  563, 474,  167.0,  23,  Nuc2034681,  5176,  0, 0, 0, , 0, 0, 0, 0, 0,
238,  1,  217,  273,  -1,  603, 518,  164.0,  23,  Nuc2034828,  6214,  0, 0, 0, , 0, 0, 0, 0, 0,
239,  1,  218,  274,  -1,  336, 466,  146.0,  21,  Nuc2064291,  2560,  0, 0, 0, , 0, 0, 0, 0, 0,
240,  1,  219,  -1,  -1,  320, 396,  149.0,  23,  Nuc2064488,  2515,  0, 0, 0, , 0, 0, 0, 0, 0,
241,  1,  220,  275,  -1,  340, 342,  158.0,  21,  Nuc2064507,  573,  0, 0, 0, , 0, 0, 0, 0, 0,
242,  1,  221,  -1,  -1,  237, 755,  120.0,  23,  Nuc2064553,  550,  0, 0, 0, , 0, 0, 0, 0, 0,
243,  1,  221,  -1,  -1,  255, 736,  128.0,  21,  Nuc2064554,  1366,  0, 0, 0, , 0, 0, 0, 0, 0,
244,  1,  222,  -1,  -1,  354, 762,  141.0,  21,  Nuc2064569,  941,  0, 0, 0, , 0, 0, 0, 0, 0,
245,  1,  222,  276,  -1,  290, 730,  141.0,  21,  Nuc2064570,  1290,  0, 0, 0, , 0, 0, 0, 0, 0,
246,  1,  223,  -1,  -1,  260, 641,  147.0,  23,  Nuc2064709,  1525,  0, 0, 0, , 0, 0, 0, 0, 0,
247,  1,  223,  277,  -1,  260, 639,  154.0,  23,  Nuc2064710,  5906,  0, 0, 0, , 0, 0, 0, 0, 0,
248,  1,  224,  278,  -1,  445, 338,  133.0,  23,  Nuc2064812,  3165,  0, 0, 0, , 0, 0, 0, 0, 0,
249,  1,  225,  279,  280,  373, 429,  133.0,  23,  Nuc2070277,  704,  0, 0, 0, , 0, 0, 0, 0, 0,
250,  1,  226,  281,  -1,  379, 360,  128.0,  23,  Nuc2070304,  3486,  0, 0, 0, , 0, 0, 0, 0, 0,
251,  1,  227,  282,  283,  281, 580,  159.0,  21,  Nuc2070363,  3757,  0, 0, 0, , 0, 0, 0, 0, 0,
252,  1,  228,  -1,  -1,  372, 549,  170.0,  21,  Nuc2070730,  1351,  0, 0, 0, , 0, 0, 0, 0, 0,
253,  1,  228,  284,  -1,  356, 557,  178.0,  21,  Nuc2070731,  2720,  0, 0, 0, , 0, 0, 0, 0, 0,
254,  1,  230,  285,  -1,  324, 876,  100.0,  25,  Nuc2070768,  1629,  0, 0, 0, , 0, 0, 0, 0, 0,
255,  1,  231,  286,  -1,  386, 886,  103.0,  23,  Nuc2070777,  4056,  0, 0, 0, , 0, 0, 0, 0, 0,
256,  1,  232,  287,  -1,  369, 924,  90.0,  25,  Nuc2080661,  859,  0, 0, 0, , 0, 0, 0, 0, 0,
257,  1,  233,  288,  -1,  297, 575,  131.0,  23,  Nuc2080697,  2999,  0, 0, 0, , 0, 0, 0, 0, 0,
258,  1,  234,  289,  -1,  303, 642,  127.0,  25,  Nuc2080704,  1453,  0, 0, 0, , 0, 0, 0, 0, 0,
259,  1,  235,  290,  291,  378, 625,  141.0,  23,  Nuc2080720,  354,  0, 0, 0, , 0, 0, 0, 0, 0,
260,  1,  236,  292,  293,  361, 674,  128.0,  23,  Nuc2080750,  673,  0, 0, 0, , 0, 0, 0, 0, 0,
261,  1,  236,  294,  -1,  360, 695,  138.0,  23,  Nuc2080762,  705,  0, 0, 0, , 0, 0, 0, 0, 0,
262,  1,  237,  295,  -1,  357, 498,  136.0,  23,  Nuc2080796,  3264,  0, 0, 0, , 0, 0, 0, 0, 0,
263,  1,  238,  296,  -1,  370, 557,  140.0,  23,  Nuc2080806,  2786,  0, 0, 0, , 0, 0, 0, 0, 0,
264,  1,  239,  297,  -1,  247, 359,  144.0,  23,  Nuc2080833,  2323,  0, 0, 0, , 0, 0, 0, 0, 0,
265,  1,  240,  -1,  -1,  198, 411,  144.0,  23,  Nuc2081028,  1593,  0, 0, 0, , 0, 0, 0, 0, 0,
266,  1,  240,  298,  -1,  198, 409,  140.0,  21,  Nuc2081029,  1593,  0, 0, 0, , 0, 0, 0, 0, 0,
267,  1,  241,  299,  300,  293, 473,  167.0,  23,  Nuc2081058,  1823,  0, 0, 0, , 0, 0, 0, 0, 0,
268,  1,  242,  301,  -1,  387, 871,  117.0,  21,  Nuc2084896,  2308,  0, 0, 0, , 0, 0, 0, 0, 0,
269,  1,  243,  -1,  -1,  224, 313,  134.0,  23,  Nuc2088403,  1716,  0, 0, 0, , 0, 0, 0, 0, 0,
270,  1,  244,  -1,  -1,  225, 315,  127.0,  23,  Nuc2088405,  297,  0, 0, 0, , 0, 0, 0, 0, 0,
271,  1,  245,  302,  -1,  290, 350,  130.0,  23,  Nuc2088414,  4057,  0, 0, 0, , 0, 0, 0, 0, 0,
272,  1,  246,  -1,  -1,  302, 398,  136.0,  23,  Nuc2088430,  2649,  0, 0, 0, , 0, 0, 0, 0, 0,
273,  1,  248,  -1,  -1,  228, 615,  147.0,  23,  Nuc2088465,  2501,  0, 0, 0, , 0, 0, 0, 0, 0,
274,  1,  248,  303,  -1,  228, 615,  140.0,  23,  Nuc2088466,  4192,  0, 0, 0, , 0, 0, 0, 0, 0,
275,  1,  249,  -1,  -1,  240, 612,  134.0,  25,  Nuc2088479,  3994,  0, 0, 0, , 0, 0, 0, 0, 0,
276,  1,  250,  304,  -1,  195, 655,  129.0,  23,  Nuc2088488,  1063,  0, 0, 0, , 0, 0, 0, 0, 0,
277,  1,  252,  -1,  -1,  458, 340,  156.0,  25,  Nuc2088505,  923,  0, 0, 0, , 0, 0, 0, 0, 0,
278,  1,  253,  305,  306,  392, 484,  168.0,  21,  Nuc2088507,  2238,  0, 0, 0, , 0, 0, 0, 0, 0,
279,  1,  -1,  -1,  -1,  251, 685,  143.0,  23,  Nuc2088781,  2826,  0, 0, 0, , 0, 0, 0, 0, 0,
