1,  1,  1,  1,  -1,  531, 963,  86.0,  23,  Nuc56,  2489,  0, 0, 0, , 0, 0, 0, 0, 0,
2,  1,  2,  2,  -1,  443, 943,  88.0,  23,  Nuc7223,  2511,  0, 0, 0, , 0, 0, 0, 0, 0,
3,  1,  3,  3,  -1,  458, 877,  105.0,  23,  Nuc9514,  3503,  0, 0, 0, , 0, 0, 0, 0, 0,
4,  1,  4,  4,  -1,  456, 928,  107.0,  21,  Nuc26076,  2898,  0, 0, 0, , 0, 0, 0, 0, 0,
5,  1,  5,  5,  -1,  734, 901,  96.0,  23,  Nuc29663,  3005,  0, 0, 0, , 0, 0, 0, 0, 0,
6,  1,  6,  6,  -1,  675, 888,  107.0,  23,  Nuc37574,  3481,  0, 0, 0, , 0, 0, 0, 0, 0,
7,  1,  7,  7,  -1,  602, 932,  97.0,  25,  Nuc47878,  2559,  0, 0, 0, , 0, 0, 0, 0, 0,
8,  1,  8,  8,  -1,  653, 956,  84.0,  23,  Nuc51549,  2495,  0, 0, 0, , 0, 0, 0, 0, 0,
9,  1,  9,  9,  -1,  633, 860,  120.0,  23,  Nuc63975,  2127,  0, 0, 0, , 0, 0, 0, 0, 0,
10,  1,  9,  10,  -1,  632, 875,  126.0,  21,  Nuc63995,  1936,  0, 0, 0, , 0, 0, 0, 0, 0,
11,  1,  10,  11,  -1,  574, 827,  123.0,  23,  Nuc65767,  2179,  0, 0, 0, , 0, 0, 0, 0, 0,
12,  1,  10,  12,  -1,  578, 834,  113.0,  23,  Nuc69301,  2227,  0, 0, 0, , 0, 0, 0, 0, 0,
13,  1,  11,  13,  14,  526, 904,  102.0,  25,  Nuc69336,  3663,  0, 0, 0, , 0, 0, 0, 0, 0,
14,  1,  12,  15,  16,  590, 910,  112.0,  23,  Nuc73719,  3144,  0, 0, 0, , 0, 0, 0, 0, 0,
15,  1,  13,  17,  18,  513, 799,  116.0,  23,  Nuc90586,  2674,  0, 0, 0, , 0, 0, 0, 0, 0,
16,  1,  13,  19,  -1,  444, 807,  121.0,  23,  Nuc102415,  2301,  0, 0, 0, , 0, 0, 0, 0, 0,
17,  1,  14,  20,  -1,  501, 824,  123.0,  23,  Nuc102434,  1881,  0, 0, 0, , 0, 0, 0, 0, 0,
18,  1,  15,  21,  -1,  522, 884,  116.0,  23,  Nuc144308,  2044,  0, 0, 0, , 0, 0, 0, 0, 0,
19,  1,  15,  22,  -1,  535, 901,  120.0,  23,  Nuc146042,  2005,  0, 0, 0, , 0, 0, 0, 0, 0,
20,  1,  16,  23,  24,  472, 892,  126.0,  23,  Nuc146842,  2906,  0, 0, 0, , 0, 0, 0, 0, 0,
21,  1,  17,  -1,  -1,  328, 225,  122.0,  23,  Nuc152761,  315,  0, 0, 0, , 0, 0, 0, 0, 0,
22,  1,  18,  25,  -1,  321, 170,  111.0,  23,  Nuc152774,  1883,  0, 0, 0, , 0, 0, 0, 0, 0,
23,  1,  19,  26,  -1,  275, 301,  140.0,  21,  Nuc152810,  797,  0, 0, 0, , 0, 0, 0, 0, 0,
24,  1,  19,  27,  -1,  291, 292,  148.0,  23,  Nuc152813,  1886,  0, 0, 0, , 0, 0, 0, 0, 0,
25,  1,  20,  -1,  -1,  314, 254,  134.0,  23,  Nuc152850,  922,  0, 0, 0, , 0, 0, 0, 0, 0,
26,  1,  21,  28,  -1,  659, 788,  121.0,  23,  Nuc152902,  2359,  0, 0, 0, , 0, 0, 0, 0, 0,
27,  1,  21,  29,  -1,  688, 762,  126.0,  21,  Nuc170112,  2212,  0, 0, 0, , 0, 0, 0, 0, 0,
28,  1,  22,  30,  -1,  700, 862,  122.0,  21,  Nuc173375,  2892,  0, 0, 0, , 0, 0, 0, 0, 0,
29,  1,  22,  31,  -1,  721, 840,  126.0,  23,  Nuc182349,  2322,  0, 0, 0, , 0, 0, 0, 0, 0,
30,  1,  23,  32,  -1,  699, 778,  144.0,  23,  Nuc190557,  2769,  0, 0, 0, , 0, 0, 0, 0, 0,
31,  1,  23,  33,  -1,  662, 767,  148.0,  21,  Nuc200236,  2443,  0, 0, 0, , 0, 0, 0, 0, 0,
32,  1,  24,  34,  -1,  653, 833,  140.0,  23,  Nuc205690,  2691,  0, 0, 0, , 0, 0, 0, 0, 0,
33,  1,  24,  35,  -1,  626, 825,  140.0,  23,  Nuc208523,  2384,  0, 0, 0, , 0, 0, 0, 0, 0,
34,  1,  25,  36,  -1,  829, 783,  113.0,  23,  Nuc209755,  3524,  0, 0, 0, , 0, 0, 0, 0, 0,
35,  1,  26,  37,  -1,  846, 831,  98.0,  23,  Nuc215651,  3522,  0, 0, 0, , 0, 0, 0, 0, 0,
36,  1,  27,  38,  39,  770, 790,  120.0,  23,  Nuc230370,  4267,  0, 0, 0, , 0, 0, 0, 0, 0,
37,  1,  28,  40,  41,  765, 855,  111.0,  23,  Nuc248265,  3690,  0, 0, 0, , 0, 0, 0, 0, 0,
38,  1,  29,  42,  -1,  797, 211,  101.0,  23,  Nuc251876,  3597,  0, 0, 0, , 0, 0, 0, 0, 0,
39,  1,  30,  43,  -1,  682, 172,  107.0,  23,  Nuc260705,  2846,  0, 0, 0, , 0, 0, 0, 0, 0,
40,  1,  31,  44,  45,  640, 207,  123.0,  23,  Nuc264749,  2737,  0, 0, 0, , 0, 0, 0, 0, 0,
41,  1,  32,  46,  -1,  703, 210,  128.0,  23,  Nuc272773,  3462,  0, 0, 0, , 0, 0, 0, 0, 0,
42,  1,  33,  47,  -1,  566, 274,  131.0,  23,  Nuc274977,  2159,  0, 0, 0, , 0, 0, 0, 0, 0,
43,  1,  33,  48,  -1,  553, 256,  132.0,  23,  Nuc280412,  1708,  0, 0, 0, , 0, 0, 0, 0, 0,
44,  1,  34,  49,  -1,  600, 216,  140.0,  23,  Nuc283123,  1926,  0, 0, 0, , 0, 0, 0, 0, 0,
45,  1,  34,  50,  -1,  608, 239,  142.0,  21,  Nuc285931,  2306,  0, 0, 0, , 0, 0, 0, 0, 0,
46,  1,  35,  51,  -1,  566, 197,  122.0,  23,  Nuc293749,  2726,  0, 0, 0, , 0, 0, 0, 0, 0,
47,  1,  36,  52,  -1,  600, 134,  107.0,  23,  Nuc306825,  2909,  0, 0, 0, , 0, 0, 0, 0, 0,
48,  1,  37,  53,  -1,  890, 307,  105.0,  23,  Nuc314315,  3320,  0, 0, 0, , 0, 0, 0, 0, 0,
49,  1,  38,  54,  -1,  950, 414,  105.0,  23,  Nuc326401,  4053,  0, 0, 0, , 0, 0, 0, 0, 0,
50,  1,  39,  55,  56,  799, 302,  121.0,  23,  Nuc343667,  3491,  0, 0, 0, , 0, 0, 0, 0, 0,
51,  1,  40,  57,  58,  844, 352,  124.0,  23,  Nuc359678,  3417,  0, 0, 0, , 0, 0, 0, 0, 0,
52,  1,  41,  59,  -1,  793, 367,  144.0,  21,  Nuc370599,  2510,  0, 0, 0, , 0, 0, 0, 0, 0,
53,  1,  41,  60,  -1,  768, 345,  148.0,  21,  Nuc382937,  2624,  0, 0, 0, , 0, 0, 0, 0, 0,
54,  1,  42,  61,  -1,  716, 362,  142.0,  23,  Nuc386077,  2465,  0, 0, 0, , 0, 0, 0, 0, 0,
55,  1,  42,  62,  -1,  727, 355,  132.0,  23,  Nuc391865,  2698,  0, 0, 0, , 0, 0, 0, 0, 0,
56,  1,  43,  63,  -1,  672, 282,  136.0,  23,  Nuc406966,  2761,  0, 0, 0, , 0, 0, 0, 0, 0,
57,  1,  43,  64,  -1,  684, 282,  128.0,  23,  Nuc424193,  1865,  0, 0, 0, , 0, 0, 0, 0, 0,
58,  1,  44,  65,  -1,  760, 266,  133.0,  23,  Nuc441236,  4827,  0, 0, 0, , 0, 0, 0, 0, 0,
59,  1,  44,  66,  -1,  764, 256,  128.0,  23,  Nuc442503,  4516,  0, 0, 0, , 0, 0, 0, 0, 0,
60,  1,  45,  67,  -1,  411, 153,  109.0,  23,  Nuc445504,  1868,  0, 0, 0, , 0, 0, 0, 0, 0,
61,  1,  46,  68,  -1,  395, 174,  120.0,  23,  Nuc450547,  2420,  0, 0, 0, , 0, 0, 0, 0, 0,
62,  1,  47,  -1,  -1,  393, 266,  124.0,  21,  Nuc451839,  589,  0, 0, 0, , 0, 0, 0, 0, 0,
63,  1,  48,  69,  -1,  372, 216,  134.0,  21,  Nuc451850,  1699,  0, 0, 0, , 0, 0, 0, 0, 0,
64,  1,  48,  70,  -1,  399, 232,  134.0,  21,  Nuc452160,  851,  0, 0, 0, , 0, 0, 0, 0, 0,
65,  1,  49,  71,  -1,  492, 132,  109.0,  21,  Nuc454670,  2606,  0, 0, 0, , 0, 0, 0, 0, 0,
66,  1,  50,  72,  -1,  470, 188,  123.0,  23,  Nuc457646,  2948,  0, 0, 0, , 0, 0, 0, 0, 0,
67,  1,  51,  73,  -1,  470, 271,  134.0,  23,  Nuc460146,  2007,  0, 0, 0, , 0, 0, 0, 0, 0,
68,  1,  51,  74,  -1,  477, 263,  127.0,  23,  Nuc462220,  1359,  0, 0, 0, , 0, 0, 0, 0, 0,
69,  1,  52,  75,  76,  485, 189,  137.0,  23,  Nuc462376,  2745,  0, 0, 0, , 0, 0, 0, 0, 0,
70,  1,  53,  77,  -1,  893, 639,  122.0,  23,  Nuc466288,  4110,  0, 0, 0, , 0, 0, 0, 0, 0,
71,  1,  54,  78,  -1,  946, 652,  108.0,  23,  Nuc478781,  4142,  0, 0, 0, , 0, 0, 0, 0, 0,
72,  1,  55,  79,  80,  839, 695,  125.0,  23,  Nuc497654,  3841,  0, 0, 0, , 0, 0, 0, 0, 0,
73,  1,  56,  81,  -1,  896, 737,  110.0,  23,  Nuc541233,  3655,  0, 0, 0, , 0, 0, 0, 0, 0,
74,  1,  57,  82,  -1,  811, 718,  139.0,  21,  Nuc546714,  3010,  0, 0, 0, , 0, 0, 0, 0, 0,
75,  1,  57,  83,  -1,  799, 749,  136.0,  23,  Nuc574112,  3010,  0, 0, 0, , 0, 0, 0, 0, 0,
76,  1,  58,  84,  -1,  742, 700,  128.0,  21,  Nuc578589,  2711,  0, 0, 0, , 0, 0, 0, 0, 0,
77,  1,  58,  85,  -1,  760, 665,  130.0,  21,  Nuc590728,  3069,  0, 0, 0, , 0, 0, 0, 0, 0,
78,  1,  59,  86,  -1,  692, 681,  143.0,  23,  Nuc606128,  2984,  0, 0, 0, , 0, 0, 0, 0, 0,
79,  1,  60,  87,  -1,  666, 687,  152.0,  23,  Nuc633985,  2884,  0, 0, 0, , 0, 0, 0, 0, 0,
80,  1,  61,  88,  -1,  755, 732,  148.0,  23,  Nuc668707,  2780,  0, 0, 0, , 0, 0, 0, 0, 0,
81,  1,  61,  89,  -1,  733, 723,  154.0,  23,  Nuc673176,  2732,  0, 0, 0, , 0, 0, 0, 0, 0,
82,  1,  63,  90,  -1,  389, 820,  142.0,  25,  Nuc682040,  2040,  0, 0, 0, , 0, 0, 0, 0, 0,
83,  1,  64,  91,  -1,  405, 805,  141.0,  23,  Nuc682049,  2343,  0, 0, 0, , 0, 0, 0, 0, 0,
84,  1,  64,  92,  93,  432, 856,  133.0,  23,  Nuc685647,  3268,  0, 0, 0, , 0, 0, 0, 0, 0,
85,  1,  66,  94,  -1,  340, 838,  125.0,  23,  Nuc694419,  1970,  0, 0, 0, , 0, 0, 0, 0, 0,
86,  1,  67,  95,  96,  901, 422,  123.0,  23,  Nuc701802,  3559,  0, 0, 0, , 0, 0, 0, 0, 0,
87,  1,  68,  97,  98,  923, 494,  120.0,  25,  Nuc727156,  3649,  0, 0, 0, , 0, 0, 0, 0, 0,
88,  1,  69,  99,  -1,  838, 421,  131.0,  23,  Nuc736764,  2258,  0, 0, 0, , 0, 0, 0, 0, 0,
89,  1,  69,  100,  -1,  855, 420,  138.0,  23,  Nuc740809,  2801,  0, 0, 0, , 0, 0, 0, 0, 0,
90,  1,  70,  101,  -1,  854, 504,  138.0,  21,  Nuc744065,  2744,  0, 0, 0, , 0, 0, 0, 0, 0,
91,  1,  70,  102,  -1,  869, 512,  143.0,  23,  Nuc755972,  3038,  0, 0, 0, , 0, 0, 0, 0, 0,
92,  1,  71,  103,  104,  774, 453,  131.0,  25,  Nuc765547,  4241,  0, 0, 0, , 0, 0, 0, 0, 0,
93,  1,  72,  105,  -1,  727, 522,  145.0,  21,  Nuc777264,  3698,  0, 0, 0, , 0, 0, 0, 0, 0,
94,  1,  72,  106,  -1,  759, 526,  140.0,  21,  Nuc781766,  2800,  0, 0, 0, , 0, 0, 0, 0, 0,
95,  1,  73,  107,  -1,  796, 496,  158.0,  21,  Nuc781819,  3142,  0, 0, 0, , 0, 0, 0, 0, 0,
96,  1,  73,  108,  -1,  817, 465,  154.0,  23,  Nuc786027,  2888,  0, 0, 0, , 0, 0, 0, 0, 0,
97,  1,  74,  109,  -1,  750, 420,  157.0,  21,  Nuc787814,  3057,  0, 0, 0, , 0, 0, 0, 0, 0,
98,  1,  74,  110,  -1,  714, 447,  158.0,  21,  Nuc795076,  2721,  0, 0, 0, , 0, 0, 0, 0, 0,
99,  1,  75,  111,  -1,  801, 585,  135.0,  23,  Nuc799518,  3181,  0, 0, 0, , 0, 0, 0, 0, 0,
100,  1,  75,  112,  -1,  795, 609,  142.0,  21,  Nuc842563,  2709,  0, 0, 0, , 0, 0, 0, 0, 0,
101,  1,  76,  113,  114,  873, 608,  140.0,  25,  Nuc846747,  4390,  0, 0, 0, , 0, 0, 0, 0, 0,
102,  1,  77,  115,  116,  844, 562,  124.0,  23,  Nuc855282,  3845,  0, 0, 0, , 0, 0, 0, 0, 0,
103,  1,  78,  117,  118,  926, 567,  124.0,  25,  Nuc895729,  4182,  0, 0, 0, , 0, 0, 0, 0, 0,
104,  1,  79,  119,  -1,  969, 530,  109.0,  23,  Nuc906512,  4064,  0, 0, 0, , 0, 0, 0, 0, 0,
105,  1,  80,  120,  -1,  732, 591,  131.0,  23,  Nuc911893,  3107,  0, 0, 0, , 0, 0, 0, 0, 0,
106,  1,  80,  121,  -1,  723, 604,  139.0,  23,  Nuc938584,  2638,  0, 0, 0, , 0, 0, 0, 0, 0,
107,  1,  81,  122,  -1,  762, 656,  157.0,  21,  Nuc952992,  3450,  0, 0, 0, , 0, 0, 0, 0, 0,
108,  1,  81,  123,  -1,  731, 627,  158.0,  21,  Nuc954587,  3484,  0, 0, 0, , 0, 0, 0, 0, 0,
109,  1,  82,  124,  125,  810, 577,  157.0,  35,  Nuc966756,  8752,  0, 0, 0, , 0, 0, 0, 0, 0,
110,  1,  83,  -1,  -1,  501, 661,  137.0,  21,  Nuc1024094,  2162,  0, 0, 0, , 0, 0, 0, 0, 0,
111,  1,  84,  126,  -1,  466, 599,  146.0,  21,  Nuc1024111,  2574,  0, 0, 0, , 0, 0, 0, 0, 0,
112,  1,  84,  -1,  -1,  448, 586,  138.0,  23,  Nuc1056967,  695,  0, 0, 0, , 0, 0, 0, 0, 0,
113,  1,  85,  127,  -1,  513, 603,  135.0,  23,  Nuc1056983,  2253,  0, 0, 0, , 0, 0, 0, 0, 0,
114,  1,  86,  128,  -1,  309, 770,  130.0,  23,  Nuc1057042,  2151,  0, 0, 0, , 0, 0, 0, 0, 0,
115,  1,  87,  129,  130,  461, 759,  134.0,  23,  Nuc1057332,  2698,  0, 0, 0, , 0, 0, 0, 0, 0,
116,  1,  88,  131,  -1,  483, 725,  149.0,  21,  Nuc1057730,  2429,  0, 0, 0, , 0, 0, 0, 0, 0,
117,  1,  89,  -1,  -1,  442, 703,  145.0,  21,  Nuc1057841,  2136,  0, 0, 0, , 0, 0, 0, 0, 0,
118,  1,  90,  132,  -1,  570, 648,  133.0,  23,  Nuc1057900,  2423,  0, 0, 0, , 0, 0, 0, 0, 0,
119,  1,  90,  133,  -1,  564, 663,  145.0,  29,  Nuc1062356,  861,  0, 0, 0, , 0, 0, 0, 0, 0,
120,  1,  91,  -1,  -1,  460, 660,  128.0,  23,  Nuc1091570,  2275,  0, 0, 0, , 0, 0, 0, 0, 0,
121,  1,  92,  134,  -1,  539, 704,  137.0,  27,  Nuc1091575,  2611,  0, 0, 0, , 0, 0, 0, 0, 0,
122,  1,  92,  135,  -1,  543, 712,  128.0,  23,  Nuc1092020,  2643,  0, 0, 0, , 0, 0, 0, 0, 0,
123,  1,  93,  136,  -1,  613, 711,  141.0,  23,  Nuc1102203,  2754,  0, 0, 0, , 0, 0, 0, 0, 0,
124,  1,  93,  137,  -1,  626, 701,  130.0,  23,  Nuc1129008,  1877,  0, 0, 0, , 0, 0, 0, 0, 0,
125,  1,  94,  138,  -1,  593, 752,  122.0,  23,  Nuc1145037,  2907,  0, 0, 0, , 0, 0, 0, 0, 0,
126,  1,  94,  139,  -1,  600, 768,  131.0,  23,  Nuc1145210,  3090,  0, 0, 0, , 0, 0, 0, 0, 0,
127,  1,  96,  -1,  -1,  277, 516,  155.0,  21,  Nuc1208127,  263,  0, 0, 0, , 0, 0, 0, 0, 0,
128,  1,  96,  -1,  -1,  330, 531,  155.0,  23,  Nuc1208128,  1584,  0, 0, 0, , 0, 0, 0, 0, 0,
129,  1,  98,  -1,  -1,  269, 494,  135.0,  23,  Nuc1208133,  545,  0, 0, 0, , 0, 0, 0, 0, 0,
130,  1,  99,  -1,  -1,  295, 464,  146.0,  23,  Nuc1208136,  866,  0, 0, 0, , 0, 0, 0, 0, 0,
131,  1,  101,  140,  -1,  492, 522,  134.0,  23,  Nuc1208191,  2359,  0, 0, 0, , 0, 0, 0, 0, 0,
132,  1,  103,  141,  -1,  555, 763,  147.0,  23,  Nuc1210608,  2377,  0, 0, 0, , 0, 0, 0, 0, 0,
133,  1,  104,  142,  -1,  562, 841,  146.0,  23,  Nuc1231737,  2046,  0, 0, 0, , 0, 0, 0, 0, 0,
134,  1,  105,  143,  -1,  552, 867,  140.0,  23,  Nuc1234856,  1636,  0, 0, 0, , 0, 0, 0, 0, 0,
135,  1,  106,  144,  -1,  461, 830,  148.0,  23,  Nuc1247446,  2655,  0, 0, 0, , 0, 0, 0, 0, 0,
136,  1,  107,  145,  -1,  483, 815,  139.0,  23,  Nuc1248911,  2106,  0, 0, 0, , 0, 0, 0, 0, 0,
137,  1,  108,  146,  -1,  517, 778,  157.0,  23,  Nuc1262365,  2430,  0, 0, 0, , 0, 0, 0, 0, 0,
138,  1,  109,  147,  -1,  477, 777,  163.0,  23,  Nuc1270010,  2647,  0, 0, 0, , 0, 0, 0, 0, 0,
139,  1,  110,  148,  149,  651, 616,  131.0,  23,  Nuc1272759,  2172,  0, 0, 0, , 0, 0, 0, 0, 0,
140,  1,  111,  150,  151,  639, 625,  150.0,  27,  Nuc1335643,  4141,  0, 0, 0, , 0, 0, 0, 0, 0,
141,  1,  112,  152,  -1,  559, 560,  136.0,  23,  Nuc1336667,  1635,  0, 0, 0, , 0, 0, 0, 0, 0,
142,  1,  112,  -1,  -1,  572, 577,  139.0,  23,  Nuc1390564,  1734,  0, 0, 0, , 0, 0, 0, 0, 0,
143,  1,  113,  153,  154,  629, 524,  136.0,  29,  Nuc1390582,  10234,  0, 0, 0, , 0, 0, 0, 0, 0,
144,  1,  114,  -1,  -1,  426, 411,  146.0,  23,  Nuc1418717,  1363,  0, 0, 0, , 0, 0, 0, 0, 0,
145,  1,  115,  -1,  -1,  409, 468,  156.0,  21,  Nuc1418720,  1553,  0, 0, 0, , 0, 0, 0, 0, 0,
146,  1,  115,  -1,  -1,  409, 467,  148.0,  25,  Nuc1418721,  700,  0, 0, 0, , 0, 0, 0, 0, 0,
147,  1,  116,  -1,  -1,  454, 435,  156.0,  29,  Nuc1418775,  1042,  0, 0, 0, , 0, 0, 0, 0, 0,
148,  1,  116,  -1,  -1,  427, 434,  157.0,  27,  Nuc1418776,  844,  0, 0, 0, , 0, 0, 0, 0, 0,
149,  1,  117,  155,  -1,  471, 394,  149.0,  21,  Nuc1418778,  1781,  0, 0, 0, , 0, 0, 0, 0, 0,
150,  1,  118,  -1,  -1,  406, 575,  155.0,  23,  Nuc1418852,  909,  0, 0, 0, , 0, 0, 0, 0, 0,
151,  1,  119,  156,  157,  404, 526,  150.0,  23,  Nuc1418855,  2411,  0, 0, 0, , 0, 0, 0, 0, 0,
152,  1,  120,  158,  -1,  429, 568,  169.0,  23,  Nuc1419089,  2175,  0, 0, 0, , 0, 0, 0, 0, 0,
153,  1,  121,  159,  -1,  483, 547,  168.0,  21,  Nuc1426601,  1720,  0, 0, 0, , 0, 0, 0, 0, 0,
154,  1,  121,  -1,  -1,  456, 514,  163.0,  23,  Nuc1426605,  809,  0, 0, 0, , 0, 0, 0, 0, 0,
155,  1,  123,  160,  161,  474, 446,  130.0,  27,  Nuc1426670,  4478,  0, 0, 0, , 0, 0, 0, 0, 0,
156,  1,  124,  162,  163,  564, 473,  131.0,  31,  Nuc1431504,  1783,  0, 0, 0, , 0, 0, 0, 0, 0,
157,  1,  125,  164,  -1,  456, 514,  156.0,  23,  Nuc1468253,  5638,  0, 0, 0, , 0, 0, 0, 0, 0,
158,  1,  126,  165,  -1,  475, 461,  146.0,  23,  Nuc1476747,  4185,  0, 0, 0, , 0, 0, 0, 0, 0,
159,  1,  127,  166,  -1,  574, 474,  148.0,  23,  Nuc1483168,  2900,  0, 0, 0, , 0, 0, 0, 0, 0,
160,  1,  128,  167,  -1,  379, 381,  170.0,  21,  Nuc1483223,  1153,  0, 0, 0, , 0, 0, 0, 0, 0,
161,  1,  129,  168,  -1,  340, 373,  170.0,  21,  Nuc1492359,  2520,  0, 0, 0, , 0, 0, 0, 0, 0,
162,  1,  130,  169,  -1,  288, 451,  169.0,  21,  Nuc1492466,  1241,  0, 0, 0, , 0, 0, 0, 0, 0,
163,  1,  131,  170,  -1,  416, 389,  178.0,  23,  Nuc1493001,  3141,  0, 0, 0, , 0, 0, 0, 0, 0,
164,  1,  133,  171,  -1,  373, 432,  157.0,  23,  Nuc1493149,  2654,  0, 0, 0, , 0, 0, 0, 0, 0,
165,  1,  134,  172,  -1,  453, 311,  168.0,  23,  Nuc1493223,  1263,  0, 0, 0, , 0, 0, 0, 0, 0,
166,  1,  135,  173,  -1,  401, 320,  162.0,  23,  Nuc1493594,  2181,  0, 0, 0, , 0, 0, 0, 0, 0,
167,  1,  136,  174,  -1,  412, 368,  157.0,  21,  Nuc1494665,  938,  0, 0, 0, , 0, 0, 0, 0, 0,
168,  1,  137,  175,  -1,  349, 280,  148.0,  21,  Nuc1494719,  1859,  0, 0, 0, , 0, 0, 0, 0, 0,
169,  1,  137,  176,  -1,  387, 306,  143.0,  23,  Nuc1496175,  605,  0, 0, 0, , 0, 0, 0, 0, 0,
170,  1,  138,  177,  -1,  428, 257,  155.0,  23,  Nuc1496365,  2178,  0, 0, 0, , 0, 0, 0, 0, 0,
171,  1,  139,  178,  -1,  422, 224,  148.0,  23,  Nuc1497051,  1350,  0, 0, 0, , 0, 0, 0, 0, 0,
172,  1,  140,  179,  -1,  667, 306,  155.0,  23,  Nuc1500725,  2276,  0, 0, 0, , 0, 0, 0, 0, 0,
173,  1,  141,  180,  -1,  641, 336,  164.0,  25,  Nuc1503356,  2607,  0, 0, 0, , 0, 0, 0, 0, 0,
174,  1,  142,  181,  -1,  615, 402,  155.0,  21,  Nuc1508336,  2165,  0, 0, 0, , 0, 0, 0, 0, 0,
175,  1,  143,  182,  -1,  647, 382,  145.0,  23,  Nuc1510121,  2014,  0, 0, 0, , 0, 0, 0, 0, 0,
176,  1,  144,  183,  -1,  586, 411,  134.0,  23,  Nuc1514868,  2253,  0, 0, 0, , 0, 0, 0, 0, 0,
177,  1,  145,  184,  -1,  546, 401,  142.0,  23,  Nuc1514889,  2610,  0, 0, 0, , 0, 0, 0, 0, 0,
178,  1,  146,  185,  -1,  632, 341,  129.0,  23,  Nuc1545761,  2379,  0, 0, 0, , 0, 0, 0, 0, 0,
179,  1,  146,  186,  -1,  607, 337,  138.0,  21,  Nuc1551425,  1927,  0, 0, 0, , 0, 0, 0, 0, 0,
180,  1,  147,  187,  -1,  472, 319,  149.0,  21,  Nuc1553361,  2620,  0, 0, 0, , 0, 0, 0, 0, 0,
181,  1,  148,  188,  -1,  522, 321,  141.0,  21,  Nuc1560728,  1966,  0, 0, 0, , 0, 0, 0, 0, 0,
182,  1,  149,  189,  -1,  547, 271,  150.0,  21,  Nuc1572629,  2444,  0, 0, 0, , 0, 0, 0, 0, 0,
183,  1,  150,  190,  -1,  514, 234,  152.0,  23,  Nuc1575651,  2117,  0, 0, 0, , 0, 0, 0, 0, 0,
184,  1,  151,  191,  -1,  587, 282,  160.0,  23,  Nuc1577613,  2481,  0, 0, 0, , 0, 0, 0, 0, 0,
185,  1,  152,  192,  -1,  579, 315,  166.0,  23,  Nuc1581746,  2252,  0, 0, 0, , 0, 0, 0, 0, 0,
186,  1,  153,  193,  -1,  457, 352,  174.0,  23,  Nuc1584283,  1754,  0, 0, 0, , 0, 0, 0, 0, 0,
187,  1,  154,  194,  -1,  505, 333,  167.0,  23,  Nuc1584408,  2186,  0, 0, 0, , 0, 0, 0, 0, 0,
188,  1,  155,  195,  -1,  641, 478,  152.0,  21,  Nuc1584582,  2168,  0, 0, 0, , 0, 0, 0, 0, 0,
189,  1,  156,  196,  -1,  641, 462,  142.0,  23,  Nuc1602906,  2627,  0, 0, 0, , 0, 0, 0, 0, 0,
190,  1,  157,  197,  -1,  707, 433,  133.0,  21,  Nuc1622754,  2456,  0, 0, 0, , 0, 0, 0, 0, 0,
191,  1,  157,  198,  -1,  668, 428,  133.0,  23,  Nuc1639838,  2589,  0, 0, 0, , 0, 0, 0, 0, 0,
192,  1,  158,  199,  -1,  659, 528,  161.0,  23,  Nuc1640573,  8779,  0, 0, 0, , 0, 0, 0, 0, 0,
193,  1,  159,  200,  -1,  639, 531,  149.0,  23,  Nuc1643520,  6952,  0, 0, 0, , 0, 0, 0, 0, 0,
194,  1,  161,  201,  -1,  679, 573,  157.0,  23,  Nuc1703090,  6512,  0, 0, 0, , 0, 0, 0, 0, 0,
195,  1,  162,  202,  -1,  667, 561,  141.0,  23,  Nuc1707951,  8909,  0, 0, 0, , 0, 0, 0, 0, 0,
196,  1,  163,  203,  -1,  545, 531,  154.0,  23,  Nuc1740615,  4012,  0, 0, 0, , 0, 0, 0, 0, 0,
197,  1,  164,  204,  205,  526, 584,  152.0,  21,  Nuc1754952,  2131,  0, 0, 0, , 0, 0, 0, 0, 0,
198,  1,  165,  206,  207,  472, 514,  178.0,  23,  Nuc1759760,  4381,  0, 0, 0, , 0, 0, 0, 0, 0,
199,  1,  166,  208,  -1,  435, 489,  170.0,  21,  Nuc1763556,  1257,  0, 0, 0, , 0, 0, 0, 0, 0,
200,  1,  167,  209,  -1,  479, 447,  167.0,  21,  Nuc1763576,  3601,  0, 0, 0, , 0, 0, 0, 0, 0,
201,  1,  169,  210,  -1,  430, 426,  164.0,  23,  Nuc1765079,  4100,  0, 0, 0, , 0, 0, 0, 0, 0,
202,  1,  171,  211,  -1,  497, 499,  162.0,  23,  Nuc1772013,  5684,  0, 0, 0, , 0, 0, 0, 0, 0,
203,  1,  172,  212,  -1,  478, 573,  158.0,  23,  Nuc1773068,  2021,  0, 0, 0, , 0, 0, 0, 0, 0,
204,  1,  173,  213,  -1,  429, 732,  166.0,  21,  Nuc1773174,  2373,  0, 0, 0, , 0, 0, 0, 0, 0,
205,  1,  174,  214,  -1,  398, 692,  161.0,  23,  Nuc1783530,  1310,  0, 0, 0, , 0, 0, 0, 0, 0,
206,  1,  175,  -1,  -1,  281, 585,  154.0,  21,  Nuc1784074,  1408,  0, 0, 0, , 0, 0, 0, 0, 0,
207,  1,  176,  215,  -1,  337, 593,  161.0,  21,  Nuc1784076,  1576,  0, 0, 0, , 0, 0, 0, 0, 0,
208,  1,  176,  216,  -1,  296, 624,  154.0,  21,  Nuc1784094,  2848,  0, 0, 0, , 0, 0, 0, 0, 0,
209,  1,  177,  217,  -1,  344, 710,  166.0,  23,  Nuc1784109,  2085,  0, 0, 0, , 0, 0, 0, 0, 0,
210,  1,  178,  218,  -1,  318, 710,  157.0,  23,  Nuc1784488,  557,  0, 0, 0, , 0, 0, 0, 0, 0,
211,  1,  178,  219,  -1,  312, 669,  149.0,  21,  Nuc1785221,  1929,  0, 0, 0, , 0, 0, 0, 0, 0,
212,  1,  179,  -1,  -1,  381, 625,  162.0,  21,  Nuc1785261,  588,  0, 0, 0, , 0, 0, 0, 0, 0,
213,  1,  179,  220,  -1,  423, 613,  168.0,  25,  Nuc1785262,  1128,  0, 0, 0, , 0, 0, 0, 0, 0,
214,  1,  180,  221,  -1,  368, 660,  177.0,  23,  Nuc1793836,  2316,  0, 0, 0, , 0, 0, 0, 0, 0,
215,  1,  182,  222,  -1,  452, 421,  181.0,  23,  Nuc1794117,  2323,  0, 0, 0, , 0, 0, 0, 0, 0,
216,  1,  183,  223,  -1,  547, 415,  179.0,  23,  Nuc1794460,  2911,  0, 0, 0, , 0, 0, 0, 0, 0,
217,  1,  184,  224,  -1,  537, 376,  176.0,  23,  Nuc1795173,  2500,  0, 0, 0, , 0, 0, 0, 0, 0,
218,  1,  185,  225,  -1,  626, 469,  171.0,  21,  Nuc1800325,  3225,  0, 0, 0, , 0, 0, 0, 0, 0,
219,  1,  186,  226,  -1,  623, 421,  175.0,  23,  Nuc1842016,  3232,  0, 0, 0, , 0, 0, 0, 0, 0,
220,  1,  187,  227,  -1,  701, 385,  165.0,  21,  Nuc1848869,  3099,  0, 0, 0, , 0, 0, 0, 0, 0,
221,  1,  188,  228,  -1,  686, 418,  169.0,  23,  Nuc1849835,  2858,  0, 0, 0, , 0, 0, 0, 0, 0,
222,  1,  189,  229,  -1,  648, 523,  178.0,  21,  Nuc1850299,  3619,  0, 0, 0, , 0, 0, 0, 0, 0,
223,  1,  189,  230,  -1,  689, 493,  171.0,  23,  Nuc1850845,  7539,  0, 0, 0, , 0, 0, 0, 0, 0,
224,  1,  190,  231,  -1,  741, 502,  168.0,  21,  Nuc1858781,  6763,  0, 0, 0, , 0, 0, 0, 0, 0,
225,  1,  192,  232,  -1,  629, 594,  170.0,  21,  Nuc1862213,  3386,  0, 0, 0, , 0, 0, 0, 0, 0,
226,  1,  193,  233,  -1,  679, 582,  174.0,  23,  Nuc1863099,  3129,  0, 0, 0, , 0, 0, 0, 0, 0,
227,  1,  194,  234,  -1,  732, 549,  162.0,  25,  Nuc1867425,  7969,  0, 0, 0, , 0, 0, 0, 0, 0,
228,  1,  195,  235,  -1,  740, 581,  167.0,  25,  Nuc1868191,  7892,  0, 0, 0, , 0, 0, 0, 0, 0,
229,  1,  196,  236,  -1,  462, 692,  178.0,  21,  Nuc1869387,  2459,  0, 0, 0, , 0, 0, 0, 0, 0,
230,  1,  197,  237,  -1,  424, 682,  178.0,  23,  Nuc1869764,  2497,  0, 0, 0, , 0, 0, 0, 0, 0,
231,  1,  198,  238,  -1,  624, 715,  167.0,  23,  Nuc1869994,  3262,  0, 0, 0, , 0, 0, 0, 0, 0,
232,  1,  199,  239,  -1,  589, 702,  161.0,  21,  Nuc1871449,  2901,  0, 0, 0, , 0, 0, 0, 0, 0,
233,  1,  200,  240,  -1,  610, 780,  158.0,  23,  Nuc1876954,  3326,  0, 0, 0, , 0, 0, 0, 0, 0,
234,  1,  200,  241,  -1,  578, 766,  162.0,  23,  Nuc1880440,  3343,  0, 0, 0, , 0, 0, 0, 0, 0,
235,  1,  201,  242,  -1,  522, 663,  180.0,  23,  Nuc1883038,  3385,  0, 0, 0, , 0, 0, 0, 0, 0,
236,  1,  202,  243,  -1,  562, 670,  174.0,  23,  Nuc1886223,  3314,  0, 0, 0, , 0, 0, 0, 0, 0,
237,  1,  203,  244,  -1,  498, 730,  172.0,  23,  Nuc1889453,  3176,  0, 0, 0, , 0, 0, 0, 0, 0,
238,  1,  203,  245,  -1,  538, 730,  171.0,  23,  Nuc1890960,  3164,  0, 0, 0, , 0, 0, 0, 0, 0,
239,  1,  204,  246,  -1,  627, 657,  173.0,  23,  Nuc1892150,  3502,  0, 0, 0, , 0, 0, 0, 0, 0,
240,  1,  205,  247,  -1,  676, 665,  169.0,  23,  Nuc1918888,  2739,  0, 0, 0, , 0, 0, 0, 0, 0,
241,  1,  207,  248,  -1,  576, 624,  180.0,  23,  Nuc1921279,  2957,  0, 0, 0, , 0, 0, 0, 0, 0,
242,  1,  208,  249,  -1,  571, 584,  182.0,  23,  Nuc1921402,  2277,  0, 0, 0, , 0, 0, 0, 0, 0,
243,  1,  209,  250,  -1,  575, 472,  181.0,  23,  Nuc1922077,  2963,  0, 0, 0, , 0, 0, 0, 0, 0,
244,  1,  210,  251,  -1,  629, 552,  178.0,  23,  Nuc1922177,  3290,  0, 0, 0, , 0, 0, 0, 0, 0,
245,  1,  211,  252,  -1,  481, 605,  184.0,  35,  Nuc1923293,  606,  0, 0, 0, , 0, 0, 0, 0, 0,
246,  1,  212,  253,  -1,  445, 641,  183.0,  23,  Nuc1924232,  2315,  0, 0, 0, , 0, 0, 0, 0, 0,
247,  1,  213,  254,  -1,  432, 599,  185.0,  23,  Nuc1934126,  2792,  0, 0, 0, , 0, 0, 0, 0, 0,
248,  1,  214,  255,  -1,  466, 676,  165.0,  23,  Nuc1934267,  2329,  0, 0, 0, , 0, 0, 0, 0, 0,
249,  1,  215,  256,  -1,  458, 644,  153.0,  23,  Nuc1942122,  358,  0, 0, 0, , 0, 0, 0, 0, 0,
250,  1,  216,  257,  -1,  521, 690,  157.0,  23,  Nuc1943220,  2576,  0, 0, 0, , 0, 0, 0, 0, 0,
251,  1,  217,  258,  -1,  518, 639,  158.0,  23,  Nuc1950033,  2744,  0, 0, 0, , 0, 0, 0, 0, 0,
252,  1,  218,  259,  -1,  529, 592,  167.0,  21,  Nuc1950053,  2127,  0, 0, 0, , 0, 0, 0, 0, 0,
253,  1,  219,  260,  -1,  484, 606,  171.0,  21,  Nuc1950319,  3737,  0, 0, 0, , 0, 0, 0, 0, 0,
254,  1,  220,  261,  -1,  421, 537,  178.0,  21,  Nuc1953729,  2335,  0, 0, 0, , 0, 0, 0, 0, 0,
255,  1,  220,  262,  -1,  410, 546,  186.0,  23,  Nuc1953731,  1982,  0, 0, 0, , 0, 0, 0, 0, 0,
256,  1,  221,  -1,  -1,  348, 488,  183.0,  21,  Nuc1954700,  1765,  0, 0, 0, , 0, 0, 0, 0, 0,
257,  1,  222,  263,  -1,  382, 475,  185.0,  23,  Nuc1954702,  1694,  0, 0, 0, , 0, 0, 0, 0, 0,
258,  1,  223,  264,  -1,  497, 567,  184.0,  27,  Nuc1954936,  2513,  0, 0, 0, , 0, 0, 0, 0, 0,
259,  1,  224,  265,  -1,  571, 511,  183.0,  23,  Nuc1955373,  3015,  0, 0, 0, , 0, 0, 0, 0, 0,
260,  1,  225,  266,  267,  526, 540,  178.0,  23,  Nuc1967340,  4538,  0, 0, 0, , 0, 0, 0, 0, 0,
261,  1,  226,  268,  -1,  509, 474,  180.0,  23,  Nuc1968435,  6587,  0, 0, 0, , 0, 0, 0, 0, 0,
262,  1,  227,  269,  -1,  452, 504,  185.0,  23,  Nuc1968597,  3174,  0, 0, 0, , 0, 0, 0, 0, 0,
263,  1,  228,  270,  -1,  578, 625,  160.0,  21,  Nuc1968834,  2835,  0, 0, 0, , 0, 0, 0, 0, 0,
264,  1,  229,  271,  -1,  594, 529,  168.0,  23,  Nuc2004958,  3790,  0, 0, 0, , 0, 0, 0, 0, 0,
265,  1,  229,  272,  -1,  593, 570,  159.0,  21,  Nuc2006229,  3075,  0, 0, 0, , 0, 0, 0, 0, 0,
266,  1,  230,  273,  -1,  400, 762,  161.0,  23,  Nuc2009242,  2034,  0, 0, 0, , 0, 0, 0, 0, 0,
267,  1,  232,  -1,  -1,  396, 777,  130.0,  21,  Nuc2012724,  1275,  0, 0, 0, , 0, 0, 0, 0, 0,
268,  1,  233,  274,  -1,  541, 496,  167.0,  23,  Nuc2012782,  2103,  0, 0, 0, , 0, 0, 0, 0, 0,
269,  1,  234,  275,  -1,  524, 367,  156.0,  23,  Nuc2021741,  2620,  0, 0, 0, , 0, 0, 0, 0, 0,
270,  1,  235,  276,  -1,  560, 417,  161.0,  23,  Nuc2024294,  2681,  0, 0, 0, , 0, 0, 0, 0, 0,
271,  1,  236,  277,  -1,  513, 435,  159.0,  21,  Nuc2034639,  2642,  0, 0, 0, , 0, 0, 0, 0, 0,
272,  1,  237,  278,  -1,  570, 467,  167.0,  21,  Nuc2034682,  3420,  0, 0, 0, , 0, 0, 0, 0, 0,
273,  1,  238,  279,  -1,  604, 507,  160.0,  21,  Nuc2034829,  2143,  0, 0, 0, , 0, 0, 0, 0, 0,
274,  1,  239,  280,  -1,  342, 470,  147.0,  23,  Nuc2064292,  1593,  0, 0, 0, , 0, 0, 0, 0, 0,
275,  1,  241,  -1,  -1,  346, 333,  158.0,  21,  Nuc2064508,  2018,  0, 0, 0, , 0, 0, 0, 0, 0,
276,  1,  245,  281,  -1,  298, 716,  142.0,  21,  Nuc2064571,  1136,  0, 0, 0, , 0, 0, 0, 0, 0,
277,  1,  247,  282,  -1,  261, 639,  155.0,  23,  Nuc2064711,  4040,  0, 0, 0, , 0, 0, 0, 0, 0,
278,  1,  248,  283,  -1,  456, 342,  128.0,  23,  Nuc2064813,  1656,  0, 0, 0, , 0, 0, 0, 0, 0,
279,  1,  249,  -1,  -1,  404, 438,  129.0,  23,  Nuc2070278,  1196,  0, 0, 0, , 0, 0, 0, 0, 0,
280,  1,  249,  284,  285,  365, 425,  134.0,  21,  Nuc2070279,  1563,  0, 0, 0, , 0, 0, 0, 0, 0,
281,  1,  250,  286,  -1,  381, 365,  126.0,  27,  Nuc2070305,  1951,  0, 0, 0, , 0, 0, 0, 0, 0,
282,  1,  251,  287,  -1,  299, 560,  169.0,  21,  Nuc2070364,  514,  0, 0, 0, , 0, 0, 0, 0, 0,
283,  1,  251,  288,  -1,  281, 586,  161.0,  21,  Nuc2070710,  2690,  0, 0, 0, , 0, 0, 0, 0, 0,
284,  1,  253,  289,  -1,  357, 557,  180.0,  23,  Nuc2070732,  3104,  0, 0, 0, , 0, 0, 0, 0, 0,
285,  1,  254,  290,  -1,  326, 873,  99.0,  25,  Nuc2070769,  2063,  0, 0, 0, , 0, 0, 0, 0, 0,
286,  1,  255,  291,  -1,  385, 887,  104.0,  21,  Nuc2070778,  2749,  0, 0, 0, , 0, 0, 0, 0, 0,
287,  1,  256,  292,  -1,  369, 924,  90.0,  23,  Nuc2080662,  1074,  0, 0, 0, , 0, 0, 0, 0, 0,
288,  1,  257,  -1,  -1,  296, 579,  134.0,  25,  Nuc2080698,  2110,  0, 0, 0, , 0, 0, 0, 0, 0,
289,  1,  258,  -1,  -1,  298, 658,  128.0,  23,  Nuc2080705,  557,  0, 0, 0, , 0, 0, 0, 0, 0,
290,  1,  259,  293,  -1,  406, 647,  141.0,  25,  Nuc2080721,  1016,  0, 0, 0, , 0, 0, 0, 0, 0,
291,  1,  259,  294,  -1,  371, 615,  143.0,  23,  Nuc2080747,  2523,  0, 0, 0, , 0, 0, 0, 0, 0,
292,  1,  260,  295,  296,  327, 728,  127.0,  23,  Nuc2080751,  870,  0, 0, 0, , 0, 0, 0, 0, 0,
293,  1,  260,  -1,  -1,  366, 662,  128.0,  23,  Nuc2080761,  1342,  0, 0, 0, , 0, 0, 0, 0, 0,
294,  1,  261,  297,  -1,  364, 697,  138.0,  23,  Nuc2080763,  2620,  0, 0, 0, , 0, 0, 0, 0, 0,
295,  1,  262,  -1,  -1,  360, 498,  136.0,  23,  Nuc2080797,  585,  0, 0, 0, , 0, 0, 0, 0, 0,
296,  1,  263,  -1,  -1,  354, 554,  142.0,  21,  Nuc2080807,  1993,  0, 0, 0, , 0, 0, 0, 0, 0,
297,  1,  264,  298,  -1,  247, 357,  143.0,  23,  Nuc2080834,  1805,  0, 0, 0, , 0, 0, 0, 0, 0,
298,  1,  266,  299,  -1,  204, 402,  142.0,  23,  Nuc2081030,  822,  0, 0, 0, , 0, 0, 0, 0, 0,
299,  1,  267,  -1,  -1,  298, 525,  171.0,  21,  Nuc2081059,  1064,  0, 0, 0, , 0, 0, 0, 0, 0,
300,  1,  267,  300,  -1,  302, 485,  168.0,  23,  Nuc2081060,  2131,  0, 0, 0, , 0, 0, 0, 0, 0,
301,  1,  268,  301,  -1,  387, 870,  118.0,  21,  Nuc2084897,  3069,  0, 0, 0, , 0, 0, 0, 0, 0,
302,  1,  271,  -1,  -1,  290, 351,  130.0,  23,  Nuc2088415,  1135,  0, 0, 0, , 0, 0, 0, 0, 0,
303,  1,  274,  302,  -1,  230, 615,  143.0,  21,  Nuc2088467,  2325,  0, 0, 0, , 0, 0, 0, 0, 0,
304,  1,  276,  -1,  -1,  194, 654,  129.0,  23,  Nuc2088489,  1118,  0, 0, 0, , 0, 0, 0, 0, 0,
305,  1,  278,  303,  -1,  350, 452,  170.0,  21,  Nuc2088508,  541,  0, 0, 0, , 0, 0, 0, 0, 0,
306,  1,  278,  304,  305,  390, 485,  170.0,  21,  Nuc2088776,  2333,  0, 0, 0, , 0, 0, 0, 0, 0,
307,  1,  -1,  306,  -1,  412, 707,  123.0,  23,  Nuc2088782,  1701,  0, 0, 0, , 0, 0, 0, 0, 0,
