1,  1,  1,  1,  -1,  531, 964,  85.0,  23,  Nuc57,  2117,  0, 0, 0, , 0, 0, 0, 0, 0,
2,  1,  2,  2,  3,  442, 941,  87.0,  23,  Nuc7224,  2001,  0, 0, 0, , 0, 0, 0, 0, 0,
3,  1,  3,  4,  5,  459, 876,  104.0,  21,  Nuc9515,  2112,  0, 0, 0, , 0, 0, 0, 0, 0,
4,  1,  4,  6,  7,  454, 927,  106.0,  21,  Nuc26077,  2348,  0, 0, 0, , 0, 0, 0, 0, 0,
5,  1,  5,  8,  -1,  737, 904,  95.0,  23,  Nuc29664,  2679,  0, 0, 0, , 0, 0, 0, 0, 0,
6,  1,  6,  9,  10,  675, 888,  105.0,  23,  Nuc37575,  2663,  0, 0, 0, , 0, 0, 0, 0, 0,
7,  1,  7,  11,  -1,  603, 933,  96.0,  23,  Nuc47879,  2455,  0, 0, 0, , 0, 0, 0, 0, 0,
8,  1,  8,  12,  -1,  655, 956,  84.0,  23,  Nuc51550,  2267,  0, 0, 0, , 0, 0, 0, 0, 0,
9,  1,  9,  13,  -1,  632, 855,  117.0,  23,  Nuc63976,  1801,  0, 0, 0, , 0, 0, 0, 0, 0,
10,  1,  10,  14,  -1,  631, 876,  127.0,  23,  Nuc63996,  1647,  0, 0, 0, , 0, 0, 0, 0, 0,
11,  1,  11,  15,  -1,  568, 834,  125.0,  23,  Nuc65768,  2010,  0, 0, 0, , 0, 0, 0, 0, 0,
12,  1,  12,  -1,  -1,  576, 833,  111.0,  23,  Nuc69302,  1712,  0, 0, 0, , 0, 0, 0, 0, 0,
13,  1,  13,  16,  -1,  521, 929,  100.0,  21,  Nuc69337,  1586,  0, 0, 0, , 0, 0, 0, 0, 0,
14,  1,  13,  17,  -1,  534, 894,  101.0,  21,  Nuc70663,  1970,  0, 0, 0, , 0, 0, 0, 0, 0,
15,  1,  14,  18,  -1,  582, 895,  110.0,  21,  Nuc73720,  2047,  0, 0, 0, , 0, 0, 0, 0, 0,
16,  1,  14,  19,  -1,  596, 920,  113.0,  21,  Nuc88073,  1521,  0, 0, 0, , 0, 0, 0, 0, 0,
17,  1,  15,  -1,  -1,  459, 826,  113.0,  21,  Nuc90587,  799,  0, 0, 0, , 0, 0, 0, 0, 0,
18,  1,  15,  20,  -1,  515, 798,  116.0,  21,  Nuc90588,  857,  0, 0, 0, , 0, 0, 0, 0, 0,
19,  1,  16,  -1,  -1,  439, 804,  122.0,  21,  Nuc102416,  1438,  0, 0, 0, , 0, 0, 0, 0, 0,
20,  1,  17,  21,  -1,  495, 830,  125.0,  21,  Nuc102435,  1566,  0, 0, 0, , 0, 0, 0, 0, 0,
21,  1,  18,  22,  -1,  514, 880,  114.0,  21,  Nuc144309,  1836,  0, 0, 0, , 0, 0, 0, 0, 0,
22,  1,  19,  23,  -1,  539, 906,  120.0,  21,  Nuc146043,  1951,  0, 0, 0, , 0, 0, 0, 0, 0,
23,  1,  20,  24,  -1,  463, 898,  123.0,  21,  Nuc146843,  1793,  0, 0, 0, , 0, 0, 0, 0, 0,
24,  1,  20,  25,  -1,  481, 888,  129.0,  21,  Nuc148354,  1468,  0, 0, 0, , 0, 0, 0, 0, 0,
25,  1,  22,  26,  -1,  323, 169,  111.0,  23,  Nuc152775,  1929,  0, 0, 0, , 0, 0, 0, 0, 0,
26,  1,  23,  27,  -1,  269, 300,  140.0,  21,  Nuc152811,  2104,  0, 0, 0, , 0, 0, 0, 0, 0,
27,  1,  24,  28,  -1,  293, 294,  149.0,  23,  Nuc152814,  1359,  0, 0, 0, , 0, 0, 0, 0, 0,
28,  1,  26,  29,  -1,  658, 802,  122.0,  23,  Nuc152903,  1759,  0, 0, 0, , 0, 0, 0, 0, 0,
29,  1,  27,  30,  -1,  692, 762,  126.0,  21,  Nuc170113,  2032,  0, 0, 0, , 0, 0, 0, 0, 0,
30,  1,  28,  31,  -1,  694, 869,  120.0,  21,  Nuc173376,  1881,  0, 0, 0, , 0, 0, 0, 0, 0,
31,  1,  29,  32,  -1,  724, 844,  127.0,  23,  Nuc182350,  1982,  0, 0, 0, , 0, 0, 0, 0, 0,
32,  1,  30,  33,  -1,  705, 779,  144.0,  21,  Nuc190558,  2485,  0, 0, 0, , 0, 0, 0, 0, 0,
33,  1,  31,  34,  -1,  656, 766,  149.0,  21,  Nuc200237,  2448,  0, 0, 0, , 0, 0, 0, 0, 0,
34,  1,  32,  35,  -1,  654, 837,  141.0,  21,  Nuc205691,  2314,  0, 0, 0, , 0, 0, 0, 0, 0,
35,  1,  33,  36,  -1,  613, 824,  141.0,  21,  Nuc208524,  2356,  0, 0, 0, , 0, 0, 0, 0, 0,
36,  1,  34,  37,  38,  828, 781,  113.0,  21,  Nuc209756,  2910,  0, 0, 0, , 0, 0, 0, 0, 0,
37,  1,  35,  39,  -1,  847, 830,  98.0,  23,  Nuc215652,  2822,  0, 0, 0, , 0, 0, 0, 0, 0,
38,  1,  36,  40,  -1,  782, 800,  122.0,  21,  Nuc230371,  2249,  0, 0, 0, , 0, 0, 0, 0, 0,
39,  1,  36,  41,  -1,  761, 783,  118.0,  21,  Nuc230668,  1942,  0, 0, 0, , 0, 0, 0, 0, 0,
40,  1,  37,  42,  -1,  757, 861,  111.0,  23,  Nuc248266,  2103,  0, 0, 0, , 0, 0, 0, 0, 0,
41,  1,  37,  43,  -1,  773, 855,  110.0,  25,  Nuc249167,  2087,  0, 0, 0, , 0, 0, 0, 0, 0,
42,  1,  38,  44,  45,  799, 211,  101.0,  23,  Nuc251877,  2677,  0, 0, 0, , 0, 0, 0, 0, 0,
43,  1,  39,  46,  47,  683, 173,  107.0,  23,  Nuc260706,  2530,  0, 0, 0, , 0, 0, 0, 0, 0,
44,  1,  40,  48,  49,  640, 222,  124.0,  21,  Nuc264750,  1928,  0, 0, 0, , 0, 0, 0, 0, 0,
45,  1,  40,  50,  -1,  635, 196,  122.0,  21,  Nuc271231,  1684,  0, 0, 0, , 0, 0, 0, 0, 0,
46,  1,  41,  51,  -1,  701, 211,  128.0,  23,  Nuc272774,  2479,  0, 0, 0, , 0, 0, 0, 0, 0,
47,  1,  42,  52,  -1,  572, 281,  132.0,  21,  Nuc274978,  1852,  0, 0, 0, , 0, 0, 0, 0, 0,
48,  1,  43,  53,  -1,  543, 248,  132.0,  21,  Nuc280413,  1538,  0, 0, 0, , 0, 0, 0, 0, 0,
49,  1,  44,  54,  -1,  597, 206,  139.0,  21,  Nuc283124,  1871,  0, 0, 0, , 0, 0, 0, 0, 0,
50,  1,  45,  55,  -1,  612, 247,  144.0,  21,  Nuc285932,  2090,  0, 0, 0, , 0, 0, 0, 0, 0,
51,  1,  46,  56,  57,  566, 196,  120.0,  23,  Nuc293750,  2043,  0, 0, 0, , 0, 0, 0, 0, 0,
52,  1,  47,  58,  59,  602, 132,  107.0,  23,  Nuc306826,  2398,  0, 0, 0, , 0, 0, 0, 0, 0,
53,  1,  48,  60,  61,  889, 307,  105.0,  23,  Nuc314316,  2794,  0, 0, 0, , 0, 0, 0, 0, 0,
54,  1,  49,  62,  63,  950, 416,  105.0,  23,  Nuc326402,  3137,  0, 0, 0, , 0, 0, 0, 0, 0,
55,  1,  50,  64,  -1,  810, 290,  118.0,  21,  Nuc343668,  1914,  0, 0, 0, , 0, 0, 0, 0, 0,
56,  1,  50,  65,  -1,  796, 307,  123.0,  21,  Nuc348447,  1701,  0, 0, 0, , 0, 0, 0, 0, 0,
57,  1,  51,  66,  -1,  859, 348,  126.0,  21,  Nuc359679,  1934,  0, 0, 0, , 0, 0, 0, 0, 0,
58,  1,  51,  67,  -1,  829, 355,  124.0,  21,  Nuc361717,  1995,  0, 0, 0, , 0, 0, 0, 0, 0,
59,  1,  52,  68,  -1,  798, 367,  145.0,  21,  Nuc370600,  2483,  0, 0, 0, , 0, 0, 0, 0, 0,
60,  1,  53,  69,  -1,  761, 338,  148.0,  23,  Nuc382938,  1969,  0, 0, 0, , 0, 0, 0, 0, 0,
61,  1,  54,  70,  -1,  716, 368,  142.0,  21,  Nuc386078,  2469,  0, 0, 0, , 0, 0, 0, 0, 0,
62,  1,  55,  71,  -1,  729, 351,  129.0,  23,  Nuc391866,  1934,  0, 0, 0, , 0, 0, 0, 0, 0,
63,  1,  56,  72,  -1,  672, 283,  137.0,  21,  Nuc406967,  1942,  0, 0, 0, , 0, 0, 0, 0, 0,
64,  1,  57,  73,  -1,  696, 278,  125.0,  23,  Nuc424194,  1441,  0, 0, 0, , 0, 0, 0, 0, 0,
65,  1,  58,  74,  -1,  760, 267,  135.0,  23,  Nuc441237,  1966,  0, 0, 0, , 0, 0, 0, 0, 0,
66,  1,  59,  75,  -1,  770, 250,  126.0,  23,  Nuc442504,  2094,  0, 0, 0, , 0, 0, 0, 0, 0,
67,  1,  60,  76,  77,  412, 154,  108.0,  27,  Nuc445505,  1268,  0, 0, 0, , 0, 0, 0, 0, 0,
68,  1,  61,  78,  -1,  401, 171,  122.0,  23,  Nuc450548,  1837,  0, 0, 0, , 0, 0, 0, 0, 0,
69,  1,  63,  79,  -1,  369, 218,  135.0,  21,  Nuc451851,  1765,  0, 0, 0, , 0, 0, 0, 0, 0,
70,  1,  64,  80,  -1,  404, 253,  136.0,  21,  Nuc452161,  756,  0, 0, 0, , 0, 0, 0, 0, 0,
71,  1,  65,  81,  82,  492, 130,  109.0,  23,  Nuc454671,  2222,  0, 0, 0, , 0, 0, 0, 0, 0,
72,  1,  66,  83,  84,  467, 185,  123.0,  31,  Nuc457647,  2808,  0, 0, 0, , 0, 0, 0, 0, 0,
73,  1,  67,  85,  -1,  468, 276,  138.0,  21,  Nuc460147,  1529,  0, 0, 0, , 0, 0, 0, 0, 0,
74,  1,  68,  86,  -1,  475, 260,  127.0,  23,  Nuc462221,  1595,  0, 0, 0, , 0, 0, 0, 0, 0,
75,  1,  69,  87,  -1,  467, 187,  136.0,  21,  Nuc462377,  1331,  0, 0, 0, , 0, 0, 0, 0, 0,
76,  1,  69,  88,  -1,  499, 186,  137.0,  21,  Nuc465718,  1079,  0, 0, 0, , 0, 0, 0, 0, 0,
77,  1,  70,  89,  90,  892, 642,  122.0,  25,  Nuc466289,  7795,  0, 0, 0, , 0, 0, 0, 0, 0,
78,  1,  71,  91,  92,  947, 651,  107.0,  23,  Nuc478782,  3447,  0, 0, 0, , 0, 0, 0, 0, 0,
79,  1,  72,  93,  -1,  847, 711,  127.0,  21,  Nuc497655,  2126,  0, 0, 0, , 0, 0, 0, 0, 0,
80,  1,  72,  94,  -1,  823, 695,  124.0,  21,  Nuc500814,  2400,  0, 0, 0, , 0, 0, 0, 0, 0,
81,  1,  73,  95,  96,  896, 737,  110.0,  23,  Nuc541234,  3111,  0, 0, 0, , 0, 0, 0, 0, 0,
82,  1,  74,  97,  -1,  815, 716,  139.0,  21,  Nuc546715,  2503,  0, 0, 0, , 0, 0, 0, 0, 0,
83,  1,  75,  98,  -1,  799, 755,  136.0,  23,  Nuc574113,  2583,  0, 0, 0, , 0, 0, 0, 0, 0,
84,  1,  76,  99,  -1,  739, 709,  128.0,  21,  Nuc578590,  2244,  0, 0, 0, , 0, 0, 0, 0, 0,
85,  1,  77,  100,  -1,  760, 656,  131.0,  21,  Nuc590729,  2325,  0, 0, 0, , 0, 0, 0, 0, 0,
86,  1,  78,  101,  -1,  699, 681,  140.0,  23,  Nuc606129,  2205,  0, 0, 0, , 0, 0, 0, 0, 0,
87,  1,  79,  102,  -1,  667, 688,  152.0,  21,  Nuc633986,  2882,  0, 0, 0, , 0, 0, 0, 0, 0,
88,  1,  80,  103,  -1,  756, 735,  149.0,  21,  Nuc668708,  2598,  0, 0, 0, , 0, 0, 0, 0, 0,
89,  1,  81,  104,  -1,  729, 721,  155.0,  25,  Nuc673177,  2471,  0, 0, 0, , 0, 0, 0, 0, 0,
90,  1,  82,  105,  -1,  386, 820,  144.0,  21,  Nuc682041,  2962,  0, 0, 0, , 0, 0, 0, 0, 0,
91,  1,  83,  106,  107,  413, 789,  144.0,  21,  Nuc682050,  1679,  0, 0, 0, , 0, 0, 0, 0, 0,
92,  1,  84,  108,  -1,  433, 840,  133.0,  21,  Nuc685648,  860,  0, 0, 0, , 0, 0, 0, 0, 0,
93,  1,  84,  109,  -1,  423, 863,  134.0,  21,  Nuc685650,  2223,  0, 0, 0, , 0, 0, 0, 0, 0,
94,  1,  85,  110,  111,  335, 842,  124.0,  21,  Nuc694420,  770,  0, 0, 0, , 0, 0, 0, 0, 0,
95,  1,  86,  112,  -1,  899, 405,  122.0,  21,  Nuc701803,  2108,  0, 0, 0, , 0, 0, 0, 0, 0,
96,  1,  86,  113,  -1,  901, 437,  123.0,  21,  Nuc726369,  2014,  0, 0, 0, , 0, 0, 0, 0, 0,
97,  1,  87,  114,  -1,  911, 503,  123.0,  21,  Nuc727157,  2101,  0, 0, 0, , 0, 0, 0, 0, 0,
98,  1,  87,  115,  -1,  941, 490,  120.0,  23,  Nuc733885,  2141,  0, 0, 0, , 0, 0, 0, 0, 0,
99,  1,  88,  116,  -1,  832, 419,  130.0,  21,  Nuc736765,  2586,  0, 0, 0, , 0, 0, 0, 0, 0,
100,  1,  89,  117,  -1,  861, 424,  140.0,  23,  Nuc740810,  2440,  0, 0, 0, , 0, 0, 0, 0, 0,
101,  1,  90,  118,  -1,  849, 497,  135.0,  21,  Nuc744066,  2350,  0, 0, 0, , 0, 0, 0, 0, 0,
102,  1,  91,  119,  -1,  871, 514,  144.0,  21,  Nuc755973,  2609,  0, 0, 0, , 0, 0, 0, 0, 0,
103,  1,  92,  120,  -1,  759, 436,  134.0,  21,  Nuc765548,  1648,  0, 0, 0, , 0, 0, 0, 0, 0,
104,  1,  92,  121,  -1,  778, 468,  132.0,  21,  Nuc767125,  2423,  0, 0, 0, , 0, 0, 0, 0, 0,
105,  1,  93,  122,  -1,  721, 518,  145.0,  21,  Nuc777265,  2463,  0, 0, 0, , 0, 0, 0, 0, 0,
106,  1,  94,  123,  -1,  769, 536,  139.0,  21,  Nuc781767,  2148,  0, 0, 0, , 0, 0, 0, 0, 0,
107,  1,  95,  124,  -1,  795, 497,  159.0,  23,  Nuc781820,  2657,  0, 0, 0, , 0, 0, 0, 0, 0,
108,  1,  96,  125,  -1,  820, 461,  154.0,  21,  Nuc786028,  2622,  0, 0, 0, , 0, 0, 0, 0, 0,
109,  1,  97,  126,  -1,  750, 419,  159.0,  21,  Nuc787815,  2789,  0, 0, 0, , 0, 0, 0, 0, 0,
110,  1,  98,  127,  -1,  703, 452,  159.0,  23,  Nuc795077,  2790,  0, 0, 0, , 0, 0, 0, 0, 0,
111,  1,  99,  128,  -1,  807, 581,  134.0,  23,  Nuc799519,  2816,  0, 0, 0, , 0, 0, 0, 0, 0,
112,  1,  100,  129,  -1,  791, 616,  143.0,  21,  Nuc842564,  2967,  0, 0, 0, , 0, 0, 0, 0, 0,
113,  1,  101,  130,  -1,  871, 628,  140.0,  21,  Nuc846748,  2785,  0, 0, 0, , 0, 0, 0, 0, 0,
114,  1,  101,  131,  -1,  882, 593,  140.0,  21,  Nuc851349,  2488,  0, 0, 0, , 0, 0, 0, 0, 0,
115,  1,  102,  132,  -1,  840, 588,  123.0,  21,  Nuc855283,  2380,  0, 0, 0, , 0, 0, 0, 0, 0,
116,  1,  102,  133,  -1,  844, 551,  123.0,  21,  Nuc886388,  2177,  0, 0, 0, , 0, 0, 0, 0, 0,
117,  1,  103,  134,  -1,  924, 573,  121.0,  23,  Nuc895730,  4518,  0, 0, 0, , 0, 0, 0, 0, 0,
118,  1,  103,  135,  -1,  930, 569,  126.0,  23,  Nuc902805,  4557,  0, 0, 0, , 0, 0, 0, 0, 0,
119,  1,  104,  136,  137,  969, 529,  107.0,  27,  Nuc906513,  3587,  0, 0, 0, , 0, 0, 0, 0, 0,
120,  1,  105,  138,  -1,  733, 587,  130.0,  23,  Nuc911894,  2904,  0, 0, 0, , 0, 0, 0, 0, 0,
121,  1,  106,  139,  -1,  718, 611,  141.0,  21,  Nuc938585,  2550,  0, 0, 0, , 0, 0, 0, 0, 0,
122,  1,  107,  140,  -1,  762, 658,  159.0,  23,  Nuc952993,  3014,  0, 0, 0, , 0, 0, 0, 0, 0,
123,  1,  108,  141,  -1,  727, 620,  157.0,  21,  Nuc954588,  2897,  0, 0, 0, , 0, 0, 0, 0, 0,
124,  1,  109,  142,  -1,  820, 596,  155.0,  21,  Nuc966757,  2683,  0, 0, 0, , 0, 0, 0, 0, 0,
125,  1,  109,  143,  -1,  808, 563,  158.0,  21,  Nuc967906,  2815,  0, 0, 0, , 0, 0, 0, 0, 0,
126,  1,  111,  144,  -1,  475, 603,  147.0,  21,  Nuc1024112,  2250,  0, 0, 0, , 0, 0, 0, 0, 0,
127,  1,  113,  145,  -1,  485, 590,  132.0,  23,  Nuc1056984,  871,  0, 0, 0, , 0, 0, 0, 0, 0,
128,  1,  114,  146,  -1,  311, 764,  130.0,  23,  Nuc1057043,  1641,  0, 0, 0, , 0, 0, 0, 0, 0,
129,  1,  115,  147,  -1,  480, 730,  125.0,  21,  Nuc1057333,  1159,  0, 0, 0, , 0, 0, 0, 0, 0,
130,  1,  115,  148,  149,  460, 761,  134.0,  23,  Nuc1057644,  2226,  0, 0, 0, , 0, 0, 0, 0, 0,
131,  1,  116,  150,  151,  484, 722,  148.0,  21,  Nuc1057731,  1543,  0, 0, 0, , 0, 0, 0, 0, 0,
132,  1,  118,  152,  -1,  570, 653,  132.0,  23,  Nuc1057901,  1806,  0, 0, 0, , 0, 0, 0, 0, 0,
133,  1,  119,  153,  -1,  558, 663,  145.0,  25,  Nuc1062357,  790,  0, 0, 0, , 0, 0, 0, 0, 0,
134,  1,  121,  154,  -1,  543, 713,  138.0,  23,  Nuc1091576,  1044,  0, 0, 0, , 0, 0, 0, 0, 0,
135,  1,  122,  155,  -1,  548, 719,  124.0,  23,  Nuc1092021,  2128,  0, 0, 0, , 0, 0, 0, 0, 0,
136,  1,  123,  156,  -1,  613, 710,  140.0,  23,  Nuc1102204,  2215,  0, 0, 0, , 0, 0, 0, 0, 0,
137,  1,  124,  157,  -1,  630, 703,  128.0,  23,  Nuc1129009,  1837,  0, 0, 0, , 0, 0, 0, 0, 0,
138,  1,  125,  158,  -1,  594, 760,  119.0,  23,  Nuc1145038,  2365,  0, 0, 0, , 0, 0, 0, 0, 0,
139,  1,  126,  159,  -1,  602, 773,  132.0,  23,  Nuc1145211,  1830,  0, 0, 0, , 0, 0, 0, 0, 0,
140,  1,  131,  160,  -1,  497, 519,  133.0,  23,  Nuc1208192,  976,  0, 0, 0, , 0, 0, 0, 0, 0,
141,  1,  132,  161,  -1,  555, 756,  146.0,  23,  Nuc1210609,  1892,  0, 0, 0, , 0, 0, 0, 0, 0,
142,  1,  133,  162,  -1,  563, 837,  147.0,  23,  Nuc1231738,  1756,  0, 0, 0, , 0, 0, 0, 0, 0,
143,  1,  134,  163,  -1,  552, 867,  140.0,  21,  Nuc1234857,  1566,  0, 0, 0, , 0, 0, 0, 0, 0,
144,  1,  135,  164,  -1,  466, 835,  148.0,  23,  Nuc1247447,  2432,  0, 0, 0, , 0, 0, 0, 0, 0,
145,  1,  136,  165,  -1,  481, 810,  137.0,  25,  Nuc1248912,  1975,  0, 0, 0, , 0, 0, 0, 0, 0,
146,  1,  137,  166,  -1,  518, 779,  154.0,  21,  Nuc1262366,  2002,  0, 0, 0, , 0, 0, 0, 0, 0,
147,  1,  138,  167,  -1,  477, 780,  163.0,  23,  Nuc1270011,  2094,  0, 0, 0, , 0, 0, 0, 0, 0,
148,  1,  139,  168,  -1,  660, 594,  133.0,  21,  Nuc1272760,  2098,  0, 0, 0, , 0, 0, 0, 0, 0,
149,  1,  139,  169,  -1,  657, 633,  132.0,  21,  Nuc1330318,  1266,  0, 0, 0, , 0, 0, 0, 0, 0,
150,  1,  140,  170,  -1,  628, 651,  149.0,  21,  Nuc1335644,  2251,  0, 0, 0, , 0, 0, 0, 0, 0,
151,  1,  140,  171,  -1,  648, 617,  151.0,  21,  Nuc1335647,  3197,  0, 0, 0, , 0, 0, 0, 0, 0,
152,  1,  141,  172,  173,  554, 556,  134.0,  21,  Nuc1336668,  1618,  0, 0, 0, , 0, 0, 0, 0, 0,
153,  1,  143,  174,  -1,  644, 506,  133.0,  21,  Nuc1390583,  2248,  0, 0, 0, , 0, 0, 0, 0, 0,
154,  1,  143,  175,  -1,  615, 534,  140.0,  21,  Nuc1418656,  1797,  0, 0, 0, , 0, 0, 0, 0, 0,
155,  1,  149,  176,  -1,  469, 396,  148.0,  21,  Nuc1418779,  1149,  0, 0, 0, , 0, 0, 0, 0, 0,
156,  1,  151,  177,  -1,  458, 515,  148.0,  23,  Nuc1418856,  5378,  0, 0, 0, , 0, 0, 0, 0, 0,
157,  1,  151,  178,  -1,  404, 525,  151.0,  23,  Nuc1418859,  1369,  0, 0, 0, , 0, 0, 0, 0, 0,
158,  1,  152,  179,  -1,  429, 566,  167.0,  21,  Nuc1419090,  2147,  0, 0, 0, , 0, 0, 0, 0, 0,
159,  1,  153,  180,  -1,  485, 554,  167.0,  21,  Nuc1426602,  1131,  0, 0, 0, , 0, 0, 0, 0, 0,
160,  1,  155,  181,  -1,  453, 455,  130.0,  23,  Nuc1426671,  2449,  0, 0, 0, , 0, 0, 0, 0, 0,
161,  1,  155,  182,  -1,  489, 447,  129.0,  23,  Nuc1431466,  2408,  0, 0, 0, , 0, 0, 0, 0, 0,
162,  1,  156,  183,  -1,  599, 456,  131.0,  23,  Nuc1431505,  2210,  0, 0, 0, , 0, 0, 0, 0, 0,
163,  1,  156,  184,  185,  558, 475,  132.0,  21,  Nuc1453042,  1596,  0, 0, 0, , 0, 0, 0, 0, 0,
164,  1,  157,  186,  -1,  456, 518,  155.0,  21,  Nuc1468254,  7296,  0, 0, 0, , 0, 0, 0, 0, 0,
165,  1,  158,  187,  188,  466, 456,  146.0,  21,  Nuc1476748,  2963,  0, 0, 0, , 0, 0, 0, 0, 0,
166,  1,  159,  189,  -1,  585, 470,  149.0,  23,  Nuc1483169,  1499,  0, 0, 0, , 0, 0, 0, 0, 0,
167,  1,  160,  190,  -1,  376, 387,  169.0,  21,  Nuc1483224,  1032,  0, 0, 0, , 0, 0, 0, 0, 0,
168,  1,  161,  191,  -1,  340, 369,  170.0,  23,  Nuc1492360,  1768,  0, 0, 0, , 0, 0, 0, 0, 0,
169,  1,  162,  192,  -1,  286, 458,  170.0,  21,  Nuc1492467,  480,  0, 0, 0, , 0, 0, 0, 0, 0,
170,  1,  163,  193,  -1,  421, 386,  177.0,  23,  Nuc1493002,  2278,  0, 0, 0, , 0, 0, 0, 0, 0,
171,  1,  164,  194,  195,  378, 432,  158.0,  21,  Nuc1493150,  2322,  0, 0, 0, , 0, 0, 0, 0, 0,
172,  1,  165,  196,  -1,  452, 310,  168.0,  23,  Nuc1493224,  984,  0, 0, 0, , 0, 0, 0, 0, 0,
173,  1,  166,  197,  198,  403, 326,  163.0,  23,  Nuc1493595,  2807,  0, 0, 0, , 0, 0, 0, 0, 0,
174,  1,  167,  199,  -1,  413, 371,  157.0,  23,  Nuc1494666,  2009,  0, 0, 0, , 0, 0, 0, 0, 0,
175,  1,  168,  200,  -1,  356, 282,  149.0,  21,  Nuc1494720,  1626,  0, 0, 0, , 0, 0, 0, 0, 0,
176,  1,  169,  201,  -1,  383, 316,  145.0,  21,  Nuc1496176,  1185,  0, 0, 0, , 0, 0, 0, 0, 0,
177,  1,  170,  202,  -1,  427, 258,  155.0,  23,  Nuc1496366,  1783,  0, 0, 0, , 0, 0, 0, 0, 0,
178,  1,  171,  203,  -1,  424, 225,  148.0,  23,  Nuc1497052,  1499,  0, 0, 0, , 0, 0, 0, 0, 0,
179,  1,  172,  204,  -1,  665, 306,  155.0,  23,  Nuc1500726,  2238,  0, 0, 0, , 0, 0, 0, 0, 0,
180,  1,  173,  205,  -1,  641, 336,  164.0,  23,  Nuc1503357,  2152,  0, 0, 0, , 0, 0, 0, 0, 0,
181,  1,  174,  206,  -1,  611, 400,  154.0,  21,  Nuc1508337,  1667,  0, 0, 0, , 0, 0, 0, 0, 0,
182,  1,  175,  207,  -1,  648, 379,  145.0,  23,  Nuc1510122,  2526,  0, 0, 0, , 0, 0, 0, 0, 0,
183,  1,  176,  208,  -1,  586, 407,  134.0,  23,  Nuc1514869,  1891,  0, 0, 0, , 0, 0, 0, 0, 0,
184,  1,  177,  209,  -1,  536, 405,  142.0,  21,  Nuc1514890,  1336,  0, 0, 0, , 0, 0, 0, 0, 0,
185,  1,  178,  210,  -1,  632, 335,  128.0,  23,  Nuc1545762,  1731,  0, 0, 0, , 0, 0, 0, 0, 0,
186,  1,  179,  211,  -1,  603, 335,  140.0,  21,  Nuc1551426,  2114,  0, 0, 0, , 0, 0, 0, 0, 0,
187,  1,  180,  212,  -1,  474, 320,  149.0,  21,  Nuc1553362,  2615,  0, 0, 0, , 0, 0, 0, 0, 0,
188,  1,  181,  213,  -1,  522, 322,  141.0,  21,  Nuc1560729,  1303,  0, 0, 0, , 0, 0, 0, 0, 0,
189,  1,  182,  214,  -1,  543, 270,  149.0,  23,  Nuc1572630,  2267,  0, 0, 0, , 0, 0, 0, 0, 0,
190,  1,  183,  215,  -1,  516, 235,  152.0,  23,  Nuc1575652,  2026,  0, 0, 0, , 0, 0, 0, 0, 0,
191,  1,  184,  216,  -1,  588, 282,  160.0,  23,  Nuc1577614,  1889,  0, 0, 0, , 0, 0, 0, 0, 0,
192,  1,  185,  217,  -1,  578, 320,  166.0,  23,  Nuc1581747,  1870,  0, 0, 0, , 0, 0, 0, 0, 0,
193,  1,  186,  218,  -1,  457, 353,  174.0,  23,  Nuc1584284,  1640,  0, 0, 0, , 0, 0, 0, 0, 0,
194,  1,  187,  219,  -1,  504, 330,  167.0,  23,  Nuc1584409,  2167,  0, 0, 0, , 0, 0, 0, 0, 0,
195,  1,  188,  220,  -1,  644, 462,  154.0,  25,  Nuc1584583,  2226,  0, 0, 0, , 0, 0, 0, 0, 0,
196,  1,  189,  221,  -1,  646, 461,  140.0,  23,  Nuc1602907,  2939,  0, 0, 0, , 0, 0, 0, 0, 0,
197,  1,  190,  222,  -1,  703, 436,  134.0,  21,  Nuc1622755,  2236,  0, 0, 0, , 0, 0, 0, 0, 0,
198,  1,  191,  223,  -1,  658, 416,  133.0,  23,  Nuc1639839,  2124,  0, 0, 0, , 0, 0, 0, 0, 0,
199,  1,  192,  224,  -1,  654, 527,  164.0,  23,  Nuc1640574,  5225,  0, 0, 0, , 0, 0, 0, 0, 0,
200,  1,  193,  225,  -1,  644, 523,  149.0,  23,  Nuc1643521,  5888,  0, 0, 0, , 0, 0, 0, 0, 0,
201,  1,  194,  226,  -1,  680, 570,  157.0,  23,  Nuc1703091,  6149,  0, 0, 0, , 0, 0, 0, 0, 0,
202,  1,  195,  227,  -1,  671, 559,  141.0,  23,  Nuc1707952,  5540,  0, 0, 0, , 0, 0, 0, 0, 0,
203,  1,  196,  228,  -1,  535, 539,  156.0,  21,  Nuc1740616,  2370,  0, 0, 0, , 0, 0, 0, 0, 0,
204,  1,  197,  229,  -1,  560, 540,  151.0,  21,  Nuc1754953,  2130,  0, 0, 0, , 0, 0, 0, 0, 0,
205,  1,  197,  230,  -1,  529, 591,  151.0,  21,  Nuc1755544,  2490,  0, 0, 0, , 0, 0, 0, 0, 0,
206,  1,  198,  231,  -1,  514, 479,  176.0,  21,  Nuc1759761,  3650,  0, 0, 0, , 0, 0, 0, 0, 0,
207,  1,  198,  232,  -1,  478, 516,  178.0,  21,  Nuc1763412,  3073,  0, 0, 0, , 0, 0, 0, 0, 0,
208,  1,  199,  233,  -1,  436, 489,  171.0,  21,  Nuc1763557,  2135,  0, 0, 0, , 0, 0, 0, 0, 0,
209,  1,  200,  234,  -1,  479, 447,  167.0,  21,  Nuc1763577,  3274,  0, 0, 0, , 0, 0, 0, 0, 0,
210,  1,  201,  235,  -1,  430, 431,  165.0,  23,  Nuc1765080,  3628,  0, 0, 0, , 0, 0, 0, 0, 0,
211,  1,  202,  236,  -1,  498, 503,  163.0,  23,  Nuc1772014,  4864,  0, 0, 0, , 0, 0, 0, 0, 0,
212,  1,  203,  237,  -1,  478, 576,  157.0,  23,  Nuc1773069,  1911,  0, 0, 0, , 0, 0, 0, 0, 0,
213,  1,  204,  238,  -1,  427, 729,  166.0,  21,  Nuc1773175,  2697,  0, 0, 0, , 0, 0, 0, 0, 0,
214,  1,  205,  239,  240,  401, 689,  159.0,  23,  Nuc1783531,  2091,  0, 0, 0, , 0, 0, 0, 0, 0,
215,  1,  207,  241,  -1,  339, 595,  162.0,  21,  Nuc1784077,  1474,  0, 0, 0, , 0, 0, 0, 0, 0,
216,  1,  208,  242,  -1,  298, 623,  153.0,  21,  Nuc1784095,  2566,  0, 0, 0, , 0, 0, 0, 0, 0,
217,  1,  209,  243,  -1,  349, 710,  166.0,  21,  Nuc1784110,  1967,  0, 0, 0, , 0, 0, 0, 0, 0,
218,  1,  210,  244,  -1,  315, 708,  158.0,  21,  Nuc1784489,  2035,  0, 0, 0, , 0, 0, 0, 0, 0,
219,  1,  211,  -1,  -1,  313, 668,  149.0,  21,  Nuc1785222,  278,  0, 0, 0, , 0, 0, 0, 0, 0,
220,  1,  213,  245,  -1,  424, 615,  167.0,  21,  Nuc1785263,  1705,  0, 0, 0, , 0, 0, 0, 0, 0,
221,  1,  214,  246,  247,  372, 657,  175.0,  21,  Nuc1793837,  2412,  0, 0, 0, , 0, 0, 0, 0, 0,
222,  1,  215,  248,  -1,  456, 422,  181.0,  23,  Nuc1794118,  2286,  0, 0, 0, , 0, 0, 0, 0, 0,
223,  1,  216,  249,  -1,  547, 415,  179.0,  23,  Nuc1794461,  2195,  0, 0, 0, , 0, 0, 0, 0, 0,
224,  1,  217,  250,  -1,  535, 373,  175.0,  23,  Nuc1795174,  2469,  0, 0, 0, , 0, 0, 0, 0, 0,
225,  1,  218,  251,  -1,  622, 469,  170.0,  21,  Nuc1800326,  3035,  0, 0, 0, , 0, 0, 0, 0, 0,
226,  1,  219,  252,  -1,  623, 427,  176.0,  23,  Nuc1842017,  2543,  0, 0, 0, , 0, 0, 0, 0, 0,
227,  1,  220,  253,  -1,  702, 383,  165.0,  23,  Nuc1848870,  2660,  0, 0, 0, , 0, 0, 0, 0, 0,
228,  1,  221,  254,  -1,  683, 421,  169.0,  23,  Nuc1849836,  2485,  0, 0, 0, , 0, 0, 0, 0, 0,
229,  1,  222,  255,  -1,  649, 514,  178.0,  23,  Nuc1850300,  2655,  0, 0, 0, , 0, 0, 0, 0, 0,
230,  1,  223,  256,  -1,  688, 492,  171.0,  23,  Nuc1850846,  6216,  0, 0, 0, , 0, 0, 0, 0, 0,
231,  1,  224,  257,  -1,  743, 499,  168.0,  21,  Nuc1858782,  5638,  0, 0, 0, , 0, 0, 0, 0, 0,
232,  1,  225,  258,  -1,  628, 592,  169.0,  21,  Nuc1862214,  2692,  0, 0, 0, , 0, 0, 0, 0, 0,
233,  1,  226,  259,  -1,  678, 583,  174.0,  23,  Nuc1863100,  2825,  0, 0, 0, , 0, 0, 0, 0, 0,
234,  1,  227,  260,  -1,  733, 547,  161.0,  21,  Nuc1867426,  5926,  0, 0, 0, , 0, 0, 0, 0, 0,
235,  1,  228,  261,  -1,  738, 579,  167.0,  21,  Nuc1868192,  5709,  0, 0, 0, , 0, 0, 0, 0, 0,
236,  1,  229,  262,  -1,  461, 692,  178.0,  21,  Nuc1869388,  1941,  0, 0, 0, , 0, 0, 0, 0, 0,
237,  1,  230,  263,  -1,  418, 681,  178.0,  23,  Nuc1869765,  2134,  0, 0, 0, , 0, 0, 0, 0, 0,
238,  1,  231,  264,  -1,  626, 714,  168.0,  23,  Nuc1869995,  2529,  0, 0, 0, , 0, 0, 0, 0, 0,
239,  1,  232,  265,  -1,  588, 704,  159.0,  23,  Nuc1871450,  2806,  0, 0, 0, , 0, 0, 0, 0, 0,
240,  1,  233,  266,  -1,  610, 780,  159.0,  21,  Nuc1876955,  2741,  0, 0, 0, , 0, 0, 0, 0, 0,
241,  1,  234,  267,  -1,  568, 763,  162.0,  23,  Nuc1880441,  2881,  0, 0, 0, , 0, 0, 0, 0, 0,
242,  1,  235,  268,  -1,  523, 667,  180.0,  23,  Nuc1883039,  2775,  0, 0, 0, , 0, 0, 0, 0, 0,
243,  1,  236,  269,  -1,  567, 671,  173.0,  23,  Nuc1886224,  2895,  0, 0, 0, , 0, 0, 0, 0, 0,
244,  1,  237,  270,  -1,  494, 733,  173.0,  23,  Nuc1889454,  2199,  0, 0, 0, , 0, 0, 0, 0, 0,
245,  1,  238,  271,  -1,  541, 733,  171.0,  23,  Nuc1890961,  2647,  0, 0, 0, , 0, 0, 0, 0, 0,
246,  1,  239,  272,  -1,  628, 656,  173.0,  23,  Nuc1892151,  3078,  0, 0, 0, , 0, 0, 0, 0, 0,
247,  1,  240,  273,  -1,  678, 663,  169.0,  21,  Nuc1918889,  2840,  0, 0, 0, , 0, 0, 0, 0, 0,
248,  1,  241,  274,  -1,  577, 625,  179.0,  23,  Nuc1921280,  2708,  0, 0, 0, , 0, 0, 0, 0, 0,
249,  1,  242,  275,  -1,  571, 581,  181.0,  23,  Nuc1921403,  1805,  0, 0, 0, , 0, 0, 0, 0, 0,
250,  1,  243,  276,  -1,  576, 470,  181.0,  23,  Nuc1922078,  2638,  0, 0, 0, , 0, 0, 0, 0, 0,
251,  1,  244,  277,  -1,  629, 554,  179.0,  23,  Nuc1922178,  2613,  0, 0, 0, , 0, 0, 0, 0, 0,
252,  1,  245,  278,  -1,  500, 593,  184.0,  23,  Nuc1923294,  2497,  0, 0, 0, , 0, 0, 0, 0, 0,
253,  1,  246,  279,  -1,  443, 640,  183.0,  23,  Nuc1924233,  2270,  0, 0, 0, , 0, 0, 0, 0, 0,
254,  1,  247,  280,  -1,  430, 598,  184.0,  23,  Nuc1934127,  2877,  0, 0, 0, , 0, 0, 0, 0, 0,
255,  1,  248,  281,  -1,  467, 673,  165.0,  21,  Nuc1934268,  1930,  0, 0, 0, , 0, 0, 0, 0, 0,
256,  1,  249,  282,  -1,  459, 651,  154.0,  21,  Nuc1942123,  1825,  0, 0, 0, , 0, 0, 0, 0, 0,
257,  1,  250,  283,  -1,  520, 692,  157.0,  21,  Nuc1943221,  2482,  0, 0, 0, , 0, 0, 0, 0, 0,
258,  1,  251,  -1,  -1,  517, 643,  159.0,  21,  Nuc1950034,  569,  0, 0, 0, , 0, 0, 0, 0, 0,
259,  1,  252,  284,  -1,  527, 591,  168.0,  21,  Nuc1950054,  2009,  0, 0, 0, , 0, 0, 0, 0, 0,
260,  1,  253,  285,  -1,  484, 605,  172.0,  21,  Nuc1950320,  3266,  0, 0, 0, , 0, 0, 0, 0, 0,
261,  1,  254,  -1,  -1,  425, 533,  175.0,  21,  Nuc1953730,  913,  0, 0, 0, , 0, 0, 0, 0, 0,
262,  1,  255,  286,  -1,  411, 547,  185.0,  23,  Nuc1953732,  1391,  0, 0, 0, , 0, 0, 0, 0, 0,
263,  1,  257,  287,  -1,  384, 475,  184.0,  23,  Nuc1954703,  1899,  0, 0, 0, , 0, 0, 0, 0, 0,
264,  1,  258,  288,  -1,  494, 554,  185.0,  21,  Nuc1954937,  1731,  0, 0, 0, , 0, 0, 0, 0, 0,
265,  1,  259,  289,  -1,  570, 515,  183.0,  23,  Nuc1955374,  2967,  0, 0, 0, , 0, 0, 0, 0, 0,
266,  1,  260,  290,  -1,  522, 540,  176.0,  23,  Nuc1967341,  5193,  0, 0, 0, , 0, 0, 0, 0, 0,
267,  1,  260,  291,  -1,  530, 547,  179.0,  23,  Nuc1967344,  3981,  0, 0, 0, , 0, 0, 0, 0, 0,
268,  1,  261,  292,  -1,  508, 470,  183.0,  23,  Nuc1968436,  2490,  0, 0, 0, , 0, 0, 0, 0, 0,
269,  1,  262,  293,  -1,  447, 504,  186.0,  23,  Nuc1968598,  2657,  0, 0, 0, , 0, 0, 0, 0, 0,
270,  1,  263,  294,  -1,  578, 626,  160.0,  21,  Nuc1968835,  2996,  0, 0, 0, , 0, 0, 0, 0, 0,
271,  1,  264,  295,  -1,  588, 531,  169.0,  21,  Nuc2004959,  2078,  0, 0, 0, , 0, 0, 0, 0, 0,
272,  1,  265,  296,  -1,  595, 572,  158.0,  21,  Nuc2006230,  2505,  0, 0, 0, , 0, 0, 0, 0, 0,
273,  1,  266,  297,  -1,  399, 761,  161.0,  23,  Nuc2009243,  2045,  0, 0, 0, , 0, 0, 0, 0, 0,
274,  1,  268,  298,  -1,  540, 499,  165.0,  21,  Nuc2012783,  2309,  0, 0, 0, , 0, 0, 0, 0, 0,
275,  1,  269,  299,  -1,  520, 369,  156.0,  23,  Nuc2021742,  1888,  0, 0, 0, , 0, 0, 0, 0, 0,
276,  1,  270,  300,  -1,  559, 415,  162.0,  21,  Nuc2024295,  2374,  0, 0, 0, , 0, 0, 0, 0, 0,
277,  1,  271,  301,  -1,  514, 439,  158.0,  23,  Nuc2034640,  2290,  0, 0, 0, , 0, 0, 0, 0, 0,
278,  1,  272,  302,  -1,  571, 466,  167.0,  23,  Nuc2034683,  2438,  0, 0, 0, , 0, 0, 0, 0, 0,
279,  1,  273,  303,  -1,  604, 513,  158.0,  21,  Nuc2034830,  1770,  0, 0, 0, , 0, 0, 0, 0, 0,
280,  1,  274,  304,  -1,  339, 477,  151.0,  21,  Nuc2064293,  272,  0, 0, 0, , 0, 0, 0, 0, 0,
281,  1,  276,  305,  -1,  306, 713,  140.0,  21,  Nuc2064572,  761,  0, 0, 0, , 0, 0, 0, 0, 0,
282,  1,  277,  306,  -1,  259, 640,  154.0,  23,  Nuc2064712,  2282,  0, 0, 0, , 0, 0, 0, 0, 0,
283,  1,  278,  307,  -1,  462, 339,  129.0,  21,  Nuc2064814,  1514,  0, 0, 0, , 0, 0, 0, 0, 0,
284,  1,  280,  -1,  -1,  320, 407,  140.0,  21,  Nuc2070280,  258,  0, 0, 0, , 0, 0, 0, 0, 0,
285,  1,  280,  308,  -1,  371, 428,  138.0,  21,  Nuc2070281,  1203,  0, 0, 0, , 0, 0, 0, 0, 0,
286,  1,  281,  309,  310,  385, 359,  124.0,  25,  Nuc2070306,  1783,  0, 0, 0, , 0, 0, 0, 0, 0,
287,  1,  282,  311,  -1,  298, 564,  170.0,  21,  Nuc2070365,  1023,  0, 0, 0, , 0, 0, 0, 0, 0,
288,  1,  283,  312,  -1,  278, 588,  161.0,  23,  Nuc2070711,  2231,  0, 0, 0, , 0, 0, 0, 0, 0,
289,  1,  284,  313,  -1,  357, 555,  180.0,  23,  Nuc2070733,  2225,  0, 0, 0, , 0, 0, 0, 0, 0,
290,  1,  285,  314,  -1,  327, 871,  99.0,  23,  Nuc2070770,  1977,  0, 0, 0, , 0, 0, 0, 0, 0,
291,  1,  286,  315,  -1,  384, 885,  105.0,  21,  Nuc2070779,  2458,  0, 0, 0, , 0, 0, 0, 0, 0,
292,  1,  287,  316,  -1,  370, 924,  89.0,  23,  Nuc2080663,  1133,  0, 0, 0, , 0, 0, 0, 0, 0,
293,  1,  290,  317,  -1,  411, 644,  141.0,  21,  Nuc2080722,  1529,  0, 0, 0, , 0, 0, 0, 0, 0,
294,  1,  291,  -1,  -1,  371, 610,  138.0,  23,  Nuc2080748,  895,  0, 0, 0, , 0, 0, 0, 0, 0,
295,  1,  292,  318,  -1,  269, 720,  126.0,  21,  Nuc2080752,  749,  0, 0, 0, , 0, 0, 0, 0, 0,
296,  1,  292,  319,  -1,  331, 724,  126.0,  23,  Nuc2080754,  1502,  0, 0, 0, , 0, 0, 0, 0, 0,
297,  1,  294,  320,  -1,  369, 695,  139.0,  23,  Nuc2080764,  1299,  0, 0, 0, , 0, 0, 0, 0, 0,
298,  1,  297,  321,  -1,  247, 350,  146.0,  21,  Nuc2080835,  1039,  0, 0, 0, , 0, 0, 0, 0, 0,
299,  1,  298,  322,  -1,  205, 399,  143.0,  21,  Nuc2081031,  1495,  0, 0, 0, , 0, 0, 0, 0, 0,
300,  1,  300,  323,  324,  306, 490,  167.0,  23,  Nuc2081061,  1769,  0, 0, 0, , 0, 0, 0, 0, 0,
301,  1,  301,  325,  326,  391, 872,  117.0,  21,  Nuc2084898,  1361,  0, 0, 0, , 0, 0, 0, 0, 0,
302,  1,  303,  327,  -1,  228, 617,  140.0,  21,  Nuc2088468,  982,  0, 0, 0, , 0, 0, 0, 0, 0,
303,  1,  305,  328,  -1,  355, 450,  170.0,  21,  Nuc2088509,  1494,  0, 0, 0, , 0, 0, 0, 0, 0,
304,  1,  306,  329,  330,  354, 500,  161.0,  21,  Nuc2088777,  1351,  0, 0, 0, , 0, 0, 0, 0, 0,
305,  1,  306,  -1,  -1,  388, 490,  171.0,  23,  Nuc2088780,  1680,  0, 0, 0, , 0, 0, 0, 0, 0,
306,  1,  307,  331,  -1,  419, 704,  126.0,  23,  Nuc2088783,  2254,  0, 0, 0, , 0, 0, 0, 0, 0,
307,  1,  -1,  332,  -1,  538, 783,  133.0,  21,  Nuc2088802,  1332,  0, 0, 0, , 0, 0, 0, 0, 0,
