1,  1,  1,  1,  2,  528, 961,  86.0,  27,  Nuc58,  4074,  0, 0, 0, , 0, 0, 0, 0, 0,
2,  1,  2,  3,  -1,  443, 933,  90.0,  25,  Nuc7225,  2274,  0, 0, 0, , 0, 0, 0, 0, 0,
3,  1,  2,  4,  -1,  442, 945,  87.0,  23,  Nuc7227,  1973,  0, 0, 0, , 0, 0, 0, 0, 0,
4,  1,  3,  5,  -1,  446, 864,  107.0,  21,  Nuc9516,  1230,  0, 0, 0, , 0, 0, 0, 0, 0,
5,  1,  3,  6,  -1,  472, 874,  104.0,  21,  Nuc24141,  1509,  0, 0, 0, , 0, 0, 0, 0, 0,
6,  1,  4,  7,  -1,  441, 925,  106.0,  23,  Nuc26078,  2195,  0, 0, 0, , 0, 0, 0, 0, 0,
7,  1,  4,  8,  -1,  462, 930,  106.0,  23,  Nuc28671,  1463,  0, 0, 0, , 0, 0, 0, 0, 0,
8,  1,  5,  9,  10,  737, 907,  95.0,  29,  Nuc29665,  2836,  0, 0, 0, , 0, 0, 0, 0, 0,
9,  1,  6,  11,  -1,  679, 897,  109.0,  21,  Nuc37576,  1734,  0, 0, 0, , 0, 0, 0, 0, 0,
10,  1,  6,  12,  -1,  663, 873,  106.0,  21,  Nuc40139,  1777,  0, 0, 0, , 0, 0, 0, 0, 0,
11,  1,  7,  13,  14,  602, 933,  98.0,  31,  Nuc47880,  5171,  0, 0, 0, , 0, 0, 0, 0, 0,
12,  1,  8,  15,  16,  655, 955,  85.0,  23,  Nuc51551,  2020,  0, 0, 0, , 0, 0, 0, 0, 0,
13,  1,  9,  17,  -1,  622, 849,  119.0,  23,  Nuc63977,  1776,  0, 0, 0, , 0, 0, 0, 0, 0,
14,  1,  10,  18,  -1,  627, 876,  129.0,  23,  Nuc63997,  1663,  0, 0, 0, , 0, 0, 0, 0, 0,
15,  1,  11,  19,  -1,  563, 834,  125.0,  25,  Nuc65769,  1584,  0, 0, 0, , 0, 0, 0, 0, 0,
16,  1,  13,  20,  -1,  518, 932,  101.0,  21,  Nuc69338,  1843,  0, 0, 0, , 0, 0, 0, 0, 0,
17,  1,  14,  21,  -1,  534, 887,  102.0,  21,  Nuc70664,  1867,  0, 0, 0, , 0, 0, 0, 0, 0,
18,  1,  15,  22,  -1,  580, 881,  109.0,  21,  Nuc73721,  2060,  0, 0, 0, , 0, 0, 0, 0, 0,
19,  1,  16,  23,  -1,  592, 919,  114.0,  21,  Nuc88074,  1467,  0, 0, 0, , 0, 0, 0, 0, 0,
20,  1,  18,  24,  -1,  513, 794,  115.0,  25,  Nuc90589,  1376,  0, 0, 0, , 0, 0, 0, 0, 0,
21,  1,  20,  25,  -1,  492, 826,  124.0,  23,  Nuc102436,  1614,  0, 0, 0, , 0, 0, 0, 0, 0,
22,  1,  21,  26,  27,  511, 877,  115.0,  21,  Nuc144310,  2295,  0, 0, 0, , 0, 0, 0, 0, 0,
23,  1,  22,  28,  -1,  539, 911,  119.0,  21,  Nuc146044,  1580,  0, 0, 0, , 0, 0, 0, 0, 0,
24,  1,  23,  29,  -1,  467, 902,  122.0,  21,  Nuc146844,  1254,  0, 0, 0, , 0, 0, 0, 0, 0,
25,  1,  24,  30,  -1,  484, 887,  129.0,  21,  Nuc148355,  1386,  0, 0, 0, , 0, 0, 0, 0, 0,
26,  1,  25,  -1,  -1,  311, 172,  111.0,  21,  Nuc152776,  512,  0, 0, 0, , 0, 0, 0, 0, 0,
27,  1,  26,  -1,  -1,  267, 299,  140.0,  21,  Nuc152812,  790,  0, 0, 0, , 0, 0, 0, 0, 0,
28,  1,  27,  31,  -1,  294, 293,  149.0,  23,  Nuc152815,  1477,  0, 0, 0, , 0, 0, 0, 0, 0,
29,  1,  28,  32,  -1,  660, 799,  121.0,  23,  Nuc152904,  1988,  0, 0, 0, , 0, 0, 0, 0, 0,
30,  1,  29,  33,  -1,  693, 763,  126.0,  21,  Nuc170114,  2300,  0, 0, 0, , 0, 0, 0, 0, 0,
31,  1,  30,  34,  -1,  691, 870,  121.0,  23,  Nuc173377,  1933,  0, 0, 0, , 0, 0, 0, 0, 0,
32,  1,  31,  35,  -1,  724, 844,  127.0,  23,  Nuc182351,  2222,  0, 0, 0, , 0, 0, 0, 0, 0,
33,  1,  32,  36,  -1,  701, 778,  145.0,  21,  Nuc190559,  2416,  0, 0, 0, , 0, 0, 0, 0, 0,
34,  1,  33,  37,  -1,  658, 767,  150.0,  21,  Nuc200238,  2449,  0, 0, 0, , 0, 0, 0, 0, 0,
35,  1,  34,  38,  -1,  653, 838,  141.0,  21,  Nuc205692,  2347,  0, 0, 0, , 0, 0, 0, 0, 0,
36,  1,  35,  39,  -1,  609, 822,  141.0,  21,  Nuc208525,  1948,  0, 0, 0, , 0, 0, 0, 0, 0,
37,  1,  36,  40,  -1,  816, 767,  115.0,  21,  Nuc209757,  1934,  0, 0, 0, , 0, 0, 0, 0, 0,
38,  1,  36,  41,  -1,  837, 786,  114.0,  21,  Nuc214924,  1943,  0, 0, 0, , 0, 0, 0, 0, 0,
39,  1,  37,  42,  43,  848, 830,  98.0,  33,  Nuc215653,  8438,  0, 0, 0, , 0, 0, 0, 0, 0,
40,  1,  38,  44,  -1,  783, 805,  123.0,  21,  Nuc230372,  2370,  0, 0, 0, , 0, 0, 0, 0, 0,
41,  1,  39,  45,  -1,  752, 779,  117.0,  21,  Nuc230669,  2488,  0, 0, 0, , 0, 0, 0, 0, 0,
42,  1,  40,  46,  -1,  749, 870,  112.0,  21,  Nuc248267,  2221,  0, 0, 0, , 0, 0, 0, 0, 0,
43,  1,  41,  47,  -1,  783, 856,  110.0,  21,  Nuc249168,  2231,  0, 0, 0, , 0, 0, 0, 0, 0,
44,  1,  42,  48,  -1,  789, 207,  104.0,  21,  Nuc251878,  1825,  0, 0, 0, , 0, 0, 0, 0, 0,
45,  1,  42,  49,  -1,  811, 218,  100.0,  21,  Nuc255953,  1623,  0, 0, 0, , 0, 0, 0, 0, 0,
46,  1,  43,  50,  -1,  673, 186,  108.0,  21,  Nuc260707,  1856,  0, 0, 0, , 0, 0, 0, 0, 0,
47,  1,  43,  51,  -1,  690, 169,  106.0,  23,  Nuc261250,  1318,  0, 0, 0, , 0, 0, 0, 0, 0,
48,  1,  44,  52,  -1,  693, 213,  131.0,  21,  Nuc264751,  2160,  0, 0, 0, , 0, 0, 0, 0, 0,
49,  1,  44,  53,  -1,  638, 233,  125.0,  21,  Nuc268191,  1989,  0, 0, 0, , 0, 0, 0, 0, 0,
50,  1,  45,  54,  -1,  632, 187,  122.0,  21,  Nuc271232,  1731,  0, 0, 0, , 0, 0, 0, 0, 0,
51,  1,  46,  55,  -1,  705, 207,  126.0,  21,  Nuc272775,  1993,  0, 0, 0, , 0, 0, 0, 0, 0,
52,  1,  47,  56,  -1,  575, 282,  132.0,  21,  Nuc274979,  1727,  0, 0, 0, , 0, 0, 0, 0, 0,
53,  1,  48,  57,  -1,  541, 241,  132.0,  21,  Nuc280414,  1818,  0, 0, 0, , 0, 0, 0, 0, 0,
54,  1,  49,  58,  -1,  599, 205,  139.0,  21,  Nuc283125,  1677,  0, 0, 0, , 0, 0, 0, 0, 0,
55,  1,  50,  59,  -1,  616, 250,  145.0,  21,  Nuc285933,  1901,  0, 0, 0, , 0, 0, 0, 0, 0,
56,  1,  51,  60,  -1,  564, 209,  115.0,  21,  Nuc293751,  1348,  0, 0, 0, , 0, 0, 0, 0, 0,
57,  1,  51,  61,  -1,  560, 182,  120.0,  21,  Nuc293837,  979,  0, 0, 0, , 0, 0, 0, 0, 0,
58,  1,  52,  62,  -1,  619, 137,  108.0,  21,  Nuc306827,  1423,  0, 0, 0, , 0, 0, 0, 0, 0,
59,  1,  52,  63,  -1,  588, 128,  107.0,  21,  Nuc310945,  1762,  0, 0, 0, , 0, 0, 0, 0, 0,
60,  1,  53,  64,  -1,  875, 304,  107.0,  21,  Nuc314317,  1906,  0, 0, 0, , 0, 0, 0, 0, 0,
61,  1,  53,  65,  -1,  900, 314,  103.0,  21,  Nuc317256,  1875,  0, 0, 0, , 0, 0, 0, 0, 0,
62,  1,  54,  66,  -1,  949, 435,  105.0,  21,  Nuc326403,  2111,  0, 0, 0, , 0, 0, 0, 0, 0,
63,  1,  54,  67,  -1,  949, 403,  107.0,  21,  Nuc330201,  2092,  0, 0, 0, , 0, 0, 0, 0, 0,
64,  1,  55,  68,  -1,  816, 283,  117.0,  21,  Nuc343669,  2071,  0, 0, 0, , 0, 0, 0, 0, 0,
65,  1,  56,  69,  -1,  789, 309,  124.0,  21,  Nuc348448,  1857,  0, 0, 0, , 0, 0, 0, 0, 0,
66,  1,  57,  70,  -1,  858, 346,  126.0,  21,  Nuc359680,  2019,  0, 0, 0, , 0, 0, 0, 0, 0,
67,  1,  58,  71,  -1,  816, 357,  124.0,  21,  Nuc361718,  2115,  0, 0, 0, , 0, 0, 0, 0, 0,
68,  1,  59,  72,  -1,  799, 367,  145.0,  21,  Nuc370601,  2144,  0, 0, 0, , 0, 0, 0, 0, 0,
69,  1,  60,  73,  -1,  762, 340,  149.0,  21,  Nuc382939,  2312,  0, 0, 0, , 0, 0, 0, 0, 0,
70,  1,  61,  74,  -1,  717, 370,  142.0,  23,  Nuc386079,  1670,  0, 0, 0, , 0, 0, 0, 0, 0,
71,  1,  62,  75,  -1,  728, 353,  129.0,  23,  Nuc391867,  2004,  0, 0, 0, , 0, 0, 0, 0, 0,
72,  1,  63,  76,  -1,  673, 287,  136.0,  21,  Nuc406968,  2412,  0, 0, 0, , 0, 0, 0, 0, 0,
73,  1,  64,  77,  -1,  702, 275,  124.0,  21,  Nuc424195,  2081,  0, 0, 0, , 0, 0, 0, 0, 0,
74,  1,  65,  78,  -1,  761, 266,  135.0,  23,  Nuc441238,  1897,  0, 0, 0, , 0, 0, 0, 0, 0,
75,  1,  66,  79,  -1,  773, 249,  126.0,  21,  Nuc442505,  2061,  0, 0, 0, , 0, 0, 0, 0, 0,
76,  1,  67,  80,  -1,  417, 175,  111.0,  21,  Nuc445506,  1322,  0, 0, 0, , 0, 0, 0, 0, 0,
77,  1,  67,  81,  -1,  407, 141,  107.0,  21,  Nuc445509,  1627,  0, 0, 0, , 0, 0, 0, 0, 0,
78,  1,  68,  82,  -1,  404, 165,  123.0,  21,  Nuc450549,  1734,  0, 0, 0, , 0, 0, 0, 0, 0,
79,  1,  69,  83,  -1,  380, 214,  135.0,  21,  Nuc451852,  1071,  0, 0, 0, , 0, 0, 0, 0, 0,
80,  1,  70,  84,  85,  411, 255,  135.0,  21,  Nuc452162,  825,  0, 0, 0, , 0, 0, 0, 0, 0,
81,  1,  71,  86,  -1,  475, 130,  108.0,  21,  Nuc454672,  1599,  0, 0, 0, , 0, 0, 0, 0, 0,
82,  1,  71,  87,  -1,  508, 131,  110.0,  21,  Nuc454933,  1379,  0, 0, 0, , 0, 0, 0, 0, 0,
83,  1,  72,  88,  -1,  483, 164,  121.0,  21,  Nuc457648,  1567,  0, 0, 0, , 0, 0, 0, 0, 0,
84,  1,  72,  89,  -1,  461, 198,  124.0,  21,  Nuc460108,  2143,  0, 0, 0, , 0, 0, 0, 0, 0,
85,  1,  73,  90,  -1,  474, 271,  139.0,  23,  Nuc460148,  1711,  0, 0, 0, , 0, 0, 0, 0, 0,
86,  1,  74,  91,  -1,  477, 259,  126.0,  23,  Nuc462222,  1800,  0, 0, 0, , 0, 0, 0, 0, 0,
87,  1,  75,  92,  -1,  463, 186,  135.0,  21,  Nuc462378,  1190,  0, 0, 0, , 0, 0, 0, 0, 0,
88,  1,  76,  93,  -1,  501, 184,  137.0,  21,  Nuc465719,  476,  0, 0, 0, , 0, 0, 0, 0, 0,
89,  1,  77,  94,  -1,  899, 643,  127.0,  21,  Nuc466290,  2296,  0, 0, 0, , 0, 0, 0, 0, 0,
90,  1,  77,  95,  -1,  874, 640,  119.0,  21,  Nuc466599,  1942,  0, 0, 0, , 0, 0, 0, 0, 0,
91,  1,  78,  96,  -1,  942, 669,  108.0,  21,  Nuc478783,  2016,  0, 0, 0, , 0, 0, 0, 0, 0,
92,  1,  78,  97,  -1,  953, 635,  108.0,  21,  Nuc487376,  2329,  0, 0, 0, , 0, 0, 0, 0, 0,
93,  1,  79,  98,  -1,  852, 724,  126.0,  21,  Nuc497656,  2315,  0, 0, 0, , 0, 0, 0, 0, 0,
94,  1,  80,  99,  -1,  816, 695,  124.0,  21,  Nuc500815,  2051,  0, 0, 0, , 0, 0, 0, 0, 0,
95,  1,  81,  100,  -1,  888, 725,  113.0,  21,  Nuc541235,  2099,  0, 0, 0, , 0, 0, 0, 0, 0,
96,  1,  81,  101,  -1,  904, 743,  108.0,  21,  Nuc543585,  2345,  0, 0, 0, , 0, 0, 0, 0, 0,
97,  1,  82,  102,  -1,  816, 717,  140.0,  21,  Nuc546716,  2963,  0, 0, 0, , 0, 0, 0, 0, 0,
98,  1,  83,  103,  -1,  798, 756,  136.0,  21,  Nuc574114,  2660,  0, 0, 0, , 0, 0, 0, 0, 0,
99,  1,  84,  104,  -1,  739, 707,  128.0,  21,  Nuc578591,  2328,  0, 0, 0, , 0, 0, 0, 0, 0,
100,  1,  85,  105,  -1,  761, 654,  131.0,  21,  Nuc590730,  2926,  0, 0, 0, , 0, 0, 0, 0, 0,
101,  1,  86,  106,  -1,  703, 681,  140.0,  23,  Nuc606130,  2657,  0, 0, 0, , 0, 0, 0, 0, 0,
102,  1,  87,  107,  -1,  667, 684,  152.0,  23,  Nuc633987,  2887,  0, 0, 0, , 0, 0, 0, 0, 0,
103,  1,  88,  108,  -1,  758, 735,  148.0,  21,  Nuc668709,  2629,  0, 0, 0, , 0, 0, 0, 0, 0,
104,  1,  89,  109,  -1,  727, 721,  156.0,  23,  Nuc673178,  2544,  0, 0, 0, , 0, 0, 0, 0, 0,
105,  1,  90,  110,  -1,  384, 821,  143.0,  21,  Nuc682042,  1955,  0, 0, 0, , 0, 0, 0, 0, 0,
106,  1,  91,  111,  112,  393, 741,  148.0,  21,  Nuc682051,  1725,  0, 0, 0, , 0, 0, 0, 0, 0,
107,  1,  91,  113,  -1,  412, 787,  144.0,  21,  Nuc685627,  1382,  0, 0, 0, , 0, 0, 0, 0, 0,
108,  1,  92,  -1,  -1,  444, 831,  133.0,  21,  Nuc685649,  1620,  0, 0, 0, , 0, 0, 0, 0, 0,
109,  1,  93,  114,  -1,  429, 866,  135.0,  21,  Nuc685651,  2147,  0, 0, 0, , 0, 0, 0, 0, 0,
110,  1,  94,  115,  -1,  330, 809,  131.0,  21,  Nuc694421,  487,  0, 0, 0, , 0, 0, 0, 0, 0,
111,  1,  94,  116,  -1,  334, 843,  124.0,  21,  Nuc695079,  2290,  0, 0, 0, , 0, 0, 0, 0, 0,
112,  1,  95,  117,  -1,  902, 401,  123.0,  21,  Nuc701804,  2083,  0, 0, 0, , 0, 0, 0, 0, 0,
113,  1,  96,  118,  -1,  906, 444,  124.0,  21,  Nuc726370,  2165,  0, 0, 0, , 0, 0, 0, 0, 0,
114,  1,  97,  119,  -1,  903, 510,  123.0,  21,  Nuc727158,  2145,  0, 0, 0, , 0, 0, 0, 0, 0,
115,  1,  98,  120,  -1,  945, 492,  121.0,  21,  Nuc733886,  2129,  0, 0, 0, , 0, 0, 0, 0, 0,
116,  1,  99,  121,  -1,  833, 414,  129.0,  21,  Nuc736766,  2444,  0, 0, 0, , 0, 0, 0, 0, 0,
117,  1,  100,  122,  -1,  862, 423,  140.0,  23,  Nuc740811,  2600,  0, 0, 0, , 0, 0, 0, 0, 0,
118,  1,  101,  123,  -1,  842, 488,  135.0,  21,  Nuc744067,  2465,  0, 0, 0, , 0, 0, 0, 0, 0,
119,  1,  102,  124,  -1,  871, 514,  144.0,  21,  Nuc755974,  2493,  0, 0, 0, , 0, 0, 0, 0, 0,
120,  1,  103,  125,  -1,  756, 432,  134.0,  21,  Nuc765549,  1637,  0, 0, 0, , 0, 0, 0, 0, 0,
121,  1,  104,  126,  -1,  782, 472,  131.0,  21,  Nuc767126,  1966,  0, 0, 0, , 0, 0, 0, 0, 0,
122,  1,  105,  127,  -1,  720, 513,  145.0,  21,  Nuc777266,  2113,  0, 0, 0, , 0, 0, 0, 0, 0,
123,  1,  106,  128,  -1,  772, 535,  140.0,  21,  Nuc781768,  2294,  0, 0, 0, , 0, 0, 0, 0, 0,
124,  1,  107,  129,  -1,  795, 496,  159.0,  23,  Nuc781821,  3081,  0, 0, 0, , 0, 0, 0, 0, 0,
125,  1,  108,  130,  -1,  819, 460,  154.0,  23,  Nuc786029,  2664,  0, 0, 0, , 0, 0, 0, 0, 0,
126,  1,  109,  131,  -1,  749, 424,  160.0,  21,  Nuc787816,  2779,  0, 0, 0, , 0, 0, 0, 0, 0,
127,  1,  110,  132,  -1,  702, 453,  159.0,  21,  Nuc795078,  2707,  0, 0, 0, , 0, 0, 0, 0, 0,
128,  1,  111,  133,  -1,  803, 578,  135.0,  21,  Nuc799520,  2769,  0, 0, 0, , 0, 0, 0, 0, 0,
129,  1,  112,  134,  -1,  784, 617,  143.0,  21,  Nuc842565,  2542,  0, 0, 0, , 0, 0, 0, 0, 0,
130,  1,  113,  135,  -1,  872, 626,  141.0,  21,  Nuc846749,  2645,  0, 0, 0, , 0, 0, 0, 0, 0,
131,  1,  114,  136,  -1,  886, 586,  141.0,  21,  Nuc851350,  2915,  0, 0, 0, , 0, 0, 0, 0, 0,
132,  1,  115,  137,  -1,  840, 591,  126.0,  21,  Nuc855284,  2115,  0, 0, 0, , 0, 0, 0, 0, 0,
133,  1,  116,  138,  -1,  849, 542,  124.0,  21,  Nuc886389,  2313,  0, 0, 0, , 0, 0, 0, 0, 0,
134,  1,  117,  139,  -1,  918, 581,  119.0,  21,  Nuc895731,  2401,  0, 0, 0, , 0, 0, 0, 0, 0,
135,  1,  118,  140,  -1,  937, 571,  127.0,  23,  Nuc902806,  2330,  0, 0, 0, , 0, 0, 0, 0, 0,
136,  1,  119,  141,  -1,  975, 540,  109.0,  21,  Nuc906514,  2320,  0, 0, 0, , 0, 0, 0, 0, 0,
137,  1,  119,  142,  -1,  962, 517,  106.0,  23,  Nuc907614,  2118,  0, 0, 0, , 0, 0, 0, 0, 0,
138,  1,  120,  143,  -1,  735, 583,  129.0,  23,  Nuc911895,  2899,  0, 0, 0, , 0, 0, 0, 0, 0,
139,  1,  121,  144,  -1,  716, 611,  141.0,  21,  Nuc938586,  1727,  0, 0, 0, , 0, 0, 0, 0, 0,
140,  1,  122,  145,  -1,  758, 653,  159.0,  21,  Nuc952994,  3122,  0, 0, 0, , 0, 0, 0, 0, 0,
141,  1,  123,  146,  -1,  727, 620,  156.0,  21,  Nuc954589,  2184,  0, 0, 0, , 0, 0, 0, 0, 0,
142,  1,  124,  147,  -1,  822, 599,  155.0,  21,  Nuc966758,  2648,  0, 0, 0, , 0, 0, 0, 0, 0,
143,  1,  125,  148,  -1,  808, 561,  158.0,  21,  Nuc967907,  2895,  0, 0, 0, , 0, 0, 0, 0, 0,
144,  1,  126,  149,  150,  476, 602,  147.0,  21,  Nuc1024113,  1908,  0, 0, 0, , 0, 0, 0, 0, 0,
145,  1,  127,  151,  -1,  483, 587,  132.0,  21,  Nuc1056985,  1171,  0, 0, 0, , 0, 0, 0, 0, 0,
146,  1,  128,  152,  -1,  314, 762,  129.0,  23,  Nuc1057044,  1887,  0, 0, 0, , 0, 0, 0, 0, 0,
147,  1,  129,  153,  -1,  478, 731,  124.0,  21,  Nuc1057334,  1516,  0, 0, 0, , 0, 0, 0, 0, 0,
148,  1,  130,  154,  -1,  401, 784,  132.0,  21,  Nuc1057645,  1116,  0, 0, 0, , 0, 0, 0, 0, 0,
149,  1,  130,  155,  -1,  460, 757,  135.0,  21,  Nuc1057665,  1221,  0, 0, 0, , 0, 0, 0, 0, 0,
150,  1,  131,  156,  -1,  445, 704,  143.0,  21,  Nuc1057732,  931,  0, 0, 0, , 0, 0, 0, 0, 0,
151,  1,  131,  157,  -1,  481, 720,  148.0,  21,  Nuc1057750,  1084,  0, 0, 0, , 0, 0, 0, 0, 0,
152,  1,  132,  158,  -1,  572, 654,  132.0,  23,  Nuc1057902,  1551,  0, 0, 0, , 0, 0, 0, 0, 0,
153,  1,  133,  159,  -1,  554, 659,  145.0,  25,  Nuc1062358,  787,  0, 0, 0, , 0, 0, 0, 0, 0,
154,  1,  134,  160,  161,  540, 710,  136.0,  23,  Nuc1091577,  2635,  0, 0, 0, , 0, 0, 0, 0, 0,
155,  1,  135,  162,  -1,  547, 718,  124.0,  23,  Nuc1092022,  2121,  0, 0, 0, , 0, 0, 0, 0, 0,
156,  1,  136,  163,  -1,  617, 708,  140.0,  23,  Nuc1102205,  1898,  0, 0, 0, , 0, 0, 0, 0, 0,
157,  1,  137,  164,  -1,  628, 701,  128.0,  23,  Nuc1129010,  2494,  0, 0, 0, , 0, 0, 0, 0, 0,
158,  1,  138,  165,  -1,  592, 757,  120.0,  23,  Nuc1145039,  2660,  0, 0, 0, , 0, 0, 0, 0, 0,
159,  1,  139,  166,  -1,  603, 770,  132.0,  25,  Nuc1145212,  1246,  0, 0, 0, , 0, 0, 0, 0, 0,
160,  1,  140,  167,  -1,  496, 515,  131.0,  23,  Nuc1208193,  1369,  0, 0, 0, , 0, 0, 0, 0, 0,
161,  1,  141,  168,  -1,  556, 751,  145.0,  23,  Nuc1210610,  1844,  0, 0, 0, , 0, 0, 0, 0, 0,
162,  1,  142,  169,  -1,  562, 833,  147.0,  23,  Nuc1231739,  2019,  0, 0, 0, , 0, 0, 0, 0, 0,
163,  1,  143,  170,  -1,  550, 866,  139.0,  21,  Nuc1234858,  1645,  0, 0, 0, , 0, 0, 0, 0, 0,
164,  1,  144,  171,  -1,  467, 836,  148.0,  23,  Nuc1247448,  2154,  0, 0, 0, , 0, 0, 0, 0, 0,
165,  1,  145,  172,  -1,  486, 805,  138.0,  23,  Nuc1248913,  1861,  0, 0, 0, , 0, 0, 0, 0, 0,
166,  1,  146,  173,  -1,  514, 781,  154.0,  21,  Nuc1262367,  2033,  0, 0, 0, , 0, 0, 0, 0, 0,
167,  1,  147,  174,  -1,  481, 779,  163.0,  21,  Nuc1270012,  2089,  0, 0, 0, , 0, 0, 0, 0, 0,
168,  1,  148,  175,  -1,  661, 583,  133.0,  21,  Nuc1272761,  2467,  0, 0, 0, , 0, 0, 0, 0, 0,
169,  1,  149,  176,  -1,  658, 634,  133.0,  21,  Nuc1330319,  634,  0, 0, 0, , 0, 0, 0, 0, 0,
170,  1,  150,  177,  -1,  626, 651,  150.0,  19,  Nuc1335645,  2088,  0, 0, 0, , 0, 0, 0, 0, 0,
171,  1,  151,  178,  179,  653, 609,  151.0,  21,  Nuc1335648,  2673,  0, 0, 0, , 0, 0, 0, 0, 0,
172,  1,  152,  180,  -1,  581, 591,  140.0,  21,  Nuc1336669,  1806,  0, 0, 0, , 0, 0, 0, 0, 0,
173,  1,  152,  181,  -1,  549, 554,  133.0,  21,  Nuc1344438,  1603,  0, 0, 0, , 0, 0, 0, 0, 0,
174,  1,  153,  182,  -1,  644, 500,  134.0,  21,  Nuc1390584,  2297,  0, 0, 0, , 0, 0, 0, 0, 0,
175,  1,  154,  183,  -1,  607, 532,  140.0,  21,  Nuc1418657,  2389,  0, 0, 0, , 0, 0, 0, 0, 0,
176,  1,  155,  184,  -1,  469, 393,  147.0,  23,  Nuc1418780,  1820,  0, 0, 0, , 0, 0, 0, 0, 0,
177,  1,  156,  185,  -1,  489, 537,  145.0,  21,  Nuc1418857,  951,  0, 0, 0, , 0, 0, 0, 0, 0,
178,  1,  157,  186,  -1,  403, 529,  151.0,  23,  Nuc1418860,  1643,  0, 0, 0, , 0, 0, 0, 0, 0,
179,  1,  158,  187,  188,  428, 566,  167.0,  21,  Nuc1419091,  2577,  0, 0, 0, , 0, 0, 0, 0, 0,
180,  1,  159,  189,  -1,  481, 559,  167.0,  21,  Nuc1426603,  1460,  0, 0, 0, , 0, 0, 0, 0, 0,
181,  1,  160,  190,  -1,  447, 455,  130.0,  23,  Nuc1426672,  1955,  0, 0, 0, , 0, 0, 0, 0, 0,
182,  1,  161,  -1,  -1,  493, 444,  132.0,  21,  Nuc1431467,  1865,  0, 0, 0, , 0, 0, 0, 0, 0,
183,  1,  162,  191,  -1,  604, 451,  131.0,  21,  Nuc1431506,  2446,  0, 0, 0, , 0, 0, 0, 0, 0,
184,  1,  163,  -1,  -1,  547, 490,  143.0,  23,  Nuc1453043,  636,  0, 0, 0, , 0, 0, 0, 0, 0,
185,  1,  163,  192,  -1,  556, 470,  132.0,  21,  Nuc1453044,  1894,  0, 0, 0, , 0, 0, 0, 0, 0,
186,  1,  164,  193,  -1,  458, 517,  155.0,  21,  Nuc1468255,  3869,  0, 0, 0, , 0, 0, 0, 0, 0,
187,  1,  165,  194,  -1,  501, 483,  143.0,  23,  Nuc1476749,  1024,  0, 0, 0, , 0, 0, 0, 0, 0,
188,  1,  165,  195,  -1,  462, 454,  145.0,  21,  Nuc1483151,  2038,  0, 0, 0, , 0, 0, 0, 0, 0,
189,  1,  166,  -1,  -1,  582, 461,  148.0,  23,  Nuc1483170,  1437,  0, 0, 0, , 0, 0, 0, 0, 0,
190,  1,  167,  196,  -1,  375, 385,  168.0,  21,  Nuc1483225,  1886,  0, 0, 0, , 0, 0, 0, 0, 0,
191,  1,  168,  197,  -1,  342, 369,  171.0,  21,  Nuc1492361,  1560,  0, 0, 0, , 0, 0, 0, 0, 0,
192,  1,  169,  198,  -1,  285, 458,  170.0,  21,  Nuc1492468,  1344,  0, 0, 0, , 0, 0, 0, 0, 0,
193,  1,  170,  199,  -1,  422, 389,  177.0,  21,  Nuc1493003,  2241,  0, 0, 0, , 0, 0, 0, 0, 0,
194,  1,  171,  200,  -1,  333, 405,  156.0,  21,  Nuc1493151,  238,  0, 0, 0, , 0, 0, 0, 0, 0,
195,  1,  171,  201,  -1,  379, 433,  157.0,  21,  Nuc1493153,  1918,  0, 0, 0, , 0, 0, 0, 0, 0,
196,  1,  172,  202,  -1,  452, 311,  168.0,  21,  Nuc1493225,  1731,  0, 0, 0, , 0, 0, 0, 0, 0,
197,  1,  173,  203,  -1,  347, 339,  159.0,  21,  Nuc1493596,  497,  0, 0, 0, , 0, 0, 0, 0, 0,
198,  1,  173,  204,  -1,  402, 328,  163.0,  21,  Nuc1493765,  2239,  0, 0, 0, , 0, 0, 0, 0, 0,
199,  1,  174,  205,  -1,  413, 373,  157.0,  21,  Nuc1494667,  1909,  0, 0, 0, , 0, 0, 0, 0, 0,
200,  1,  175,  206,  207,  362, 282,  149.0,  21,  Nuc1494721,  2375,  0, 0, 0, , 0, 0, 0, 0, 0,
201,  1,  176,  208,  -1,  384, 316,  144.0,  21,  Nuc1496177,  1999,  0, 0, 0, , 0, 0, 0, 0, 0,
202,  1,  177,  209,  -1,  427, 259,  156.0,  21,  Nuc1496367,  1753,  0, 0, 0, , 0, 0, 0, 0, 0,
203,  1,  178,  210,  -1,  421, 226,  148.0,  21,  Nuc1497053,  1739,  0, 0, 0, , 0, 0, 0, 0, 0,
204,  1,  179,  211,  -1,  663, 307,  155.0,  21,  Nuc1500727,  2155,  0, 0, 0, , 0, 0, 0, 0, 0,
205,  1,  180,  212,  -1,  640, 340,  163.0,  23,  Nuc1503358,  2165,  0, 0, 0, , 0, 0, 0, 0, 0,
206,  1,  181,  213,  -1,  613, 404,  154.0,  21,  Nuc1508338,  2330,  0, 0, 0, , 0, 0, 0, 0, 0,
207,  1,  182,  214,  -1,  649, 378,  145.0,  21,  Nuc1510123,  2455,  0, 0, 0, , 0, 0, 0, 0, 0,
208,  1,  183,  215,  -1,  586, 406,  134.0,  23,  Nuc1514870,  1109,  0, 0, 0, , 0, 0, 0, 0, 0,
209,  1,  184,  216,  -1,  537, 404,  142.0,  21,  Nuc1514891,  1598,  0, 0, 0, , 0, 0, 0, 0, 0,
210,  1,  185,  217,  -1,  631, 333,  128.0,  23,  Nuc1545763,  1858,  0, 0, 0, , 0, 0, 0, 0, 0,
211,  1,  186,  218,  -1,  603, 332,  140.0,  23,  Nuc1551427,  1370,  0, 0, 0, , 0, 0, 0, 0, 0,
212,  1,  187,  219,  -1,  474, 320,  149.0,  21,  Nuc1553363,  3054,  0, 0, 0, , 0, 0, 0, 0, 0,
213,  1,  188,  220,  -1,  522, 319,  140.0,  21,  Nuc1560730,  1751,  0, 0, 0, , 0, 0, 0, 0, 0,
214,  1,  189,  221,  -1,  544, 268,  149.0,  23,  Nuc1572631,  2375,  0, 0, 0, , 0, 0, 0, 0, 0,
215,  1,  190,  222,  -1,  518, 235,  152.0,  23,  Nuc1575653,  1964,  0, 0, 0, , 0, 0, 0, 0, 0,
216,  1,  191,  223,  -1,  587, 285,  159.0,  23,  Nuc1577615,  2074,  0, 0, 0, , 0, 0, 0, 0, 0,
217,  1,  192,  224,  -1,  576, 323,  166.0,  23,  Nuc1581748,  2251,  0, 0, 0, , 0, 0, 0, 0, 0,
218,  1,  193,  225,  -1,  458, 354,  173.0,  21,  Nuc1584285,  1722,  0, 0, 0, , 0, 0, 0, 0, 0,
219,  1,  194,  226,  -1,  505, 328,  166.0,  21,  Nuc1584410,  2608,  0, 0, 0, , 0, 0, 0, 0, 0,
220,  1,  195,  227,  -1,  643, 460,  154.0,  21,  Nuc1584584,  2449,  0, 0, 0, , 0, 0, 0, 0, 0,
221,  1,  196,  228,  -1,  649, 450,  141.0,  23,  Nuc1602908,  2253,  0, 0, 0, , 0, 0, 0, 0, 0,
222,  1,  197,  229,  -1,  704, 436,  134.0,  21,  Nuc1622756,  2492,  0, 0, 0, , 0, 0, 0, 0, 0,
223,  1,  198,  230,  -1,  660, 409,  132.0,  21,  Nuc1639840,  2441,  0, 0, 0, , 0, 0, 0, 0, 0,
224,  1,  199,  231,  -1,  649, 527,  163.0,  23,  Nuc1640575,  4794,  0, 0, 0, , 0, 0, 0, 0, 0,
225,  1,  200,  232,  -1,  639, 518,  149.0,  23,  Nuc1643522,  4611,  0, 0, 0, , 0, 0, 0, 0, 0,
226,  1,  201,  233,  -1,  678, 568,  157.0,  23,  Nuc1703092,  6085,  0, 0, 0, , 0, 0, 0, 0, 0,
227,  1,  202,  234,  -1,  669, 554,  142.0,  21,  Nuc1707953,  5758,  0, 0, 0, , 0, 0, 0, 0, 0,
228,  1,  203,  235,  -1,  528, 538,  157.0,  23,  Nuc1740617,  1712,  0, 0, 0, , 0, 0, 0, 0, 0,
229,  1,  204,  236,  -1,  565, 539,  151.0,  23,  Nuc1754954,  2500,  0, 0, 0, , 0, 0, 0, 0, 0,
230,  1,  205,  237,  -1,  541, 590,  151.0,  21,  Nuc1755545,  2978,  0, 0, 0, , 0, 0, 0, 0, 0,
231,  1,  206,  238,  -1,  517, 485,  174.0,  21,  Nuc1759762,  3123,  0, 0, 0, , 0, 0, 0, 0, 0,
232,  1,  207,  239,  -1,  475, 509,  176.0,  21,  Nuc1763413,  3518,  0, 0, 0, , 0, 0, 0, 0, 0,
233,  1,  208,  240,  -1,  435, 488,  171.0,  21,  Nuc1763558,  1337,  0, 0, 0, , 0, 0, 0, 0, 0,
234,  1,  209,  241,  -1,  479, 447,  167.0,  21,  Nuc1763578,  4083,  0, 0, 0, , 0, 0, 0, 0, 0,
235,  1,  210,  242,  -1,  432, 427,  165.0,  21,  Nuc1765081,  2872,  0, 0, 0, , 0, 0, 0, 0, 0,
236,  1,  211,  243,  -1,  497, 500,  162.0,  25,  Nuc1772015,  3680,  0, 0, 0, , 0, 0, 0, 0, 0,
237,  1,  212,  244,  -1,  476, 576,  157.0,  21,  Nuc1773070,  879,  0, 0, 0, , 0, 0, 0, 0, 0,
238,  1,  213,  245,  -1,  428, 730,  166.0,  21,  Nuc1773176,  2719,  0, 0, 0, , 0, 0, 0, 0, 0,
239,  1,  214,  -1,  -1,  351, 659,  156.0,  21,  Nuc1783532,  250,  0, 0, 0, , 0, 0, 0, 0, 0,
240,  1,  214,  246,  -1,  403, 689,  159.0,  21,  Nuc1783533,  2185,  0, 0, 0, , 0, 0, 0, 0, 0,
241,  1,  215,  247,  -1,  340, 596,  162.0,  21,  Nuc1784078,  1082,  0, 0, 0, , 0, 0, 0, 0, 0,
242,  1,  216,  248,  -1,  297, 622,  154.0,  23,  Nuc1784096,  1465,  0, 0, 0, , 0, 0, 0, 0, 0,
243,  1,  217,  249,  -1,  349, 707,  166.0,  21,  Nuc1784111,  1270,  0, 0, 0, , 0, 0, 0, 0, 0,
244,  1,  218,  250,  -1,  314, 709,  158.0,  21,  Nuc1784490,  2057,  0, 0, 0, , 0, 0, 0, 0, 0,
245,  1,  220,  251,  -1,  424, 613,  167.0,  21,  Nuc1785264,  1939,  0, 0, 0, , 0, 0, 0, 0, 0,
246,  1,  221,  252,  -1,  355, 615,  175.0,  21,  Nuc1793838,  1709,  0, 0, 0, , 0, 0, 0, 0, 0,
247,  1,  221,  253,  -1,  372, 656,  174.0,  21,  Nuc1793853,  2035,  0, 0, 0, , 0, 0, 0, 0, 0,
248,  1,  222,  254,  -1,  457, 422,  181.0,  21,  Nuc1794119,  3056,  0, 0, 0, , 0, 0, 0, 0, 0,
249,  1,  223,  255,  -1,  546, 417,  178.0,  23,  Nuc1794462,  2452,  0, 0, 0, , 0, 0, 0, 0, 0,
250,  1,  224,  256,  -1,  533, 374,  174.0,  21,  Nuc1795175,  2465,  0, 0, 0, , 0, 0, 0, 0, 0,
251,  1,  225,  257,  -1,  619, 469,  171.0,  21,  Nuc1800327,  2976,  0, 0, 0, , 0, 0, 0, 0, 0,
252,  1,  226,  258,  -1,  623, 431,  176.0,  21,  Nuc1842018,  2653,  0, 0, 0, , 0, 0, 0, 0, 0,
253,  1,  227,  259,  -1,  702, 384,  164.0,  21,  Nuc1848871,  2881,  0, 0, 0, , 0, 0, 0, 0, 0,
254,  1,  228,  260,  -1,  681, 421,  169.0,  21,  Nuc1849837,  2808,  0, 0, 0, , 0, 0, 0, 0, 0,
255,  1,  229,  261,  -1,  648, 513,  178.0,  23,  Nuc1850301,  3268,  0, 0, 0, , 0, 0, 0, 0, 0,
256,  1,  230,  262,  263,  686, 492,  171.0,  25,  Nuc1850847,  5371,  0, 0, 0, , 0, 0, 0, 0, 0,
257,  1,  231,  264,  -1,  742, 500,  169.0,  21,  Nuc1858783,  5825,  0, 0, 0, , 0, 0, 0, 0, 0,
258,  1,  232,  265,  -1,  627, 591,  170.0,  21,  Nuc1862215,  3240,  0, 0, 0, , 0, 0, 0, 0, 0,
259,  1,  233,  266,  -1,  673, 581,  174.0,  23,  Nuc1863101,  2857,  0, 0, 0, , 0, 0, 0, 0, 0,
260,  1,  234,  267,  -1,  730, 547,  161.0,  21,  Nuc1867427,  6818,  0, 0, 0, , 0, 0, 0, 0, 0,
261,  1,  235,  268,  -1,  738, 578,  167.0,  21,  Nuc1868193,  5646,  0, 0, 0, , 0, 0, 0, 0, 0,
262,  1,  236,  269,  -1,  463, 691,  178.0,  21,  Nuc1869389,  1791,  0, 0, 0, , 0, 0, 0, 0, 0,
263,  1,  237,  270,  -1,  420, 680,  178.0,  21,  Nuc1869766,  2279,  0, 0, 0, , 0, 0, 0, 0, 0,
264,  1,  238,  271,  -1,  624, 715,  168.0,  21,  Nuc1869996,  3181,  0, 0, 0, , 0, 0, 0, 0, 0,
265,  1,  239,  272,  -1,  590, 704,  159.0,  21,  Nuc1871451,  2889,  0, 0, 0, , 0, 0, 0, 0, 0,
266,  1,  240,  273,  -1,  612, 780,  158.0,  21,  Nuc1876956,  2799,  0, 0, 0, , 0, 0, 0, 0, 0,
267,  1,  241,  274,  -1,  568, 765,  162.0,  23,  Nuc1880442,  2996,  0, 0, 0, , 0, 0, 0, 0, 0,
268,  1,  242,  275,  -1,  525, 669,  179.0,  23,  Nuc1883040,  2669,  0, 0, 0, , 0, 0, 0, 0, 0,
269,  1,  243,  276,  -1,  566, 672,  173.0,  23,  Nuc1886225,  2654,  0, 0, 0, , 0, 0, 0, 0, 0,
270,  1,  244,  277,  -1,  497, 731,  173.0,  21,  Nuc1889455,  2294,  0, 0, 0, , 0, 0, 0, 0, 0,
271,  1,  245,  278,  -1,  544, 734,  171.0,  23,  Nuc1890962,  2723,  0, 0, 0, , 0, 0, 0, 0, 0,
272,  1,  246,  279,  -1,  631, 654,  173.0,  21,  Nuc1892152,  2742,  0, 0, 0, , 0, 0, 0, 0, 0,
273,  1,  247,  280,  -1,  677, 661,  169.0,  21,  Nuc1918890,  3301,  0, 0, 0, , 0, 0, 0, 0, 0,
274,  1,  248,  281,  -1,  575, 624,  179.0,  21,  Nuc1921281,  3100,  0, 0, 0, , 0, 0, 0, 0, 0,
275,  1,  249,  282,  -1,  572, 584,  181.0,  21,  Nuc1921404,  2035,  0, 0, 0, , 0, 0, 0, 0, 0,
276,  1,  250,  283,  -1,  578, 471,  180.0,  21,  Nuc1922079,  2864,  0, 0, 0, , 0, 0, 0, 0, 0,
277,  1,  251,  284,  -1,  628, 553,  179.0,  23,  Nuc1922179,  3407,  0, 0, 0, , 0, 0, 0, 0, 0,
278,  1,  252,  285,  -1,  499, 595,  184.0,  23,  Nuc1923295,  2624,  0, 0, 0, , 0, 0, 0, 0, 0,
279,  1,  253,  286,  -1,  443, 637,  182.0,  21,  Nuc1924234,  2788,  0, 0, 0, , 0, 0, 0, 0, 0,
280,  1,  254,  287,  -1,  430, 597,  184.0,  23,  Nuc1934128,  3104,  0, 0, 0, , 0, 0, 0, 0, 0,
281,  1,  255,  288,  -1,  469, 669,  165.0,  21,  Nuc1934269,  2079,  0, 0, 0, , 0, 0, 0, 0, 0,
282,  1,  256,  289,  290,  461, 648,  154.0,  21,  Nuc1942124,  2361,  0, 0, 0, , 0, 0, 0, 0, 0,
283,  1,  257,  291,  -1,  518, 694,  158.0,  21,  Nuc1943222,  2440,  0, 0, 0, , 0, 0, 0, 0, 0,
284,  1,  259,  292,  -1,  527, 591,  169.0,  21,  Nuc1950055,  2298,  0, 0, 0, , 0, 0, 0, 0, 0,
285,  1,  260,  293,  -1,  484, 604,  172.0,  21,  Nuc1950321,  2947,  0, 0, 0, , 0, 0, 0, 0, 0,
286,  1,  262,  294,  -1,  408, 547,  186.0,  23,  Nuc1953733,  1371,  0, 0, 0, , 0, 0, 0, 0, 0,
287,  1,  263,  295,  -1,  384, 473,  184.0,  21,  Nuc1954704,  1668,  0, 0, 0, , 0, 0, 0, 0, 0,
288,  1,  264,  296,  -1,  494, 551,  185.0,  23,  Nuc1954938,  1904,  0, 0, 0, , 0, 0, 0, 0, 0,
289,  1,  265,  297,  -1,  572, 514,  183.0,  21,  Nuc1955375,  2719,  0, 0, 0, , 0, 0, 0, 0, 0,
290,  1,  266,  298,  -1,  515, 535,  175.0,  21,  Nuc1967342,  2566,  0, 0, 0, , 0, 0, 0, 0, 0,
291,  1,  267,  299,  -1,  540, 553,  181.0,  21,  Nuc1967345,  3626,  0, 0, 0, , 0, 0, 0, 0, 0,
292,  1,  268,  300,  -1,  509, 468,  184.0,  23,  Nuc1968437,  2652,  0, 0, 0, , 0, 0, 0, 0, 0,
293,  1,  269,  301,  -1,  446, 504,  186.0,  23,  Nuc1968599,  2330,  0, 0, 0, , 0, 0, 0, 0, 0,
294,  1,  270,  302,  -1,  579, 625,  159.0,  21,  Nuc1968836,  3266,  0, 0, 0, , 0, 0, 0, 0, 0,
295,  1,  271,  303,  -1,  588, 530,  170.0,  21,  Nuc2004960,  2525,  0, 0, 0, , 0, 0, 0, 0, 0,
296,  1,  272,  304,  -1,  594, 574,  158.0,  21,  Nuc2006231,  3151,  0, 0, 0, , 0, 0, 0, 0, 0,
297,  1,  273,  305,  -1,  399, 762,  161.0,  21,  Nuc2009244,  2183,  0, 0, 0, , 0, 0, 0, 0, 0,
298,  1,  274,  306,  -1,  545, 499,  163.0,  23,  Nuc2012784,  2542,  0, 0, 0, , 0, 0, 0, 0, 0,
299,  1,  275,  307,  -1,  520, 368,  156.0,  21,  Nuc2021743,  1590,  0, 0, 0, , 0, 0, 0, 0, 0,
300,  1,  276,  308,  -1,  558, 410,  163.0,  21,  Nuc2024296,  2610,  0, 0, 0, , 0, 0, 0, 0, 0,
301,  1,  277,  309,  -1,  516, 440,  158.0,  21,  Nuc2034641,  2847,  0, 0, 0, , 0, 0, 0, 0, 0,
302,  1,  278,  310,  -1,  566, 459,  165.0,  21,  Nuc2034684,  2544,  0, 0, 0, , 0, 0, 0, 0, 0,
303,  1,  279,  311,  312,  599, 510,  158.0,  21,  Nuc2034831,  2594,  0, 0, 0, , 0, 0, 0, 0, 0,
304,  1,  280,  313,  -1,  339, 479,  150.0,  21,  Nuc2064294,  1518,  0, 0, 0, , 0, 0, 0, 0, 0,
305,  1,  281,  314,  315,  313, 714,  141.0,  21,  Nuc2064573,  1458,  0, 0, 0, , 0, 0, 0, 0, 0,
306,  1,  282,  316,  -1,  259, 642,  154.0,  21,  Nuc2064713,  2190,  0, 0, 0, , 0, 0, 0, 0, 0,
307,  1,  283,  317,  -1,  462, 338,  128.0,  21,  Nuc2064815,  1842,  0, 0, 0, , 0, 0, 0, 0, 0,
308,  1,  285,  318,  319,  372, 431,  138.0,  21,  Nuc2070282,  1449,  0, 0, 0, , 0, 0, 0, 0, 0,
309,  1,  286,  -1,  -1,  410, 303,  126.0,  21,  Nuc2070307,  503,  0, 0, 0, , 0, 0, 0, 0, 0,
310,  1,  286,  320,  -1,  388, 358,  125.0,  23,  Nuc2070308,  1876,  0, 0, 0, , 0, 0, 0, 0, 0,
311,  1,  287,  321,  -1,  298, 567,  170.0,  21,  Nuc2070366,  1571,  0, 0, 0, , 0, 0, 0, 0, 0,
312,  1,  288,  322,  -1,  277, 592,  162.0,  23,  Nuc2070712,  1346,  0, 0, 0, , 0, 0, 0, 0, 0,
313,  1,  289,  -1,  -1,  355, 550,  180.0,  23,  Nuc2070734,  596,  0, 0, 0, , 0, 0, 0, 0, 0,
314,  1,  290,  -1,  -1,  324, 878,  98.0,  23,  Nuc2070771,  788,  0, 0, 0, , 0, 0, 0, 0, 0,
315,  1,  291,  323,  -1,  383, 882,  105.0,  21,  Nuc2070780,  2717,  0, 0, 0, , 0, 0, 0, 0, 0,
316,  1,  292,  324,  -1,  373, 918,  92.0,  23,  Nuc2080664,  1936,  0, 0, 0, , 0, 0, 0, 0, 0,
317,  1,  293,  325,  -1,  413, 644,  141.0,  21,  Nuc2080723,  1884,  0, 0, 0, , 0, 0, 0, 0, 0,
318,  1,  295,  -1,  -1,  274, 714,  126.0,  21,  Nuc2080753,  260,  0, 0, 0, , 0, 0, 0, 0, 0,
319,  1,  296,  326,  -1,  337, 720,  126.0,  23,  Nuc2080755,  1123,  0, 0, 0, , 0, 0, 0, 0, 0,
320,  1,  297,  327,  -1,  371, 692,  138.0,  21,  Nuc2080765,  1496,  0, 0, 0, , 0, 0, 0, 0, 0,
321,  1,  298,  328,  -1,  247, 349,  145.0,  21,  Nuc2080836,  250,  0, 0, 0, , 0, 0, 0, 0, 0,
322,  1,  299,  329,  -1,  207, 399,  142.0,  21,  Nuc2081032,  943,  0, 0, 0, , 0, 0, 0, 0, 0,
323,  1,  300,  330,  -1,  298, 524,  173.0,  21,  Nuc2081062,  700,  0, 0, 0, , 0, 0, 0, 0, 0,
324,  1,  300,  331,  -1,  308, 486,  165.0,  21,  Nuc2081290,  927,  0, 0, 0, , 0, 0, 0, 0, 0,
325,  1,  301,  332,  -1,  405, 866,  119.0,  21,  Nuc2084899,  884,  0, 0, 0, , 0, 0, 0, 0, 0,
326,  1,  301,  333,  -1,  384, 875,  117.0,  21,  Nuc2087956,  1171,  0, 0, 0, , 0, 0, 0, 0, 0,
327,  1,  302,  334,  335,  227, 617,  141.0,  21,  Nuc2088469,  675,  0, 0, 0, , 0, 0, 0, 0, 0,
328,  1,  303,  336,  -1,  354, 449,  171.0,  21,  Nuc2088510,  2021,  0, 0, 0, , 0, 0, 0, 0, 0,
329,  1,  304,  -1,  -1,  331, 539,  155.0,  21,  Nuc2088778,  825,  0, 0, 0, , 0, 0, 0, 0, 0,
330,  1,  304,  -1,  -1,  354, 503,  161.0,  21,  Nuc2088779,  1084,  0, 0, 0, , 0, 0, 0, 0, 0,
331,  1,  306,  337,  -1,  423, 698,  126.0,  23,  Nuc2088784,  1773,  0, 0, 0, , 0, 0, 0, 0, 0,
332,  1,  307,  338,  -1,  538, 782,  133.0,  23,  Nuc2088803,  2170,  0, 0, 0, , 0, 0, 0, 0, 0,
333,  1,  -1,  -1,  -1,  290, 784,  117.0,  21,  Nuc2132772,  468,  0, 0, 0, , 0, 0, 0, 0, 0,
334,  1,  -1,  339,  -1,  334, 209,  122.0,  21,  Nuc2132773,  469,  0, 0, 0, , 0, 0, 0, 0, 0,
335,  1,  -1,  340,  -1,  353, 552,  141.0,  23,  Nuc2132776,  589,  0, 0, 0, , 0, 0, 0, 0, 0,
336,  1,  -1,  -1,  -1,  303, 534,  146.0,  21,  Nuc2132884,  1081,  0, 0, 0, , 0, 0, 0, 0, 0,
337,  1,  -1,  341,  -1,  283, 526,  155.0,  21,  Nuc2132885,  485,  0, 0, 0, , 0, 0, 0, 0, 0,
338,  1,  -1,  342,  -1,  241, 498,  159.0,  21,  Nuc2134963,  861,  0, 0, 0, , 0, 0, 0, 0, 0,
