1,  1,  1,  1,  -1,  541, 970,  84.0,  21,  Nuc59,  1106,  0, 0, 0, , 0, 0, 0, 0, 0,
2,  1,  1,  2,  -1,  515, 953,  88.0,  21,  Nuc5275,  1446,  0, 0, 0, , 0, 0, 0, 0, 0,
3,  1,  2,  -1,  -1,  444, 922,  93.0,  21,  Nuc7226,  807,  0, 0, 0, , 0, 0, 0, 0, 0,
4,  1,  3,  3,  -1,  441, 951,  86.0,  21,  Nuc7228,  1547,  0, 0, 0, , 0, 0, 0, 0, 0,
5,  1,  4,  4,  -1,  443, 861,  108.0,  21,  Nuc9517,  841,  0, 0, 0, , 0, 0, 0, 0, 0,
6,  1,  5,  5,  -1,  479, 880,  104.0,  21,  Nuc24142,  1597,  0, 0, 0, , 0, 0, 0, 0, 0,
7,  1,  6,  6,  -1,  436, 926,  106.0,  21,  Nuc26079,  1494,  0, 0, 0, , 0, 0, 0, 0, 0,
8,  1,  7,  7,  -1,  470, 932,  106.0,  19,  Nuc28672,  966,  0, 0, 0, , 0, 0, 0, 0, 0,
9,  1,  8,  8,  -1,  758, 900,  92.0,  21,  Nuc29666,  1632,  0, 0, 0, , 0, 0, 0, 0, 0,
10,  1,  8,  9,  -1,  729, 912,  96.0,  21,  Nuc34352,  1502,  0, 0, 0, , 0, 0, 0, 0, 0,
11,  1,  9,  10,  -1,  681, 899,  110.0,  21,  Nuc37577,  1784,  0, 0, 0, , 0, 0, 0, 0, 0,
12,  1,  10,  11,  -1,  661, 861,  107.0,  21,  Nuc40140,  1976,  0, 0, 0, , 0, 0, 0, 0, 0,
13,  1,  11,  12,  -1,  617, 918,  100.0,  21,  Nuc47881,  1513,  0, 0, 0, , 0, 0, 0, 0, 0,
14,  1,  11,  13,  -1,  596, 944,  98.0,  21,  Nuc49699,  1404,  0, 0, 0, , 0, 0, 0, 0, 0,
15,  1,  12,  14,  -1,  671, 950,  86.0,  21,  Nuc51552,  1204,  0, 0, 0, , 0, 0, 0, 0, 0,
16,  1,  12,  15,  -1,  643, 961,  84.0,  21,  Nuc61171,  1248,  0, 0, 0, , 0, 0, 0, 0, 0,
17,  1,  13,  16,  -1,  619, 843,  121.0,  23,  Nuc63978,  1916,  0, 0, 0, , 0, 0, 0, 0, 0,
18,  1,  14,  17,  -1,  627, 872,  130.0,  23,  Nuc63998,  1704,  0, 0, 0, , 0, 0, 0, 0, 0,
19,  1,  15,  18,  -1,  560, 829,  126.0,  23,  Nuc65770,  1774,  0, 0, 0, , 0, 0, 0, 0, 0,
20,  1,  16,  19,  -1,  522, 929,  102.0,  23,  Nuc69339,  1808,  0, 0, 0, , 0, 0, 0, 0, 0,
21,  1,  17,  20,  -1,  543, 885,  102.0,  21,  Nuc70665,  1969,  0, 0, 0, , 0, 0, 0, 0, 0,
22,  1,  18,  21,  -1,  578, 874,  111.0,  21,  Nuc73722,  803,  0, 0, 0, , 0, 0, 0, 0, 0,
23,  1,  19,  22,  -1,  590, 920,  114.0,  21,  Nuc88075,  1419,  0, 0, 0, , 0, 0, 0, 0, 0,
24,  1,  20,  23,  -1,  511, 792,  115.0,  23,  Nuc90590,  1602,  0, 0, 0, , 0, 0, 0, 0, 0,
25,  1,  21,  24,  25,  492, 824,  124.0,  21,  Nuc102437,  1927,  0, 0, 0, , 0, 0, 0, 0, 0,
26,  1,  22,  -1,  -1,  513, 871,  121.0,  21,  Nuc144311,  486,  0, 0, 0, , 0, 0, 0, 0, 0,
27,  1,  22,  26,  -1,  513, 874,  115.0,  21,  Nuc144312,  1786,  0, 0, 0, , 0, 0, 0, 0, 0,
28,  1,  23,  27,  -1,  538, 911,  119.0,  21,  Nuc146045,  1775,  0, 0, 0, , 0, 0, 0, 0, 0,
29,  1,  24,  28,  -1,  467, 902,  122.0,  21,  Nuc146845,  1368,  0, 0, 0, , 0, 0, 0, 0, 0,
30,  1,  25,  29,  -1,  486, 886,  130.0,  21,  Nuc148356,  1365,  0, 0, 0, , 0, 0, 0, 0, 0,
31,  1,  28,  30,  -1,  292, 293,  149.0,  21,  Nuc152816,  1513,  0, 0, 0, , 0, 0, 0, 0, 0,
32,  1,  29,  31,  -1,  660, 795,  121.0,  21,  Nuc152905,  2002,  0, 0, 0, , 0, 0, 0, 0, 0,
33,  1,  30,  32,  -1,  691, 762,  127.0,  21,  Nuc170115,  1792,  0, 0, 0, , 0, 0, 0, 0, 0,
34,  1,  31,  33,  -1,  690, 865,  122.0,  21,  Nuc173378,  2376,  0, 0, 0, , 0, 0, 0, 0, 0,
35,  1,  32,  34,  -1,  724, 844,  127.0,  23,  Nuc182352,  2092,  0, 0, 0, , 0, 0, 0, 0, 0,
36,  1,  33,  35,  -1,  699, 777,  145.0,  21,  Nuc190560,  2184,  0, 0, 0, , 0, 0, 0, 0, 0,
37,  1,  34,  36,  -1,  659, 765,  150.0,  21,  Nuc200239,  2615,  0, 0, 0, , 0, 0, 0, 0, 0,
38,  1,  35,  37,  -1,  650, 837,  142.0,  21,  Nuc205693,  2041,  0, 0, 0, , 0, 0, 0, 0, 0,
39,  1,  36,  38,  -1,  608, 821,  142.0,  21,  Nuc208526,  2110,  0, 0, 0, , 0, 0, 0, 0, 0,
40,  1,  37,  39,  -1,  806, 763,  116.0,  21,  Nuc209758,  1596,  0, 0, 0, , 0, 0, 0, 0, 0,
41,  1,  38,  40,  -1,  841, 784,  114.0,  21,  Nuc214925,  1934,  0, 0, 0, , 0, 0, 0, 0, 0,
42,  1,  39,  41,  -1,  863, 813,  97.0,  23,  Nuc215654,  1910,  0, 0, 0, , 0, 0, 0, 0, 0,
43,  1,  39,  42,  -1,  842, 840,  99.0,  23,  Nuc220657,  1845,  0, 0, 0, , 0, 0, 0, 0, 0,
44,  1,  40,  43,  -1,  779, 808,  122.0,  21,  Nuc230373,  2255,  0, 0, 0, , 0, 0, 0, 0, 0,
45,  1,  41,  44,  -1,  743, 781,  116.0,  21,  Nuc230670,  1862,  0, 0, 0, , 0, 0, 0, 0, 0,
46,  1,  42,  45,  -1,  746, 873,  113.0,  21,  Nuc248268,  1862,  0, 0, 0, , 0, 0, 0, 0, 0,
47,  1,  43,  46,  -1,  783, 859,  110.0,  21,  Nuc249169,  2098,  0, 0, 0, , 0, 0, 0, 0, 0,
48,  1,  44,  47,  -1,  786, 204,  106.0,  21,  Nuc251879,  1497,  0, 0, 0, , 0, 0, 0, 0, 0,
49,  1,  45,  48,  -1,  816, 221,  100.0,  21,  Nuc255954,  1817,  0, 0, 0, , 0, 0, 0, 0, 0,
50,  1,  46,  49,  -1,  667, 193,  109.0,  21,  Nuc260708,  1820,  0, 0, 0, , 0, 0, 0, 0, 0,
51,  1,  47,  50,  -1,  694, 168,  106.0,  21,  Nuc261251,  1217,  0, 0, 0, , 0, 0, 0, 0, 0,
52,  1,  48,  51,  -1,  687, 213,  132.0,  23,  Nuc264752,  1655,  0, 0, 0, , 0, 0, 0, 0, 0,
53,  1,  49,  52,  -1,  641, 240,  125.0,  21,  Nuc268192,  2095,  0, 0, 0, , 0, 0, 0, 0, 0,
54,  1,  50,  53,  -1,  631, 188,  123.0,  21,  Nuc271233,  1588,  0, 0, 0, , 0, 0, 0, 0, 0,
55,  1,  51,  54,  -1,  710, 203,  125.0,  21,  Nuc272776,  1831,  0, 0, 0, , 0, 0, 0, 0, 0,
56,  1,  52,  55,  -1,  576, 283,  132.0,  21,  Nuc274980,  1804,  0, 0, 0, , 0, 0, 0, 0, 0,
57,  1,  53,  56,  -1,  542, 240,  133.0,  21,  Nuc280415,  1512,  0, 0, 0, , 0, 0, 0, 0, 0,
58,  1,  54,  57,  -1,  600, 207,  140.0,  21,  Nuc283126,  1913,  0, 0, 0, , 0, 0, 0, 0, 0,
59,  1,  55,  58,  -1,  617, 249,  145.0,  21,  Nuc285934,  1638,  0, 0, 0, , 0, 0, 0, 0, 0,
60,  1,  56,  59,  -1,  560, 216,  115.0,  21,  Nuc293752,  1519,  0, 0, 0, , 0, 0, 0, 0, 0,
61,  1,  57,  60,  -1,  560, 183,  122.0,  21,  Nuc293838,  1456,  0, 0, 0, , 0, 0, 0, 0, 0,
62,  1,  58,  61,  -1,  622, 139,  109.0,  21,  Nuc306828,  1464,  0, 0, 0, , 0, 0, 0, 0, 0,
63,  1,  59,  62,  -1,  588, 127,  107.0,  21,  Nuc310946,  1570,  0, 0, 0, , 0, 0, 0, 0, 0,
64,  1,  60,  63,  -1,  871, 302,  109.0,  21,  Nuc314318,  1859,  0, 0, 0, , 0, 0, 0, 0, 0,
65,  1,  61,  64,  -1,  902, 314,  104.0,  21,  Nuc317257,  1813,  0, 0, 0, , 0, 0, 0, 0, 0,
66,  1,  62,  65,  -1,  948, 441,  106.0,  21,  Nuc326404,  2068,  0, 0, 0, , 0, 0, 0, 0, 0,
67,  1,  63,  66,  -1,  949, 404,  109.0,  21,  Nuc330202,  1939,  0, 0, 0, , 0, 0, 0, 0, 0,
68,  1,  64,  67,  -1,  816, 284,  118.0,  21,  Nuc343670,  1917,  0, 0, 0, , 0, 0, 0, 0, 0,
69,  1,  65,  68,  -1,  786, 311,  126.0,  21,  Nuc348449,  1984,  0, 0, 0, , 0, 0, 0, 0, 0,
70,  1,  66,  69,  -1,  859, 346,  126.0,  21,  Nuc359681,  1979,  0, 0, 0, , 0, 0, 0, 0, 0,
71,  1,  67,  70,  -1,  813, 360,  123.0,  21,  Nuc361719,  2021,  0, 0, 0, , 0, 0, 0, 0, 0,
72,  1,  68,  71,  -1,  799, 366,  145.0,  21,  Nuc370602,  2234,  0, 0, 0, , 0, 0, 0, 0, 0,
73,  1,  69,  72,  -1,  761, 342,  149.0,  21,  Nuc382940,  2377,  0, 0, 0, , 0, 0, 0, 0, 0,
74,  1,  70,  73,  -1,  721, 371,  142.0,  21,  Nuc386080,  2134,  0, 0, 0, , 0, 0, 0, 0, 0,
75,  1,  71,  74,  -1,  728, 357,  129.0,  21,  Nuc391868,  1943,  0, 0, 0, , 0, 0, 0, 0, 0,
76,  1,  72,  75,  -1,  675, 289,  136.0,  21,  Nuc406969,  2504,  0, 0, 0, , 0, 0, 0, 0, 0,
77,  1,  73,  76,  -1,  704, 276,  124.0,  21,  Nuc424196,  2208,  0, 0, 0, , 0, 0, 0, 0, 0,
78,  1,  74,  77,  -1,  762, 267,  135.0,  23,  Nuc441239,  1955,  0, 0, 0, , 0, 0, 0, 0, 0,
79,  1,  75,  78,  -1,  774, 250,  125.0,  23,  Nuc442506,  2199,  0, 0, 0, , 0, 0, 0, 0, 0,
80,  1,  76,  79,  -1,  415, 185,  112.0,  21,  Nuc445507,  1102,  0, 0, 0, , 0, 0, 0, 0, 0,
81,  1,  77,  80,  -1,  406, 142,  108.0,  21,  Nuc445510,  1715,  0, 0, 0, , 0, 0, 0, 0, 0,
82,  1,  78,  81,  -1,  402, 162,  123.0,  21,  Nuc450550,  1683,  0, 0, 0, , 0, 0, 0, 0, 0,
83,  1,  79,  82,  -1,  382, 214,  136.0,  21,  Nuc451853,  1456,  0, 0, 0, , 0, 0, 0, 0, 0,
84,  1,  80,  83,  84,  381, 264,  125.0,  21,  Nuc452163,  472,  0, 0, 0, , 0, 0, 0, 0, 0,
85,  1,  80,  85,  -1,  413, 259,  136.0,  21,  Nuc452216,  1277,  0, 0, 0, , 0, 0, 0, 0, 0,
86,  1,  81,  86,  -1,  474, 129,  108.0,  21,  Nuc454673,  1463,  0, 0, 0, , 0, 0, 0, 0, 0,
87,  1,  82,  87,  -1,  508, 132,  111.0,  19,  Nuc454934,  1404,  0, 0, 0, , 0, 0, 0, 0, 0,
88,  1,  83,  88,  -1,  480, 159,  120.0,  21,  Nuc457649,  1298,  0, 0, 0, , 0, 0, 0, 0, 0,
89,  1,  84,  89,  -1,  456, 201,  124.0,  21,  Nuc460109,  2115,  0, 0, 0, , 0, 0, 0, 0, 0,
90,  1,  85,  90,  -1,  475, 274,  139.0,  23,  Nuc460149,  1790,  0, 0, 0, , 0, 0, 0, 0, 0,
91,  1,  86,  91,  -1,  477, 263,  126.0,  23,  Nuc462223,  1622,  0, 0, 0, , 0, 0, 0, 0, 0,
92,  1,  87,  92,  -1,  461, 185,  135.0,  21,  Nuc462379,  1315,  0, 0, 0, , 0, 0, 0, 0, 0,
93,  1,  88,  93,  -1,  501, 182,  136.0,  21,  Nuc465720,  678,  0, 0, 0, , 0, 0, 0, 0, 0,
94,  1,  89,  94,  -1,  903, 640,  128.0,  21,  Nuc466291,  2134,  0, 0, 0, , 0, 0, 0, 0, 0,
95,  1,  90,  95,  -1,  865, 639,  120.0,  21,  Nuc466600,  2400,  0, 0, 0, , 0, 0, 0, 0, 0,
96,  1,  91,  96,  -1,  940, 672,  108.0,  21,  Nuc478784,  2015,  0, 0, 0, , 0, 0, 0, 0, 0,
97,  1,  92,  97,  -1,  956, 634,  108.0,  21,  Nuc487377,  2022,  0, 0, 0, , 0, 0, 0, 0, 0,
98,  1,  93,  98,  -1,  849, 725,  126.0,  21,  Nuc497657,  2268,  0, 0, 0, , 0, 0, 0, 0, 0,
99,  1,  94,  99,  -1,  809, 692,  123.0,  21,  Nuc500816,  2493,  0, 0, 0, , 0, 0, 0, 0, 0,
100,  1,  95,  100,  -1,  891, 722,  115.0,  21,  Nuc541236,  2110,  0, 0, 0, , 0, 0, 0, 0, 0,
101,  1,  96,  101,  -1,  904, 742,  108.0,  21,  Nuc543586,  2250,  0, 0, 0, , 0, 0, 0, 0, 0,
102,  1,  97,  102,  -1,  815, 717,  139.0,  21,  Nuc546717,  2571,  0, 0, 0, , 0, 0, 0, 0, 0,
103,  1,  98,  103,  -1,  797, 755,  135.0,  21,  Nuc574115,  2712,  0, 0, 0, , 0, 0, 0, 0, 0,
104,  1,  99,  104,  -1,  740, 705,  128.0,  21,  Nuc578592,  2236,  0, 0, 0, , 0, 0, 0, 0, 0,
105,  1,  100,  105,  -1,  756, 652,  132.0,  21,  Nuc590731,  2695,  0, 0, 0, , 0, 0, 0, 0, 0,
106,  1,  101,  106,  -1,  702, 681,  141.0,  21,  Nuc606131,  3148,  0, 0, 0, , 0, 0, 0, 0, 0,
107,  1,  102,  107,  108,  666, 682,  153.0,  21,  Nuc633988,  2901,  0, 0, 0, , 0, 0, 0, 0, 0,
108,  1,  103,  109,  -1,  757, 735,  148.0,  21,  Nuc668710,  2667,  0, 0, 0, , 0, 0, 0, 0, 0,
109,  1,  104,  110,  -1,  725, 721,  155.0,  23,  Nuc673179,  2754,  0, 0, 0, , 0, 0, 0, 0, 0,
110,  1,  105,  111,  -1,  386, 821,  144.0,  21,  Nuc682043,  2598,  0, 0, 0, , 0, 0, 0, 0, 0,
111,  1,  106,  112,  -1,  347, 771,  145.0,  21,  Nuc682052,  1633,  0, 0, 0, , 0, 0, 0, 0, 0,
112,  1,  106,  113,  -1,  393, 740,  148.0,  21,  Nuc682063,  1133,  0, 0, 0, , 0, 0, 0, 0, 0,
113,  1,  107,  114,  -1,  414, 788,  145.0,  21,  Nuc685628,  1613,  0, 0, 0, , 0, 0, 0, 0, 0,
114,  1,  109,  115,  -1,  430, 868,  135.0,  21,  Nuc685652,  2062,  0, 0, 0, , 0, 0, 0, 0, 0,
115,  1,  110,  116,  -1,  336, 841,  128.0,  21,  Nuc694422,  1923,  0, 0, 0, , 0, 0, 0, 0, 0,
116,  1,  111,  117,  -1,  332, 839,  124.0,  21,  Nuc695080,  1923,  0, 0, 0, , 0, 0, 0, 0, 0,
117,  1,  112,  118,  -1,  906, 401,  123.0,  21,  Nuc701805,  2224,  0, 0, 0, , 0, 0, 0, 0, 0,
118,  1,  113,  119,  -1,  909, 450,  124.0,  21,  Nuc726371,  1991,  0, 0, 0, , 0, 0, 0, 0, 0,
119,  1,  114,  120,  -1,  900, 514,  124.0,  23,  Nuc727159,  2362,  0, 0, 0, , 0, 0, 0, 0, 0,
120,  1,  115,  121,  -1,  945, 492,  121.0,  21,  Nuc733887,  2192,  0, 0, 0, , 0, 0, 0, 0, 0,
121,  1,  116,  122,  -1,  834, 414,  129.0,  21,  Nuc736767,  2620,  0, 0, 0, , 0, 0, 0, 0, 0,
122,  1,  117,  123,  -1,  862, 422,  140.0,  23,  Nuc740812,  2575,  0, 0, 0, , 0, 0, 0, 0, 0,
123,  1,  118,  124,  -1,  839, 486,  135.0,  21,  Nuc744068,  1817,  0, 0, 0, , 0, 0, 0, 0, 0,
124,  1,  119,  125,  -1,  871, 513,  144.0,  21,  Nuc755975,  2492,  0, 0, 0, , 0, 0, 0, 0, 0,
125,  1,  120,  126,  -1,  754, 432,  134.0,  21,  Nuc765550,  1934,  0, 0, 0, , 0, 0, 0, 0, 0,
126,  1,  121,  127,  -1,  782, 473,  130.0,  21,  Nuc767127,  1965,  0, 0, 0, , 0, 0, 0, 0, 0,
127,  1,  122,  128,  -1,  719, 512,  145.0,  23,  Nuc777267,  2486,  0, 0, 0, , 0, 0, 0, 0, 0,
128,  1,  123,  129,  -1,  769, 531,  140.0,  21,  Nuc781769,  2022,  0, 0, 0, , 0, 0, 0, 0, 0,
129,  1,  124,  130,  -1,  794, 494,  159.0,  21,  Nuc781822,  2267,  0, 0, 0, , 0, 0, 0, 0, 0,
130,  1,  125,  131,  -1,  818, 461,  153.0,  21,  Nuc786030,  3033,  0, 0, 0, , 0, 0, 0, 0, 0,
131,  1,  126,  132,  -1,  748, 427,  160.0,  21,  Nuc787817,  2719,  0, 0, 0, , 0, 0, 0, 0, 0,
132,  1,  127,  133,  -1,  708, 456,  158.0,  21,  Nuc795079,  2927,  0, 0, 0, , 0, 0, 0, 0, 0,
133,  1,  128,  134,  -1,  803, 576,  136.0,  21,  Nuc799521,  2483,  0, 0, 0, , 0, 0, 0, 0, 0,
134,  1,  129,  135,  -1,  783, 613,  144.0,  21,  Nuc842566,  2996,  0, 0, 0, , 0, 0, 0, 0, 0,
135,  1,  130,  136,  -1,  873, 627,  141.0,  21,  Nuc846750,  2539,  0, 0, 0, , 0, 0, 0, 0, 0,
136,  1,  131,  137,  -1,  885, 585,  141.0,  21,  Nuc851351,  2429,  0, 0, 0, , 0, 0, 0, 0, 0,
137,  1,  132,  138,  -1,  839, 591,  127.0,  21,  Nuc855285,  2312,  0, 0, 0, , 0, 0, 0, 0, 0,
138,  1,  133,  139,  -1,  846, 540,  125.0,  21,  Nuc886390,  2656,  0, 0, 0, , 0, 0, 0, 0, 0,
139,  1,  134,  140,  -1,  915, 581,  118.0,  21,  Nuc895732,  2001,  0, 0, 0, , 0, 0, 0, 0, 0,
140,  1,  135,  141,  -1,  940, 575,  127.0,  23,  Nuc902807,  2251,  0, 0, 0, , 0, 0, 0, 0, 0,
141,  1,  136,  142,  -1,  978, 538,  109.0,  23,  Nuc906515,  1970,  0, 0, 0, , 0, 0, 0, 0, 0,
142,  1,  137,  143,  -1,  954, 516,  107.0,  23,  Nuc907615,  1850,  0, 0, 0, , 0, 0, 0, 0, 0,
143,  1,  138,  144,  -1,  736, 582,  130.0,  23,  Nuc911896,  3113,  0, 0, 0, , 0, 0, 0, 0, 0,
144,  1,  139,  145,  -1,  711, 598,  142.0,  21,  Nuc938587,  1807,  0, 0, 0, , 0, 0, 0, 0, 0,
145,  1,  140,  146,  -1,  758, 650,  160.0,  21,  Nuc952995,  3018,  0, 0, 0, , 0, 0, 0, 0, 0,
146,  1,  141,  147,  -1,  726, 619,  157.0,  21,  Nuc954590,  2928,  0, 0, 0, , 0, 0, 0, 0, 0,
147,  1,  142,  148,  -1,  821, 598,  155.0,  21,  Nuc966759,  3183,  0, 0, 0, , 0, 0, 0, 0, 0,
148,  1,  143,  149,  -1,  808, 561,  158.0,  23,  Nuc967908,  2781,  0, 0, 0, , 0, 0, 0, 0, 0,
149,  1,  144,  150,  -1,  517, 586,  147.0,  23,  Nuc1024114,  619,  0, 0, 0, , 0, 0, 0, 0, 0,
150,  1,  144,  151,  -1,  473, 602,  147.0,  21,  Nuc1056910,  1962,  0, 0, 0, , 0, 0, 0, 0, 0,
151,  1,  145,  152,  -1,  487, 584,  131.0,  21,  Nuc1056986,  1443,  0, 0, 0, , 0, 0, 0, 0, 0,
152,  1,  146,  153,  -1,  316, 761,  130.0,  21,  Nuc1057045,  2053,  0, 0, 0, , 0, 0, 0, 0, 0,
153,  1,  147,  154,  -1,  480, 729,  124.0,  21,  Nuc1057335,  1700,  0, 0, 0, , 0, 0, 0, 0, 0,
154,  1,  148,  155,  -1,  376, 750,  133.0,  21,  Nuc1057646,  871,  0, 0, 0, , 0, 0, 0, 0, 0,
155,  1,  149,  156,  -1,  462, 752,  134.0,  21,  Nuc1057666,  1598,  0, 0, 0, , 0, 0, 0, 0, 0,
156,  1,  150,  157,  -1,  445, 703,  143.0,  21,  Nuc1057733,  1268,  0, 0, 0, , 0, 0, 0, 0, 0,
157,  1,  151,  158,  -1,  481, 718,  149.0,  19,  Nuc1057751,  755,  0, 0, 0, , 0, 0, 0, 0, 0,
158,  1,  152,  159,  -1,  575, 647,  132.0,  23,  Nuc1057903,  2165,  0, 0, 0, , 0, 0, 0, 0, 0,
159,  1,  153,  160,  -1,  557, 655,  145.0,  21,  Nuc1062359,  2157,  0, 0, 0, , 0, 0, 0, 0, 0,
160,  1,  154,  161,  -1,  503, 667,  136.0,  23,  Nuc1091578,  853,  0, 0, 0, , 0, 0, 0, 0, 0,
161,  1,  154,  162,  -1,  542, 705,  135.0,  23,  Nuc1091580,  2776,  0, 0, 0, , 0, 0, 0, 0, 0,
162,  1,  155,  163,  -1,  546, 715,  124.0,  23,  Nuc1092023,  1945,  0, 0, 0, , 0, 0, 0, 0, 0,
163,  1,  156,  164,  -1,  618, 706,  140.0,  21,  Nuc1102206,  1782,  0, 0, 0, , 0, 0, 0, 0, 0,
164,  1,  157,  165,  -1,  628, 698,  128.0,  23,  Nuc1129011,  2067,  0, 0, 0, , 0, 0, 0, 0, 0,
165,  1,  158,  166,  -1,  591, 756,  120.0,  23,  Nuc1145040,  2444,  0, 0, 0, , 0, 0, 0, 0, 0,
166,  1,  159,  167,  -1,  605, 767,  132.0,  21,  Nuc1145213,  1940,  0, 0, 0, , 0, 0, 0, 0, 0,
167,  1,  160,  168,  -1,  496, 514,  131.0,  23,  Nuc1208194,  1658,  0, 0, 0, , 0, 0, 0, 0, 0,
168,  1,  161,  169,  -1,  558, 745,  145.0,  21,  Nuc1210611,  2239,  0, 0, 0, , 0, 0, 0, 0, 0,
169,  1,  162,  170,  -1,  560, 831,  147.0,  21,  Nuc1231740,  1854,  0, 0, 0, , 0, 0, 0, 0, 0,
170,  1,  163,  171,  -1,  550, 864,  139.0,  21,  Nuc1234859,  1812,  0, 0, 0, , 0, 0, 0, 0, 0,
171,  1,  164,  172,  -1,  466, 836,  148.0,  23,  Nuc1247449,  1983,  0, 0, 0, , 0, 0, 0, 0, 0,
172,  1,  165,  173,  -1,  486, 805,  138.0,  23,  Nuc1248914,  2050,  0, 0, 0, , 0, 0, 0, 0, 0,
173,  1,  166,  174,  -1,  512, 778,  154.0,  21,  Nuc1262368,  2192,  0, 0, 0, , 0, 0, 0, 0, 0,
174,  1,  167,  175,  -1,  483, 778,  163.0,  21,  Nuc1270013,  2189,  0, 0, 0, , 0, 0, 0, 0, 0,
175,  1,  168,  176,  -1,  660, 584,  133.0,  21,  Nuc1272762,  2818,  0, 0, 0, , 0, 0, 0, 0, 0,
176,  1,  169,  177,  -1,  659, 638,  133.0,  21,  Nuc1330320,  281,  0, 0, 0, , 0, 0, 0, 0, 0,
177,  1,  170,  -1,  -1,  622, 648,  150.0,  19,  Nuc1335646,  1172,  0, 0, 0, , 0, 0, 0, 0, 0,
178,  1,  171,  -1,  -1,  682, 581,  157.0,  21,  Nuc1335649,  3941,  0, 0, 0, , 0, 0, 0, 0, 0,
179,  1,  171,  178,  -1,  651, 608,  151.0,  21,  Nuc1335650,  2524,  0, 0, 0, , 0, 0, 0, 0, 0,
180,  1,  172,  179,  -1,  580, 587,  141.0,  21,  Nuc1336670,  2750,  0, 0, 0, , 0, 0, 0, 0, 0,
181,  1,  173,  180,  -1,  549, 554,  134.0,  21,  Nuc1344439,  1285,  0, 0, 0, , 0, 0, 0, 0, 0,
182,  1,  174,  181,  -1,  644, 501,  134.0,  21,  Nuc1390585,  2873,  0, 0, 0, , 0, 0, 0, 0, 0,
183,  1,  175,  -1,  -1,  605, 531,  138.0,  21,  Nuc1418658,  1854,  0, 0, 0, , 0, 0, 0, 0, 0,
184,  1,  176,  182,  -1,  470, 394,  146.0,  21,  Nuc1418781,  1937,  0, 0, 0, , 0, 0, 0, 0, 0,
185,  1,  177,  -1,  -1,  490, 541,  143.0,  21,  Nuc1418858,  571,  0, 0, 0, , 0, 0, 0, 0, 0,
186,  1,  178,  183,  184,  403, 530,  151.0,  21,  Nuc1418861,  1931,  0, 0, 0, , 0, 0, 0, 0, 0,
187,  1,  179,  185,  -1,  422, 529,  175.0,  21,  Nuc1419092,  579,  0, 0, 0, , 0, 0, 0, 0, 0,
188,  1,  179,  186,  -1,  430, 567,  168.0,  21,  Nuc1419538,  1921,  0, 0, 0, , 0, 0, 0, 0, 0,
189,  1,  180,  -1,  -1,  481, 556,  168.0,  19,  Nuc1426604,  1069,  0, 0, 0, , 0, 0, 0, 0, 0,
190,  1,  181,  187,  -1,  448, 462,  129.0,  25,  Nuc1426673,  1314,  0, 0, 0, , 0, 0, 0, 0, 0,
191,  1,  183,  188,  -1,  601, 457,  131.0,  21,  Nuc1431507,  2064,  0, 0, 0, , 0, 0, 0, 0, 0,
192,  1,  185,  189,  -1,  551, 469,  132.0,  21,  Nuc1453045,  2599,  0, 0, 0, , 0, 0, 0, 0, 0,
193,  1,  186,  190,  -1,  457, 519,  156.0,  23,  Nuc1468256,  4180,  0, 0, 0, , 0, 0, 0, 0, 0,
194,  1,  187,  191,  -1,  501, 483,  142.0,  21,  Nuc1476750,  1296,  0, 0, 0, , 0, 0, 0, 0, 0,
195,  1,  188,  192,  -1,  466, 453,  145.0,  23,  Nuc1483152,  1020,  0, 0, 0, , 0, 0, 0, 0, 0,
196,  1,  190,  193,  -1,  373, 385,  168.0,  19,  Nuc1483226,  1550,  0, 0, 0, , 0, 0, 0, 0, 0,
197,  1,  191,  194,  -1,  340, 372,  170.0,  21,  Nuc1492362,  2197,  0, 0, 0, , 0, 0, 0, 0, 0,
198,  1,  192,  195,  -1,  285, 455,  169.0,  21,  Nuc1492469,  1432,  0, 0, 0, , 0, 0, 0, 0, 0,
199,  1,  193,  196,  -1,  422, 390,  176.0,  21,  Nuc1493004,  2146,  0, 0, 0, , 0, 0, 0, 0, 0,
200,  1,  194,  -1,  -1,  332, 404,  157.0,  21,  Nuc1493152,  743,  0, 0, 0, , 0, 0, 0, 0, 0,
201,  1,  195,  197,  198,  380, 432,  157.0,  21,  Nuc1493154,  1447,  0, 0, 0, , 0, 0, 0, 0, 0,
202,  1,  196,  199,  -1,  455, 309,  167.0,  21,  Nuc1493226,  1888,  0, 0, 0, , 0, 0, 0, 0, 0,
203,  1,  197,  200,  -1,  345, 339,  159.0,  21,  Nuc1493597,  514,  0, 0, 0, , 0, 0, 0, 0, 0,
204,  1,  198,  201,  -1,  400, 327,  163.0,  21,  Nuc1493766,  1971,  0, 0, 0, , 0, 0, 0, 0, 0,
205,  1,  199,  202,  -1,  414, 374,  157.0,  21,  Nuc1494668,  1828,  0, 0, 0, , 0, 0, 0, 0, 0,
206,  1,  200,  203,  -1,  342, 263,  139.0,  21,  Nuc1494722,  230,  0, 0, 0, , 0, 0, 0, 0, 0,
207,  1,  200,  204,  -1,  365, 283,  151.0,  21,  Nuc1496165,  2141,  0, 0, 0, , 0, 0, 0, 0, 0,
208,  1,  201,  205,  -1,  387, 318,  142.0,  21,  Nuc1496178,  1688,  0, 0, 0, , 0, 0, 0, 0, 0,
209,  1,  202,  206,  -1,  429, 261,  156.0,  21,  Nuc1496368,  1519,  0, 0, 0, , 0, 0, 0, 0, 0,
210,  1,  203,  207,  -1,  422, 225,  147.0,  23,  Nuc1497054,  1920,  0, 0, 0, , 0, 0, 0, 0, 0,
211,  1,  204,  208,  -1,  662, 309,  154.0,  21,  Nuc1500728,  2522,  0, 0, 0, , 0, 0, 0, 0, 0,
212,  1,  205,  209,  -1,  639, 343,  163.0,  21,  Nuc1503359,  2281,  0, 0, 0, , 0, 0, 0, 0, 0,
213,  1,  206,  210,  -1,  613, 401,  154.0,  21,  Nuc1508339,  2070,  0, 0, 0, , 0, 0, 0, 0, 0,
214,  1,  207,  211,  -1,  654, 380,  144.0,  23,  Nuc1510124,  2482,  0, 0, 0, , 0, 0, 0, 0, 0,
215,  1,  208,  212,  -1,  586, 407,  133.0,  21,  Nuc1514871,  611,  0, 0, 0, , 0, 0, 0, 0, 0,
216,  1,  209,  213,  -1,  540, 404,  142.0,  23,  Nuc1514892,  2047,  0, 0, 0, , 0, 0, 0, 0, 0,
217,  1,  210,  214,  -1,  631, 336,  128.0,  23,  Nuc1545764,  1688,  0, 0, 0, , 0, 0, 0, 0, 0,
218,  1,  211,  215,  -1,  604, 333,  140.0,  21,  Nuc1551428,  1355,  0, 0, 0, , 0, 0, 0, 0, 0,
219,  1,  212,  216,  -1,  473, 323,  150.0,  21,  Nuc1553364,  2685,  0, 0, 0, , 0, 0, 0, 0, 0,
220,  1,  213,  217,  -1,  525, 321,  140.0,  21,  Nuc1560731,  1856,  0, 0, 0, , 0, 0, 0, 0, 0,
221,  1,  214,  218,  -1,  545, 268,  149.0,  21,  Nuc1572632,  2523,  0, 0, 0, , 0, 0, 0, 0, 0,
222,  1,  215,  219,  -1,  517, 235,  152.0,  21,  Nuc1575654,  1732,  0, 0, 0, , 0, 0, 0, 0, 0,
223,  1,  216,  220,  -1,  588, 287,  159.0,  21,  Nuc1577616,  1975,  0, 0, 0, , 0, 0, 0, 0, 0,
224,  1,  217,  221,  -1,  574, 325,  165.0,  21,  Nuc1581749,  2104,  0, 0, 0, , 0, 0, 0, 0, 0,
225,  1,  218,  222,  -1,  462, 361,  172.0,  21,  Nuc1584286,  1995,  0, 0, 0, , 0, 0, 0, 0, 0,
226,  1,  219,  223,  -1,  507, 326,  166.0,  21,  Nuc1584411,  2396,  0, 0, 0, , 0, 0, 0, 0, 0,
227,  1,  220,  224,  -1,  644, 460,  153.0,  21,  Nuc1584585,  2159,  0, 0, 0, , 0, 0, 0, 0, 0,
228,  1,  221,  225,  -1,  649, 455,  141.0,  21,  Nuc1602909,  2398,  0, 0, 0, , 0, 0, 0, 0, 0,
229,  1,  222,  226,  -1,  705, 436,  134.0,  21,  Nuc1622757,  2489,  0, 0, 0, , 0, 0, 0, 0, 0,
230,  1,  223,  227,  -1,  663, 410,  131.0,  21,  Nuc1639841,  2393,  0, 0, 0, , 0, 0, 0, 0, 0,
231,  1,  224,  228,  -1,  646, 529,  165.0,  21,  Nuc1640576,  3981,  0, 0, 0, , 0, 0, 0, 0, 0,
232,  1,  225,  229,  -1,  637, 518,  148.0,  23,  Nuc1643523,  4505,  0, 0, 0, , 0, 0, 0, 0, 0,
233,  1,  226,  230,  -1,  669, 559,  157.0,  21,  Nuc1703093,  3951,  0, 0, 0, , 0, 0, 0, 0, 0,
234,  1,  227,  231,  232,  667, 553,  142.0,  23,  Nuc1707954,  5777,  0, 0, 0, , 0, 0, 0, 0, 0,
235,  1,  228,  233,  234,  526, 545,  155.0,  21,  Nuc1740618,  1580,  0, 0, 0, , 0, 0, 0, 0, 0,
236,  1,  229,  235,  -1,  565, 539,  150.0,  21,  Nuc1754955,  2592,  0, 0, 0, , 0, 0, 0, 0, 0,
237,  1,  230,  236,  -1,  549, 587,  153.0,  21,  Nuc1755546,  2253,  0, 0, 0, , 0, 0, 0, 0, 0,
238,  1,  231,  237,  -1,  521, 481,  173.0,  23,  Nuc1759763,  3354,  0, 0, 0, , 0, 0, 0, 0, 0,
239,  1,  232,  238,  -1,  478, 507,  176.0,  21,  Nuc1763414,  3227,  0, 0, 0, , 0, 0, 0, 0, 0,
240,  1,  233,  239,  -1,  438, 487,  170.0,  19,  Nuc1763559,  1563,  0, 0, 0, , 0, 0, 0, 0, 0,
241,  1,  234,  240,  -1,  482, 446,  168.0,  21,  Nuc1763579,  4540,  0, 0, 0, , 0, 0, 0, 0, 0,
242,  1,  235,  241,  -1,  434, 423,  165.0,  21,  Nuc1765082,  2907,  0, 0, 0, , 0, 0, 0, 0, 0,
243,  1,  236,  242,  -1,  500, 497,  162.0,  21,  Nuc1772016,  3640,  0, 0, 0, , 0, 0, 0, 0, 0,
244,  1,  237,  243,  -1,  476, 578,  159.0,  21,  Nuc1773071,  592,  0, 0, 0, , 0, 0, 0, 0, 0,
245,  1,  238,  244,  -1,  429, 730,  166.0,  21,  Nuc1773177,  2698,  0, 0, 0, , 0, 0, 0, 0, 0,
246,  1,  240,  245,  -1,  405, 686,  159.0,  21,  Nuc1783534,  2187,  0, 0, 0, , 0, 0, 0, 0, 0,
247,  1,  241,  246,  -1,  341, 594,  162.0,  21,  Nuc1784079,  1621,  0, 0, 0, , 0, 0, 0, 0, 0,
248,  1,  242,  247,  -1,  308, 624,  156.0,  23,  Nuc1784097,  2004,  0, 0, 0, , 0, 0, 0, 0, 0,
249,  1,  243,  248,  -1,  354, 708,  165.0,  21,  Nuc1784112,  1395,  0, 0, 0, , 0, 0, 0, 0, 0,
250,  1,  244,  249,  -1,  316, 706,  158.0,  21,  Nuc1784491,  1654,  0, 0, 0, , 0, 0, 0, 0, 0,
251,  1,  245,  250,  251,  426, 613,  168.0,  19,  Nuc1785265,  475,  0, 0, 0, , 0, 0, 0, 0, 0,
252,  1,  246,  252,  -1,  355, 613,  175.0,  21,  Nuc1793839,  1626,  0, 0, 0, , 0, 0, 0, 0, 0,
253,  1,  247,  253,  -1,  374, 656,  173.0,  21,  Nuc1793854,  2024,  0, 0, 0, , 0, 0, 0, 0, 0,
254,  1,  248,  254,  -1,  462, 422,  180.0,  21,  Nuc1794120,  2696,  0, 0, 0, , 0, 0, 0, 0, 0,
255,  1,  249,  255,  -1,  545, 419,  178.0,  21,  Nuc1794463,  2601,  0, 0, 0, , 0, 0, 0, 0, 0,
256,  1,  250,  256,  -1,  532, 375,  174.0,  21,  Nuc1795176,  2895,  0, 0, 0, , 0, 0, 0, 0, 0,
257,  1,  251,  257,  -1,  619, 469,  170.0,  21,  Nuc1800328,  3564,  0, 0, 0, , 0, 0, 0, 0, 0,
258,  1,  252,  258,  -1,  622, 430,  175.0,  21,  Nuc1842019,  2633,  0, 0, 0, , 0, 0, 0, 0, 0,
259,  1,  253,  259,  -1,  701, 383,  163.0,  21,  Nuc1848872,  2980,  0, 0, 0, , 0, 0, 0, 0, 0,
260,  1,  254,  260,  -1,  680, 420,  168.0,  21,  Nuc1849838,  2932,  0, 0, 0, , 0, 0, 0, 0, 0,
261,  1,  255,  261,  -1,  646, 515,  177.0,  21,  Nuc1850302,  3026,  0, 0, 0, , 0, 0, 0, 0, 0,
262,  1,  256,  262,  -1,  679, 477,  174.0,  21,  Nuc1850848,  2789,  0, 0, 0, , 0, 0, 0, 0, 0,
263,  1,  256,  263,  264,  688, 504,  168.0,  21,  Nuc1851806,  3465,  0, 0, 0, , 0, 0, 0, 0, 0,
264,  1,  257,  265,  -1,  745, 500,  168.0,  21,  Nuc1858784,  5347,  0, 0, 0, , 0, 0, 0, 0, 0,
265,  1,  258,  266,  -1,  627, 591,  169.0,  21,  Nuc1862216,  3707,  0, 0, 0, , 0, 0, 0, 0, 0,
266,  1,  259,  267,  -1,  671, 581,  174.0,  23,  Nuc1863102,  2492,  0, 0, 0, , 0, 0, 0, 0, 0,
267,  1,  260,  268,  -1,  729, 547,  161.0,  21,  Nuc1867428,  5942,  0, 0, 0, , 0, 0, 0, 0, 0,
268,  1,  261,  269,  -1,  739, 579,  168.0,  21,  Nuc1868194,  5306,  0, 0, 0, , 0, 0, 0, 0, 0,
269,  1,  262,  270,  -1,  463, 690,  177.0,  21,  Nuc1869390,  1810,  0, 0, 0, , 0, 0, 0, 0, 0,
270,  1,  263,  271,  -1,  421, 680,  177.0,  21,  Nuc1869767,  2228,  0, 0, 0, , 0, 0, 0, 0, 0,
271,  1,  264,  272,  -1,  623, 715,  168.0,  21,  Nuc1869997,  3309,  0, 0, 0, , 0, 0, 0, 0, 0,
272,  1,  265,  273,  -1,  591, 703,  158.0,  21,  Nuc1871452,  2726,  0, 0, 0, , 0, 0, 0, 0, 0,
273,  1,  266,  274,  -1,  612, 779,  158.0,  21,  Nuc1876957,  2526,  0, 0, 0, , 0, 0, 0, 0, 0,
274,  1,  267,  275,  -1,  570, 765,  162.0,  21,  Nuc1880443,  2697,  0, 0, 0, , 0, 0, 0, 0, 0,
275,  1,  268,  276,  -1,  526, 668,  178.0,  21,  Nuc1883041,  2624,  0, 0, 0, , 0, 0, 0, 0, 0,
276,  1,  269,  277,  -1,  565, 673,  173.0,  21,  Nuc1886226,  2704,  0, 0, 0, , 0, 0, 0, 0, 0,
277,  1,  270,  278,  -1,  499, 731,  172.0,  21,  Nuc1889456,  2950,  0, 0, 0, , 0, 0, 0, 0, 0,
278,  1,  271,  279,  -1,  544, 733,  171.0,  21,  Nuc1890963,  2608,  0, 0, 0, , 0, 0, 0, 0, 0,
279,  1,  272,  280,  -1,  629, 654,  172.0,  21,  Nuc1892153,  2860,  0, 0, 0, , 0, 0, 0, 0, 0,
280,  1,  273,  281,  -1,  679, 657,  168.0,  21,  Nuc1918891,  3384,  0, 0, 0, , 0, 0, 0, 0, 0,
281,  1,  274,  282,  -1,  577, 624,  178.0,  21,  Nuc1921282,  2735,  0, 0, 0, , 0, 0, 0, 0, 0,
282,  1,  275,  283,  -1,  574, 584,  180.0,  21,  Nuc1921405,  2353,  0, 0, 0, , 0, 0, 0, 0, 0,
283,  1,  276,  284,  -1,  578, 471,  180.0,  21,  Nuc1922080,  2641,  0, 0, 0, , 0, 0, 0, 0, 0,
284,  1,  277,  285,  -1,  628, 552,  178.0,  21,  Nuc1922180,  3102,  0, 0, 0, , 0, 0, 0, 0, 0,
285,  1,  278,  286,  -1,  499, 596,  184.0,  21,  Nuc1923296,  2876,  0, 0, 0, , 0, 0, 0, 0, 0,
286,  1,  279,  287,  -1,  446, 636,  181.0,  21,  Nuc1924235,  2842,  0, 0, 0, , 0, 0, 0, 0, 0,
287,  1,  280,  288,  -1,  433, 595,  183.0,  21,  Nuc1934129,  3066,  0, 0, 0, , 0, 0, 0, 0, 0,
288,  1,  281,  289,  -1,  470, 668,  164.0,  21,  Nuc1934270,  2429,  0, 0, 0, , 0, 0, 0, 0, 0,
289,  1,  282,  290,  -1,  515, 634,  158.0,  21,  Nuc1942125,  1843,  0, 0, 0, , 0, 0, 0, 0, 0,
290,  1,  282,  291,  -1,  460, 646,  154.0,  21,  Nuc1943189,  2524,  0, 0, 0, , 0, 0, 0, 0, 0,
291,  1,  283,  292,  -1,  520, 693,  159.0,  21,  Nuc1943223,  2507,  0, 0, 0, , 0, 0, 0, 0, 0,
292,  1,  284,  293,  -1,  526, 589,  168.0,  21,  Nuc1950056,  2608,  0, 0, 0, , 0, 0, 0, 0, 0,
293,  1,  285,  294,  -1,  484, 603,  172.0,  21,  Nuc1950322,  3022,  0, 0, 0, , 0, 0, 0, 0, 0,
294,  1,  286,  295,  -1,  407, 543,  186.0,  23,  Nuc1953734,  1033,  0, 0, 0, , 0, 0, 0, 0, 0,
295,  1,  287,  296,  -1,  389, 467,  183.0,  21,  Nuc1954705,  1764,  0, 0, 0, , 0, 0, 0, 0, 0,
296,  1,  288,  297,  -1,  495, 549,  185.0,  21,  Nuc1954939,  1992,  0, 0, 0, , 0, 0, 0, 0, 0,
297,  1,  289,  298,  -1,  572, 515,  182.0,  21,  Nuc1955376,  2921,  0, 0, 0, , 0, 0, 0, 0, 0,
298,  1,  290,  -1,  -1,  510, 532,  175.0,  21,  Nuc1967343,  1495,  0, 0, 0, , 0, 0, 0, 0, 0,
299,  1,  291,  299,  -1,  540, 556,  181.0,  21,  Nuc1967346,  2989,  0, 0, 0, , 0, 0, 0, 0, 0,
300,  1,  292,  300,  -1,  513, 467,  183.0,  23,  Nuc1968438,  2339,  0, 0, 0, , 0, 0, 0, 0, 0,
301,  1,  293,  301,  -1,  449, 505,  186.0,  23,  Nuc1968600,  2413,  0, 0, 0, , 0, 0, 0, 0, 0,
302,  1,  294,  302,  -1,  580, 624,  159.0,  21,  Nuc1968837,  4191,  0, 0, 0, , 0, 0, 0, 0, 0,
303,  1,  295,  303,  -1,  590, 528,  169.0,  21,  Nuc2004961,  2855,  0, 0, 0, , 0, 0, 0, 0, 0,
304,  1,  296,  304,  -1,  593, 570,  158.0,  21,  Nuc2006232,  2592,  0, 0, 0, , 0, 0, 0, 0, 0,
305,  1,  297,  305,  -1,  399, 761,  161.0,  23,  Nuc2009245,  2186,  0, 0, 0, , 0, 0, 0, 0, 0,
306,  1,  298,  306,  -1,  549, 501,  162.0,  21,  Nuc2012785,  3104,  0, 0, 0, , 0, 0, 0, 0, 0,
307,  1,  299,  307,  -1,  521, 369,  156.0,  21,  Nuc2021744,  1283,  0, 0, 0, , 0, 0, 0, 0, 0,
308,  1,  300,  308,  -1,  559, 408,  162.0,  21,  Nuc2024297,  3795,  0, 0, 0, , 0, 0, 0, 0, 0,
309,  1,  301,  309,  -1,  518, 441,  157.0,  23,  Nuc2034642,  2841,  0, 0, 0, , 0, 0, 0, 0, 0,
310,  1,  302,  310,  -1,  568, 459,  164.0,  21,  Nuc2034685,  3332,  0, 0, 0, , 0, 0, 0, 0, 0,
311,  1,  303,  311,  -1,  653, 519,  161.0,  23,  Nuc2034832,  1218,  0, 0, 0, , 0, 0, 0, 0, 0,
312,  1,  303,  312,  -1,  600, 507,  158.0,  21,  Nuc2054036,  2972,  0, 0, 0, , 0, 0, 0, 0, 0,
313,  1,  304,  313,  314,  338, 479,  150.0,  21,  Nuc2064295,  1429,  0, 0, 0, , 0, 0, 0, 0, 0,
314,  1,  305,  315,  316,  315, 666,  145.0,  21,  Nuc2064574,  864,  0, 0, 0, , 0, 0, 0, 0, 0,
315,  1,  305,  317,  318,  314, 715,  141.0,  21,  Nuc2064656,  1518,  0, 0, 0, , 0, 0, 0, 0, 0,
316,  1,  306,  319,  -1,  260, 642,  156.0,  21,  Nuc2064714,  2231,  0, 0, 0, , 0, 0, 0, 0, 0,
317,  1,  307,  320,  321,  462, 338,  129.0,  21,  Nuc2064816,  1486,  0, 0, 0, , 0, 0, 0, 0, 0,
318,  1,  308,  322,  -1,  380, 379,  139.0,  21,  Nuc2070283,  1542,  0, 0, 0, , 0, 0, 0, 0, 0,
319,  1,  308,  323,  -1,  372, 432,  138.0,  21,  Nuc2070299,  1097,  0, 0, 0, , 0, 0, 0, 0, 0,
320,  1,  310,  324,  -1,  387, 361,  125.0,  23,  Nuc2070309,  1799,  0, 0, 0, , 0, 0, 0, 0, 0,
321,  1,  311,  325,  326,  299, 567,  169.0,  21,  Nuc2070367,  1502,  0, 0, 0, , 0, 0, 0, 0, 0,
322,  1,  312,  -1,  -1,  276, 592,  162.0,  21,  Nuc2070713,  1588,  0, 0, 0, , 0, 0, 0, 0, 0,
323,  1,  315,  327,  -1,  380, 893,  106.0,  19,  Nuc2070781,  1595,  0, 0, 0, , 0, 0, 0, 0, 0,
324,  1,  316,  328,  -1,  376, 917,  94.0,  21,  Nuc2080665,  1021,  0, 0, 0, , 0, 0, 0, 0, 0,
325,  1,  317,  329,  330,  415, 642,  141.0,  21,  Nuc2080724,  1998,  0, 0, 0, , 0, 0, 0, 0, 0,
326,  1,  319,  331,  -1,  342, 717,  126.0,  21,  Nuc2080756,  1124,  0, 0, 0, , 0, 0, 0, 0, 0,
327,  1,  320,  332,  -1,  374, 690,  138.0,  21,  Nuc2080766,  1502,  0, 0, 0, , 0, 0, 0, 0, 0,
328,  1,  321,  333,  -1,  247, 347,  146.0,  21,  Nuc2080837,  1330,  0, 0, 0, , 0, 0, 0, 0, 0,
329,  1,  322,  334,  -1,  208, 399,  143.0,  21,  Nuc2081033,  2048,  0, 0, 0, , 0, 0, 0, 0, 0,
330,  1,  323,  335,  -1,  297, 524,  172.0,  21,  Nuc2081063,  227,  0, 0, 0, , 0, 0, 0, 0, 0,
331,  1,  324,  336,  337,  308, 483,  163.0,  19,  Nuc2081291,  941,  0, 0, 0, , 0, 0, 0, 0, 0,
332,  1,  325,  338,  -1,  414, 867,  119.0,  19,  Nuc2084900,  1399,  0, 0, 0, , 0, 0, 0, 0, 0,
333,  1,  326,  339,  -1,  377, 879,  117.0,  21,  Nuc2087957,  1274,  0, 0, 0, , 0, 0, 0, 0, 0,
334,  1,  327,  340,  -1,  227, 616,  147.0,  21,  Nuc2088470,  927,  0, 0, 0, , 0, 0, 0, 0, 0,
335,  1,  327,  -1,  -1,  227, 617,  141.0,  21,  Nuc2088474,  639,  0, 0, 0, , 0, 0, 0, 0, 0,
336,  1,  328,  341,  -1,  355, 447,  171.0,  21,  Nuc2088511,  1060,  0, 0, 0, , 0, 0, 0, 0, 0,
337,  1,  331,  342,  -1,  426, 697,  126.0,  21,  Nuc2088785,  1548,  0, 0, 0, , 0, 0, 0, 0, 0,
338,  1,  332,  343,  -1,  537, 777,  133.0,  21,  Nuc2088804,  1865,  0, 0, 0, , 0, 0, 0, 0, 0,
339,  1,  334,  344,  -1,  333, 209,  125.0,  21,  Nuc2132774,  1162,  0, 0, 0, , 0, 0, 0, 0, 0,
340,  1,  335,  345,  346,  355, 552,  140.0,  21,  Nuc2132777,  1429,  0, 0, 0, , 0, 0, 0, 0, 0,
341,  1,  337,  347,  -1,  283, 522,  155.0,  21,  Nuc2132886,  1035,  0, 0, 0, , 0, 0, 0, 0, 0,
342,  1,  338,  348,  -1,  239, 496,  157.0,  21,  Nuc2134964,  639,  0, 0, 0, , 0, 0, 0, 0, 0,
343,  1,  -1,  349,  -1,  466, 650,  128.0,  23,  Nuc2134981,  1699,  0, 0, 0, , 0, 0, 0, 0, 0,
344,  1,  -1,  350,  -1,  240, 676,  141.0,  21,  Nuc2160205,  726,  0, 0, 0, , 0, 0, 0, 0, 0,
345,  1,  -1,  351,  -1,  324, 410,  141.0,  21,  Nuc2160207,  485,  0, 0, 0, , 0, 0, 0, 0, 0,
346,  1,  -1,  352,  -1,  330, 351,  146.0,  21,  Nuc2160602,  1102,  0, 0, 0, , 0, 0, 0, 0, 0,
