1,  1,  1,  1,  -1,  542, 968,  85.0,  21,  Nuc60,  1001,  0, 0, 0, , 0, 0, 0, 0, 0,
2,  1,  2,  2,  -1,  513, 951,  90.0,  21,  Nuc5276,  1494,  0, 0, 0, , 0, 0, 0, 0, 0,
3,  1,  4,  3,  -1,  442, 950,  87.0,  21,  Nuc7229,  1401,  0, 0, 0, , 0, 0, 0, 0, 0,
4,  1,  5,  4,  -1,  444, 854,  107.0,  21,  Nuc9518,  1358,  0, 0, 0, , 0, 0, 0, 0, 0,
5,  1,  6,  5,  -1,  482, 878,  103.0,  21,  Nuc24143,  1250,  0, 0, 0, , 0, 0, 0, 0, 0,
6,  1,  7,  6,  -1,  435, 926,  105.0,  19,  Nuc26080,  1750,  0, 0, 0, , 0, 0, 0, 0, 0,
7,  1,  8,  7,  -1,  471, 933,  105.0,  19,  Nuc28673,  1071,  0, 0, 0, , 0, 0, 0, 0, 0,
8,  1,  9,  8,  -1,  762, 899,  91.0,  21,  Nuc29667,  1400,  0, 0, 0, , 0, 0, 0, 0, 0,
9,  1,  10,  9,  -1,  732, 913,  96.0,  21,  Nuc34353,  1592,  0, 0, 0, , 0, 0, 0, 0, 0,
10,  1,  11,  10,  -1,  681, 896,  111.0,  21,  Nuc37578,  1825,  0, 0, 0, , 0, 0, 0, 0, 0,
11,  1,  12,  11,  -1,  661, 856,  108.0,  21,  Nuc40141,  1966,  0, 0, 0, , 0, 0, 0, 0, 0,
12,  1,  13,  12,  -1,  622, 910,  103.0,  21,  Nuc47882,  1401,  0, 0, 0, , 0, 0, 0, 0, 0,
13,  1,  14,  13,  -1,  601, 946,  98.0,  21,  Nuc49700,  1576,  0, 0, 0, , 0, 0, 0, 0, 0,
14,  1,  15,  14,  -1,  674, 946,  87.0,  21,  Nuc51553,  1427,  0, 0, 0, , 0, 0, 0, 0, 0,
15,  1,  16,  15,  -1,  643, 959,  86.0,  21,  Nuc61172,  1122,  0, 0, 0, , 0, 0, 0, 0, 0,
16,  1,  17,  16,  -1,  617, 839,  122.0,  21,  Nuc63979,  1843,  0, 0, 0, , 0, 0, 0, 0, 0,
17,  1,  18,  17,  -1,  627, 870,  130.0,  23,  Nuc63999,  1613,  0, 0, 0, , 0, 0, 0, 0, 0,
18,  1,  19,  18,  -1,  559, 824,  126.0,  21,  Nuc65771,  1660,  0, 0, 0, , 0, 0, 0, 0, 0,
19,  1,  20,  19,  -1,  523, 924,  103.0,  21,  Nuc69340,  1673,  0, 0, 0, , 0, 0, 0, 0, 0,
20,  1,  21,  20,  -1,  549, 881,  103.0,  21,  Nuc70666,  1711,  0, 0, 0, , 0, 0, 0, 0, 0,
21,  1,  22,  21,  -1,  574, 870,  114.0,  21,  Nuc73723,  1315,  0, 0, 0, , 0, 0, 0, 0, 0,
22,  1,  23,  22,  -1,  590, 918,  114.0,  21,  Nuc88076,  1401,  0, 0, 0, , 0, 0, 0, 0, 0,
23,  1,  24,  23,  -1,  511, 786,  116.0,  21,  Nuc90591,  1809,  0, 0, 0, , 0, 0, 0, 0, 0,
24,  1,  25,  24,  -1,  440, 792,  123.0,  23,  Nuc102438,  301,  0, 0, 0, , 0, 0, 0, 0, 0,
25,  1,  25,  25,  -1,  489, 823,  124.0,  21,  Nuc102456,  1734,  0, 0, 0, , 0, 0, 0, 0, 0,
26,  1,  27,  26,  -1,  510, 870,  116.0,  21,  Nuc144313,  1748,  0, 0, 0, , 0, 0, 0, 0, 0,
27,  1,  28,  27,  -1,  537, 908,  120.0,  21,  Nuc146046,  1620,  0, 0, 0, , 0, 0, 0, 0, 0,
28,  1,  29,  28,  -1,  466, 902,  121.0,  21,  Nuc146846,  1502,  0, 0, 0, , 0, 0, 0, 0, 0,
29,  1,  30,  29,  -1,  485, 884,  129.0,  21,  Nuc148357,  1945,  0, 0, 0, , 0, 0, 0, 0, 0,
30,  1,  31,  30,  -1,  294, 293,  149.0,  21,  Nuc152817,  1267,  0, 0, 0, , 0, 0, 0, 0, 0,
31,  1,  32,  31,  -1,  659, 790,  121.0,  21,  Nuc152906,  2113,  0, 0, 0, , 0, 0, 0, 0, 0,
32,  1,  33,  32,  -1,  690, 755,  127.0,  21,  Nuc170116,  1685,  0, 0, 0, , 0, 0, 0, 0, 0,
33,  1,  34,  33,  -1,  690, 861,  122.0,  21,  Nuc173379,  2067,  0, 0, 0, , 0, 0, 0, 0, 0,
34,  1,  35,  34,  -1,  723, 839,  127.0,  21,  Nuc182353,  2405,  0, 0, 0, , 0, 0, 0, 0, 0,
35,  1,  36,  35,  -1,  700, 775,  145.0,  21,  Nuc190561,  2187,  0, 0, 0, , 0, 0, 0, 0, 0,
36,  1,  37,  36,  -1,  657, 760,  149.0,  21,  Nuc200240,  2365,  0, 0, 0, , 0, 0, 0, 0, 0,
37,  1,  38,  37,  -1,  652, 834,  141.0,  21,  Nuc205694,  2469,  0, 0, 0, , 0, 0, 0, 0, 0,
38,  1,  39,  38,  -1,  609, 818,  142.0,  21,  Nuc208527,  2279,  0, 0, 0, , 0, 0, 0, 0, 0,
39,  1,  40,  39,  -1,  804, 761,  116.0,  21,  Nuc209759,  1723,  0, 0, 0, , 0, 0, 0, 0, 0,
40,  1,  41,  40,  -1,  846, 783,  114.0,  21,  Nuc214926,  1824,  0, 0, 0, , 0, 0, 0, 0, 0,
41,  1,  42,  41,  -1,  866, 807,  96.0,  23,  Nuc215655,  1834,  0, 0, 0, , 0, 0, 0, 0, 0,
42,  1,  43,  42,  -1,  849, 836,  99.0,  23,  Nuc220658,  1815,  0, 0, 0, , 0, 0, 0, 0, 0,
43,  1,  44,  43,  -1,  779, 808,  121.0,  21,  Nuc230374,  1924,  0, 0, 0, , 0, 0, 0, 0, 0,
44,  1,  45,  44,  -1,  741, 780,  117.0,  21,  Nuc230671,  2126,  0, 0, 0, , 0, 0, 0, 0, 0,
45,  1,  46,  45,  -1,  744, 872,  113.0,  21,  Nuc248269,  2052,  0, 0, 0, , 0, 0, 0, 0, 0,
46,  1,  47,  46,  -1,  785, 857,  110.0,  21,  Nuc249170,  2005,  0, 0, 0, , 0, 0, 0, 0, 0,
47,  1,  48,  47,  -1,  787, 201,  106.0,  23,  Nuc251880,  1688,  0, 0, 0, , 0, 0, 0, 0, 0,
48,  1,  49,  48,  -1,  820, 222,  100.0,  21,  Nuc255955,  1668,  0, 0, 0, , 0, 0, 0, 0, 0,
49,  1,  50,  49,  -1,  665, 196,  111.0,  21,  Nuc260709,  1802,  0, 0, 0, , 0, 0, 0, 0, 0,
50,  1,  51,  50,  -1,  696, 167,  106.0,  21,  Nuc261252,  1125,  0, 0, 0, , 0, 0, 0, 0, 0,
51,  1,  52,  51,  -1,  687, 211,  132.0,  23,  Nuc264753,  1566,  0, 0, 0, , 0, 0, 0, 0, 0,
52,  1,  53,  52,  -1,  640, 241,  125.0,  21,  Nuc268193,  2251,  0, 0, 0, , 0, 0, 0, 0, 0,
53,  1,  54,  53,  -1,  632, 190,  124.0,  21,  Nuc271234,  1836,  0, 0, 0, , 0, 0, 0, 0, 0,
54,  1,  55,  54,  -1,  712, 200,  124.0,  21,  Nuc272777,  1440,  0, 0, 0, , 0, 0, 0, 0, 0,
55,  1,  56,  55,  -1,  578, 286,  132.0,  21,  Nuc274981,  1567,  0, 0, 0, , 0, 0, 0, 0, 0,
56,  1,  57,  56,  -1,  542, 242,  133.0,  21,  Nuc280416,  1491,  0, 0, 0, , 0, 0, 0, 0, 0,
57,  1,  58,  57,  -1,  600, 207,  140.0,  21,  Nuc283127,  1792,  0, 0, 0, , 0, 0, 0, 0, 0,
58,  1,  59,  58,  -1,  619, 250,  145.0,  21,  Nuc285935,  1554,  0, 0, 0, , 0, 0, 0, 0, 0,
59,  1,  60,  59,  -1,  557, 217,  116.0,  23,  Nuc293753,  1270,  0, 0, 0, , 0, 0, 0, 0, 0,
60,  1,  61,  60,  -1,  559, 184,  125.0,  21,  Nuc293839,  1537,  0, 0, 0, , 0, 0, 0, 0, 0,
61,  1,  62,  61,  -1,  624, 139,  110.0,  21,  Nuc306829,  1459,  0, 0, 0, , 0, 0, 0, 0, 0,
62,  1,  63,  62,  -1,  588, 127,  108.0,  21,  Nuc310947,  1466,  0, 0, 0, , 0, 0, 0, 0, 0,
63,  1,  64,  63,  -1,  868, 301,  111.0,  21,  Nuc314319,  1831,  0, 0, 0, , 0, 0, 0, 0, 0,
64,  1,  65,  64,  -1,  904, 315,  105.0,  21,  Nuc317258,  1737,  0, 0, 0, , 0, 0, 0, 0, 0,
65,  1,  66,  65,  -1,  947, 446,  106.0,  21,  Nuc326405,  2132,  0, 0, 0, , 0, 0, 0, 0, 0,
66,  1,  67,  66,  -1,  950, 406,  110.0,  21,  Nuc330203,  1915,  0, 0, 0, , 0, 0, 0, 0, 0,
67,  1,  68,  67,  -1,  813, 285,  119.0,  21,  Nuc343671,  1892,  0, 0, 0, , 0, 0, 0, 0, 0,
68,  1,  69,  68,  -1,  785, 314,  127.0,  21,  Nuc348450,  1906,  0, 0, 0, , 0, 0, 0, 0, 0,
69,  1,  70,  69,  -1,  858, 345,  127.0,  21,  Nuc359682,  1944,  0, 0, 0, , 0, 0, 0, 0, 0,
70,  1,  71,  70,  -1,  815, 363,  123.0,  21,  Nuc361720,  1987,  0, 0, 0, , 0, 0, 0, 0, 0,
71,  1,  72,  71,  -1,  797, 366,  144.0,  21,  Nuc370603,  2265,  0, 0, 0, , 0, 0, 0, 0, 0,
72,  1,  73,  72,  -1,  757, 341,  149.0,  21,  Nuc382941,  2492,  0, 0, 0, , 0, 0, 0, 0, 0,
73,  1,  74,  73,  -1,  723, 373,  142.0,  21,  Nuc386081,  2541,  0, 0, 0, , 0, 0, 0, 0, 0,
74,  1,  75,  74,  -1,  730, 359,  128.0,  21,  Nuc391869,  2106,  0, 0, 0, , 0, 0, 0, 0, 0,
75,  1,  76,  75,  -1,  678, 291,  135.0,  21,  Nuc406970,  2358,  0, 0, 0, , 0, 0, 0, 0, 0,
76,  1,  77,  76,  -1,  706, 276,  124.0,  21,  Nuc424197,  2065,  0, 0, 0, , 0, 0, 0, 0, 0,
77,  1,  78,  77,  -1,  762, 266,  134.0,  23,  Nuc441240,  1968,  0, 0, 0, , 0, 0, 0, 0, 0,
78,  1,  79,  78,  -1,  773, 249,  124.0,  21,  Nuc442507,  1863,  0, 0, 0, , 0, 0, 0, 0, 0,
79,  1,  80,  -1,  -1,  413, 190,  112.0,  23,  Nuc445508,  740,  0, 0, 0, , 0, 0, 0, 0, 0,
80,  1,  81,  79,  -1,  403, 142,  110.0,  21,  Nuc445511,  1809,  0, 0, 0, , 0, 0, 0, 0, 0,
81,  1,  82,  80,  -1,  397, 163,  123.0,  21,  Nuc450551,  1336,  0, 0, 0, , 0, 0, 0, 0, 0,
82,  1,  83,  81,  -1,  379, 214,  136.0,  21,  Nuc451854,  1540,  0, 0, 0, , 0, 0, 0, 0, 0,
83,  1,  84,  82,  -1,  412, 308,  125.0,  21,  Nuc452164,  896,  0, 0, 0, , 0, 0, 0, 0, 0,
84,  1,  84,  83,  -1,  382, 267,  125.0,  21,  Nuc452178,  715,  0, 0, 0, , 0, 0, 0, 0, 0,
85,  1,  85,  84,  -1,  414, 259,  137.0,  21,  Nuc452217,  1328,  0, 0, 0, , 0, 0, 0, 0, 0,
86,  1,  86,  85,  -1,  472, 128,  108.0,  21,  Nuc454674,  1347,  0, 0, 0, , 0, 0, 0, 0, 0,
87,  1,  87,  86,  -1,  508, 132,  112.0,  21,  Nuc454935,  1287,  0, 0, 0, , 0, 0, 0, 0, 0,
88,  1,  88,  87,  -1,  478, 160,  122.0,  21,  Nuc457650,  1312,  0, 0, 0, , 0, 0, 0, 0, 0,
89,  1,  89,  88,  -1,  450, 204,  125.0,  21,  Nuc460110,  1746,  0, 0, 0, , 0, 0, 0, 0, 0,
90,  1,  90,  89,  -1,  478, 272,  139.0,  21,  Nuc460150,  1640,  0, 0, 0, , 0, 0, 0, 0, 0,
91,  1,  91,  90,  -1,  479, 266,  126.0,  21,  Nuc462224,  1484,  0, 0, 0, , 0, 0, 0, 0, 0,
92,  1,  92,  91,  -1,  463, 184,  135.0,  19,  Nuc462380,  1320,  0, 0, 0, , 0, 0, 0, 0, 0,
93,  1,  93,  92,  -1,  500, 183,  136.0,  21,  Nuc465721,  1082,  0, 0, 0, , 0, 0, 0, 0, 0,
94,  1,  94,  93,  -1,  904, 639,  127.0,  21,  Nuc466292,  2233,  0, 0, 0, , 0, 0, 0, 0, 0,
95,  1,  95,  94,  -1,  862, 636,  121.0,  21,  Nuc466601,  2116,  0, 0, 0, , 0, 0, 0, 0, 0,
96,  1,  96,  95,  -1,  940, 674,  108.0,  21,  Nuc478785,  1995,  0, 0, 0, , 0, 0, 0, 0, 0,
97,  1,  97,  96,  -1,  958, 634,  108.0,  23,  Nuc487378,  2326,  0, 0, 0, , 0, 0, 0, 0, 0,
98,  1,  98,  97,  -1,  847, 723,  127.0,  21,  Nuc497658,  2554,  0, 0, 0, , 0, 0, 0, 0, 0,
99,  1,  99,  98,  -1,  804, 692,  123.0,  21,  Nuc500817,  2395,  0, 0, 0, , 0, 0, 0, 0, 0,
100,  1,  100,  99,  -1,  890, 719,  116.0,  23,  Nuc541237,  2016,  0, 0, 0, , 0, 0, 0, 0, 0,
101,  1,  101,  100,  -1,  903, 741,  108.0,  21,  Nuc543587,  2288,  0, 0, 0, , 0, 0, 0, 0, 0,
102,  1,  102,  101,  -1,  815, 709,  139.0,  21,  Nuc546718,  2716,  0, 0, 0, , 0, 0, 0, 0, 0,
103,  1,  103,  102,  -1,  793, 756,  134.0,  21,  Nuc574116,  2341,  0, 0, 0, , 0, 0, 0, 0, 0,
104,  1,  104,  103,  -1,  738, 705,  128.0,  21,  Nuc578593,  2514,  0, 0, 0, , 0, 0, 0, 0, 0,
105,  1,  105,  104,  -1,  755, 647,  132.0,  21,  Nuc590732,  2615,  0, 0, 0, , 0, 0, 0, 0, 0,
106,  1,  106,  105,  -1,  703, 678,  141.0,  21,  Nuc606132,  3565,  0, 0, 0, , 0, 0, 0, 0, 0,
107,  1,  107,  -1,  -1,  663, 672,  147.0,  25,  Nuc633989,  1235,  0, 0, 0, , 0, 0, 0, 0, 0,
108,  1,  107,  106,  -1,  664, 680,  153.0,  21,  Nuc633990,  3303,  0, 0, 0, , 0, 0, 0, 0, 0,
109,  1,  108,  107,  -1,  756, 732,  147.0,  21,  Nuc668711,  2894,  0, 0, 0, , 0, 0, 0, 0, 0,
110,  1,  109,  108,  -1,  723, 719,  155.0,  21,  Nuc673180,  3348,  0, 0, 0, , 0, 0, 0, 0, 0,
111,  1,  110,  109,  -1,  385, 821,  144.0,  21,  Nuc682044,  2093,  0, 0, 0, , 0, 0, 0, 0, 0,
112,  1,  111,  110,  -1,  345, 771,  145.0,  21,  Nuc682053,  1294,  0, 0, 0, , 0, 0, 0, 0, 0,
113,  1,  112,  111,  -1,  394, 736,  150.0,  21,  Nuc682064,  1174,  0, 0, 0, , 0, 0, 0, 0, 0,
114,  1,  113,  112,  -1,  414, 788,  146.0,  21,  Nuc685629,  2027,  0, 0, 0, , 0, 0, 0, 0, 0,
115,  1,  114,  113,  114,  432, 866,  135.0,  21,  Nuc685653,  1968,  0, 0, 0, , 0, 0, 0, 0, 0,
116,  1,  115,  115,  -1,  332, 806,  129.0,  21,  Nuc694423,  1369,  0, 0, 0, , 0, 0, 0, 0, 0,
117,  1,  116,  116,  -1,  335, 837,  126.0,  21,  Nuc695081,  1119,  0, 0, 0, , 0, 0, 0, 0, 0,
118,  1,  117,  117,  -1,  908, 402,  123.0,  21,  Nuc701806,  2183,  0, 0, 0, , 0, 0, 0, 0, 0,
119,  1,  118,  118,  -1,  910, 452,  124.0,  21,  Nuc726372,  2009,  0, 0, 0, , 0, 0, 0, 0, 0,
120,  1,  119,  119,  -1,  898, 514,  124.0,  21,  Nuc727160,  2132,  0, 0, 0, , 0, 0, 0, 0, 0,
121,  1,  120,  120,  -1,  945, 493,  122.0,  21,  Nuc733888,  2088,  0, 0, 0, , 0, 0, 0, 0, 0,
122,  1,  121,  121,  -1,  834, 417,  128.0,  21,  Nuc736768,  2425,  0, 0, 0, , 0, 0, 0, 0, 0,
123,  1,  122,  122,  -1,  862, 420,  140.0,  21,  Nuc740813,  2594,  0, 0, 0, , 0, 0, 0, 0, 0,
124,  1,  123,  123,  -1,  839, 486,  135.0,  21,  Nuc744069,  1758,  0, 0, 0, , 0, 0, 0, 0, 0,
125,  1,  124,  124,  -1,  869, 510,  145.0,  21,  Nuc755976,  2448,  0, 0, 0, , 0, 0, 0, 0, 0,
126,  1,  125,  125,  -1,  756, 432,  133.0,  21,  Nuc765551,  2090,  0, 0, 0, , 0, 0, 0, 0, 0,
127,  1,  126,  126,  -1,  780, 474,  129.0,  21,  Nuc767128,  2001,  0, 0, 0, , 0, 0, 0, 0, 0,
128,  1,  127,  127,  -1,  717, 514,  144.0,  21,  Nuc777268,  1928,  0, 0, 0, , 0, 0, 0, 0, 0,
129,  1,  128,  128,  -1,  768, 529,  140.0,  21,  Nuc781770,  1960,  0, 0, 0, , 0, 0, 0, 0, 0,
130,  1,  129,  129,  -1,  793, 493,  158.0,  21,  Nuc781823,  2739,  0, 0, 0, , 0, 0, 0, 0, 0,
131,  1,  130,  130,  -1,  818, 458,  152.0,  21,  Nuc786031,  2733,  0, 0, 0, , 0, 0, 0, 0, 0,
132,  1,  131,  131,  -1,  749, 427,  160.0,  21,  Nuc787818,  2499,  0, 0, 0, , 0, 0, 0, 0, 0,
133,  1,  132,  132,  -1,  708, 456,  157.0,  21,  Nuc795080,  3078,  0, 0, 0, , 0, 0, 0, 0, 0,
134,  1,  133,  133,  -1,  803, 573,  136.0,  21,  Nuc799522,  2577,  0, 0, 0, , 0, 0, 0, 0, 0,
135,  1,  134,  134,  -1,  783, 612,  144.0,  21,  Nuc842567,  3072,  0, 0, 0, , 0, 0, 0, 0, 0,
136,  1,  135,  135,  -1,  872, 624,  141.0,  21,  Nuc846751,  2599,  0, 0, 0, , 0, 0, 0, 0, 0,
137,  1,  136,  136,  -1,  883, 583,  140.0,  21,  Nuc851352,  2872,  0, 0, 0, , 0, 0, 0, 0, 0,
138,  1,  137,  137,  -1,  836, 590,  128.0,  21,  Nuc855286,  2411,  0, 0, 0, , 0, 0, 0, 0, 0,
139,  1,  138,  138,  -1,  843, 540,  124.0,  21,  Nuc886391,  2693,  0, 0, 0, , 0, 0, 0, 0, 0,
140,  1,  139,  139,  -1,  912, 580,  120.0,  21,  Nuc895733,  2348,  0, 0, 0, , 0, 0, 0, 0, 0,
141,  1,  140,  140,  -1,  939, 578,  127.0,  23,  Nuc902808,  2304,  0, 0, 0, , 0, 0, 0, 0, 0,
142,  1,  141,  141,  -1,  979, 537,  109.0,  25,  Nuc906516,  2261,  0, 0, 0, , 0, 0, 0, 0, 0,
143,  1,  142,  142,  -1,  949, 515,  108.0,  23,  Nuc907616,  2241,  0, 0, 0, , 0, 0, 0, 0, 0,
144,  1,  143,  143,  -1,  734, 581,  130.0,  21,  Nuc911897,  2532,  0, 0, 0, , 0, 0, 0, 0, 0,
145,  1,  144,  144,  -1,  711, 596,  141.0,  21,  Nuc938588,  2608,  0, 0, 0, , 0, 0, 0, 0, 0,
146,  1,  145,  145,  -1,  759, 650,  160.0,  21,  Nuc952996,  2752,  0, 0, 0, , 0, 0, 0, 0, 0,
147,  1,  146,  146,  -1,  730, 617,  157.0,  21,  Nuc954591,  3482,  0, 0, 0, , 0, 0, 0, 0, 0,
148,  1,  147,  147,  -1,  823, 596,  154.0,  21,  Nuc966760,  2972,  0, 0, 0, , 0, 0, 0, 0, 0,
149,  1,  148,  148,  -1,  806, 559,  158.0,  21,  Nuc967909,  2919,  0, 0, 0, , 0, 0, 0, 0, 0,
150,  1,  149,  149,  -1,  516, 583,  148.0,  21,  Nuc1024115,  872,  0, 0, 0, , 0, 0, 0, 0, 0,
151,  1,  150,  150,  -1,  476, 600,  147.0,  21,  Nuc1056911,  1854,  0, 0, 0, , 0, 0, 0, 0, 0,
152,  1,  151,  -1,  -1,  493, 583,  130.0,  21,  Nuc1056987,  513,  0, 0, 0, , 0, 0, 0, 0, 0,
153,  1,  152,  151,  152,  316, 759,  129.0,  21,  Nuc1057046,  1584,  0, 0, 0, , 0, 0, 0, 0, 0,
154,  1,  153,  153,  -1,  484, 726,  124.0,  21,  Nuc1057336,  1903,  0, 0, 0, , 0, 0, 0, 0, 0,
155,  1,  154,  154,  -1,  377, 746,  133.0,  21,  Nuc1057647,  1481,  0, 0, 0, , 0, 0, 0, 0, 0,
156,  1,  155,  155,  -1,  461, 750,  135.0,  21,  Nuc1057667,  1680,  0, 0, 0, , 0, 0, 0, 0, 0,
157,  1,  156,  156,  -1,  446, 701,  144.0,  21,  Nuc1057734,  1583,  0, 0, 0, , 0, 0, 0, 0, 0,
158,  1,  157,  157,  -1,  481, 719,  149.0,  21,  Nuc1057752,  1842,  0, 0, 0, , 0, 0, 0, 0, 0,
159,  1,  158,  158,  -1,  578, 645,  131.0,  21,  Nuc1057904,  2123,  0, 0, 0, , 0, 0, 0, 0, 0,
160,  1,  159,  159,  -1,  557, 652,  145.0,  21,  Nuc1062360,  2193,  0, 0, 0, , 0, 0, 0, 0, 0,
161,  1,  160,  -1,  -1,  507, 662,  136.0,  23,  Nuc1091579,  1212,  0, 0, 0, , 0, 0, 0, 0, 0,
162,  1,  161,  160,  -1,  543, 701,  136.0,  21,  Nuc1091581,  2663,  0, 0, 0, , 0, 0, 0, 0, 0,
163,  1,  162,  161,  -1,  549, 707,  124.0,  23,  Nuc1092024,  2027,  0, 0, 0, , 0, 0, 0, 0, 0,
164,  1,  163,  162,  -1,  618, 702,  139.0,  21,  Nuc1102207,  1635,  0, 0, 0, , 0, 0, 0, 0, 0,
165,  1,  164,  163,  -1,  633, 695,  128.0,  23,  Nuc1129012,  2313,  0, 0, 0, , 0, 0, 0, 0, 0,
166,  1,  165,  164,  -1,  591, 752,  121.0,  23,  Nuc1145041,  2354,  0, 0, 0, , 0, 0, 0, 0, 0,
167,  1,  166,  165,  -1,  604, 759,  132.0,  25,  Nuc1145214,  1904,  0, 0, 0, , 0, 0, 0, 0, 0,
168,  1,  167,  166,  167,  499, 516,  131.0,  21,  Nuc1208195,  597,  0, 0, 0, , 0, 0, 0, 0, 0,
169,  1,  168,  168,  -1,  561, 743,  146.0,  21,  Nuc1210612,  2439,  0, 0, 0, , 0, 0, 0, 0, 0,
170,  1,  169,  169,  -1,  558, 825,  148.0,  21,  Nuc1231741,  1886,  0, 0, 0, , 0, 0, 0, 0, 0,
171,  1,  170,  170,  -1,  549, 863,  137.0,  21,  Nuc1234860,  1890,  0, 0, 0, , 0, 0, 0, 0, 0,
172,  1,  171,  171,  -1,  466, 835,  147.0,  21,  Nuc1247450,  2280,  0, 0, 0, , 0, 0, 0, 0, 0,
173,  1,  172,  172,  -1,  486, 804,  138.0,  21,  Nuc1248915,  1973,  0, 0, 0, , 0, 0, 0, 0, 0,
174,  1,  173,  173,  -1,  511, 776,  154.0,  21,  Nuc1262369,  2027,  0, 0, 0, , 0, 0, 0, 0, 0,
175,  1,  174,  174,  -1,  483, 775,  163.0,  21,  Nuc1270014,  2241,  0, 0, 0, , 0, 0, 0, 0, 0,
176,  1,  175,  175,  -1,  661, 585,  132.0,  21,  Nuc1272763,  2457,  0, 0, 0, , 0, 0, 0, 0, 0,
177,  1,  176,  176,  -1,  659, 636,  132.0,  21,  Nuc1330321,  910,  0, 0, 0, , 0, 0, 0, 0, 0,
178,  1,  179,  177,  178,  651, 609,  150.0,  21,  Nuc1335651,  2111,  0, 0, 0, , 0, 0, 0, 0, 0,
179,  1,  180,  179,  -1,  584, 589,  138.0,  21,  Nuc1336671,  2718,  0, 0, 0, , 0, 0, 0, 0, 0,
180,  1,  181,  180,  -1,  552, 552,  133.0,  21,  Nuc1344440,  1247,  0, 0, 0, , 0, 0, 0, 0, 0,
181,  1,  182,  181,  182,  649, 507,  132.0,  21,  Nuc1390586,  2855,  0, 0, 0, , 0, 0, 0, 0, 0,
182,  1,  184,  183,  -1,  475, 395,  146.0,  21,  Nuc1418782,  2134,  0, 0, 0, , 0, 0, 0, 0, 0,
183,  1,  186,  184,  -1,  414, 579,  154.0,  21,  Nuc1418862,  748,  0, 0, 0, , 0, 0, 0, 0, 0,
184,  1,  186,  185,  -1,  407, 527,  152.0,  21,  Nuc1419061,  2337,  0, 0, 0, , 0, 0, 0, 0, 0,
185,  1,  187,  186,  -1,  422, 530,  177.0,  21,  Nuc1419093,  1911,  0, 0, 0, , 0, 0, 0, 0, 0,
186,  1,  188,  187,  -1,  434, 563,  168.0,  21,  Nuc1419539,  1991,  0, 0, 0, , 0, 0, 0, 0, 0,
187,  1,  190,  188,  189,  453, 461,  128.0,  23,  Nuc1426674,  1943,  0, 0, 0, , 0, 0, 0, 0, 0,
188,  1,  191,  190,  -1,  606, 464,  131.0,  21,  Nuc1431508,  2093,  0, 0, 0, , 0, 0, 0, 0, 0,
189,  1,  192,  191,  -1,  554, 471,  131.0,  21,  Nuc1453046,  2557,  0, 0, 0, , 0, 0, 0, 0, 0,
190,  1,  193,  192,  -1,  457, 518,  153.0,  23,  Nuc1468257,  4690,  0, 0, 0, , 0, 0, 0, 0, 0,
191,  1,  194,  193,  194,  503, 482,  141.0,  21,  Nuc1476751,  1472,  0, 0, 0, , 0, 0, 0, 0, 0,
192,  1,  195,  195,  196,  470, 454,  145.0,  21,  Nuc1483153,  1219,  0, 0, 0, , 0, 0, 0, 0, 0,
193,  1,  196,  197,  -1,  372, 384,  167.0,  19,  Nuc1483227,  1339,  0, 0, 0, , 0, 0, 0, 0, 0,
194,  1,  197,  198,  -1,  337, 370,  169.0,  21,  Nuc1492363,  2158,  0, 0, 0, , 0, 0, 0, 0, 0,
195,  1,  198,  199,  -1,  284, 451,  168.0,  21,  Nuc1492470,  1581,  0, 0, 0, , 0, 0, 0, 0, 0,
196,  1,  199,  200,  -1,  420, 389,  175.0,  21,  Nuc1493005,  2816,  0, 0, 0, , 0, 0, 0, 0, 0,
197,  1,  201,  201,  -1,  412, 474,  155.0,  21,  Nuc1493155,  533,  0, 0, 0, , 0, 0, 0, 0, 0,
198,  1,  201,  202,  203,  386, 429,  157.0,  21,  Nuc1493174,  1766,  0, 0, 0, , 0, 0, 0, 0, 0,
199,  1,  202,  204,  -1,  456, 308,  167.0,  21,  Nuc1493227,  1827,  0, 0, 0, , 0, 0, 0, 0, 0,
200,  1,  203,  205,  206,  346, 338,  159.0,  21,  Nuc1493598,  966,  0, 0, 0, , 0, 0, 0, 0, 0,
201,  1,  204,  207,  -1,  399, 324,  163.0,  21,  Nuc1493767,  1980,  0, 0, 0, , 0, 0, 0, 0, 0,
202,  1,  205,  208,  -1,  416, 374,  157.0,  21,  Nuc1494669,  2074,  0, 0, 0, , 0, 0, 0, 0, 0,
203,  1,  206,  209,  -1,  343, 258,  138.0,  21,  Nuc1494723,  698,  0, 0, 0, , 0, 0, 0, 0, 0,
204,  1,  207,  210,  -1,  363, 279,  151.0,  21,  Nuc1496166,  2324,  0, 0, 0, , 0, 0, 0, 0, 0,
205,  1,  208,  211,  -1,  389, 320,  143.0,  21,  Nuc1496179,  1893,  0, 0, 0, , 0, 0, 0, 0, 0,
206,  1,  209,  212,  -1,  431, 262,  156.0,  21,  Nuc1496369,  1797,  0, 0, 0, , 0, 0, 0, 0, 0,
207,  1,  210,  213,  -1,  421, 222,  146.0,  21,  Nuc1497055,  2428,  0, 0, 0, , 0, 0, 0, 0, 0,
208,  1,  211,  214,  -1,  663, 306,  152.0,  21,  Nuc1500729,  2206,  0, 0, 0, , 0, 0, 0, 0, 0,
209,  1,  212,  215,  -1,  637, 348,  163.0,  21,  Nuc1503360,  2207,  0, 0, 0, , 0, 0, 0, 0, 0,
210,  1,  213,  216,  -1,  614, 399,  153.0,  21,  Nuc1508340,  1821,  0, 0, 0, , 0, 0, 0, 0, 0,
211,  1,  214,  217,  -1,  659, 379,  143.0,  21,  Nuc1510125,  2106,  0, 0, 0, , 0, 0, 0, 0, 0,
212,  1,  215,  218,  -1,  592, 407,  133.0,  21,  Nuc1514872,  908,  0, 0, 0, , 0, 0, 0, 0, 0,
213,  1,  216,  219,  -1,  542, 406,  141.0,  21,  Nuc1514893,  2055,  0, 0, 0, , 0, 0, 0, 0, 0,
214,  1,  217,  220,  -1,  638, 336,  128.0,  21,  Nuc1545765,  1604,  0, 0, 0, , 0, 0, 0, 0, 0,
215,  1,  218,  221,  -1,  605, 331,  142.0,  21,  Nuc1551429,  1456,  0, 0, 0, , 0, 0, 0, 0, 0,
216,  1,  219,  222,  -1,  472, 323,  150.0,  21,  Nuc1553365,  2299,  0, 0, 0, , 0, 0, 0, 0, 0,
217,  1,  220,  223,  -1,  529, 322,  140.0,  21,  Nuc1560732,  1674,  0, 0, 0, , 0, 0, 0, 0, 0,
218,  1,  221,  224,  -1,  544, 269,  150.0,  21,  Nuc1572633,  2421,  0, 0, 0, , 0, 0, 0, 0, 0,
219,  1,  222,  225,  -1,  511, 234,  151.0,  21,  Nuc1575655,  1848,  0, 0, 0, , 0, 0, 0, 0, 0,
220,  1,  223,  226,  -1,  590, 286,  159.0,  21,  Nuc1577617,  2042,  0, 0, 0, , 0, 0, 0, 0, 0,
221,  1,  224,  227,  -1,  574, 328,  164.0,  21,  Nuc1581750,  2293,  0, 0, 0, , 0, 0, 0, 0, 0,
222,  1,  225,  228,  -1,  465, 363,  172.0,  21,  Nuc1584287,  2097,  0, 0, 0, , 0, 0, 0, 0, 0,
223,  1,  226,  229,  -1,  509, 322,  166.0,  21,  Nuc1584412,  2740,  0, 0, 0, , 0, 0, 0, 0, 0,
224,  1,  227,  230,  -1,  643, 458,  152.0,  21,  Nuc1584586,  1932,  0, 0, 0, , 0, 0, 0, 0, 0,
225,  1,  228,  231,  -1,  652, 454,  139.0,  21,  Nuc1602910,  2441,  0, 0, 0, , 0, 0, 0, 0, 0,
226,  1,  229,  232,  -1,  708, 438,  132.0,  21,  Nuc1622758,  2363,  0, 0, 0, , 0, 0, 0, 0, 0,
227,  1,  230,  233,  -1,  667, 411,  129.0,  21,  Nuc1639842,  2683,  0, 0, 0, , 0, 0, 0, 0, 0,
228,  1,  231,  234,  -1,  643, 529,  165.0,  19,  Nuc1640577,  4518,  0, 0, 0, , 0, 0, 0, 0, 0,
229,  1,  232,  235,  236,  629, 526,  148.0,  21,  Nuc1643524,  2521,  0, 0, 0, , 0, 0, 0, 0, 0,
230,  1,  233,  237,  238,  668, 552,  156.0,  19,  Nuc1703094,  3801,  0, 0, 0, , 0, 0, 0, 0, 0,
231,  1,  234,  239,  -1,  653, 562,  144.0,  21,  Nuc1707955,  3478,  0, 0, 0, , 0, 0, 0, 0, 0,
232,  1,  234,  240,  -1,  676, 549,  139.0,  21,  Nuc1738818,  2795,  0, 0, 0, , 0, 0, 0, 0, 0,
233,  1,  235,  241,  -1,  506, 498,  154.0,  21,  Nuc1740619,  3154,  0, 0, 0, , 0, 0, 0, 0, 0,
234,  1,  235,  242,  -1,  531, 543,  156.0,  21,  Nuc1750707,  2637,  0, 0, 0, , 0, 0, 0, 0, 0,
235,  1,  236,  243,  -1,  566, 536,  149.0,  21,  Nuc1754956,  2452,  0, 0, 0, , 0, 0, 0, 0, 0,
236,  1,  237,  244,  -1,  554, 585,  153.0,  21,  Nuc1755547,  2670,  0, 0, 0, , 0, 0, 0, 0, 0,
237,  1,  238,  245,  246,  525, 477,  173.0,  21,  Nuc1759764,  2881,  0, 0, 0, , 0, 0, 0, 0, 0,
238,  1,  239,  247,  -1,  479, 507,  176.0,  21,  Nuc1763415,  3007,  0, 0, 0, , 0, 0, 0, 0, 0,
239,  1,  240,  248,  -1,  441, 486,  173.0,  17,  Nuc1763560,  226,  0, 0, 0, , 0, 0, 0, 0, 0,
240,  1,  241,  249,  -1,  487, 444,  168.0,  21,  Nuc1763580,  4753,  0, 0, 0, , 0, 0, 0, 0, 0,
241,  1,  242,  250,  -1,  437, 421,  164.0,  21,  Nuc1765083,  2354,  0, 0, 0, , 0, 0, 0, 0, 0,
242,  1,  243,  251,  -1,  500, 493,  165.0,  21,  Nuc1772017,  3047,  0, 0, 0, , 0, 0, 0, 0, 0,
243,  1,  244,  252,  -1,  478, 577,  159.0,  21,  Nuc1773072,  741,  0, 0, 0, , 0, 0, 0, 0, 0,
244,  1,  245,  253,  -1,  427, 730,  166.0,  21,  Nuc1773178,  2722,  0, 0, 0, , 0, 0, 0, 0, 0,
245,  1,  246,  254,  -1,  406, 683,  159.0,  21,  Nuc1783535,  2376,  0, 0, 0, , 0, 0, 0, 0, 0,
246,  1,  247,  255,  -1,  340, 590,  162.0,  21,  Nuc1784080,  1770,  0, 0, 0, , 0, 0, 0, 0, 0,
247,  1,  248,  -1,  -1,  316, 622,  158.0,  21,  Nuc1784098,  1023,  0, 0, 0, , 0, 0, 0, 0, 0,
248,  1,  249,  256,  -1,  355, 705,  165.0,  21,  Nuc1784113,  1431,  0, 0, 0, , 0, 0, 0, 0, 0,
249,  1,  250,  257,  -1,  314, 704,  159.0,  21,  Nuc1784492,  1636,  0, 0, 0, , 0, 0, 0, 0, 0,
250,  1,  251,  258,  -1,  395, 622,  159.0,  21,  Nuc1785266,  270,  0, 0, 0, , 0, 0, 0, 0, 0,
251,  1,  251,  259,  -1,  427, 614,  170.0,  21,  Nuc1787976,  1049,  0, 0, 0, , 0, 0, 0, 0, 0,
252,  1,  252,  260,  -1,  354, 610,  175.0,  21,  Nuc1793840,  2201,  0, 0, 0, , 0, 0, 0, 0, 0,
253,  1,  253,  261,  -1,  376, 657,  171.0,  21,  Nuc1793855,  2462,  0, 0, 0, , 0, 0, 0, 0, 0,
254,  1,  254,  262,  -1,  466, 424,  181.0,  21,  Nuc1794121,  2707,  0, 0, 0, , 0, 0, 0, 0, 0,
255,  1,  255,  263,  -1,  546, 419,  177.0,  21,  Nuc1794464,  3174,  0, 0, 0, , 0, 0, 0, 0, 0,
256,  1,  256,  264,  -1,  530, 373,  174.0,  21,  Nuc1795177,  2731,  0, 0, 0, , 0, 0, 0, 0, 0,
257,  1,  257,  265,  -1,  622, 468,  170.0,  21,  Nuc1800329,  3776,  0, 0, 0, , 0, 0, 0, 0, 0,
258,  1,  258,  266,  -1,  619, 424,  175.0,  21,  Nuc1842020,  2786,  0, 0, 0, , 0, 0, 0, 0, 0,
259,  1,  259,  267,  -1,  701, 379,  162.0,  21,  Nuc1848873,  2644,  0, 0, 0, , 0, 0, 0, 0, 0,
260,  1,  260,  268,  -1,  679, 418,  168.0,  21,  Nuc1849839,  3454,  0, 0, 0, , 0, 0, 0, 0, 0,
261,  1,  261,  269,  -1,  648, 514,  177.0,  21,  Nuc1850303,  3601,  0, 0, 0, , 0, 0, 0, 0, 0,
262,  1,  262,  270,  -1,  680, 471,  174.0,  21,  Nuc1850849,  2812,  0, 0, 0, , 0, 0, 0, 0, 0,
263,  1,  263,  271,  -1,  744, 488,  168.0,  21,  Nuc1851807,  3426,  0, 0, 0, , 0, 0, 0, 0, 0,
264,  1,  263,  272,  -1,  689, 506,  168.0,  21,  Nuc1854166,  3800,  0, 0, 0, , 0, 0, 0, 0, 0,
265,  1,  264,  273,  -1,  745, 510,  168.0,  21,  Nuc1858785,  3502,  0, 0, 0, , 0, 0, 0, 0, 0,
266,  1,  265,  274,  -1,  630, 588,  168.0,  21,  Nuc1862217,  3714,  0, 0, 0, , 0, 0, 0, 0, 0,
267,  1,  266,  275,  -1,  674, 580,  173.0,  21,  Nuc1863103,  2704,  0, 0, 0, , 0, 0, 0, 0, 0,
268,  1,  267,  276,  -1,  728, 546,  161.0,  23,  Nuc1867429,  5396,  0, 0, 0, , 0, 0, 0, 0, 0,
269,  1,  268,  277,  -1,  740, 578,  168.0,  21,  Nuc1868195,  4921,  0, 0, 0, , 0, 0, 0, 0, 0,
270,  1,  269,  278,  -1,  466, 688,  177.0,  21,  Nuc1869391,  2219,  0, 0, 0, , 0, 0, 0, 0, 0,
271,  1,  270,  279,  -1,  422, 679,  177.0,  21,  Nuc1869768,  2396,  0, 0, 0, , 0, 0, 0, 0, 0,
272,  1,  271,  280,  -1,  625, 711,  168.0,  21,  Nuc1869998,  3422,  0, 0, 0, , 0, 0, 0, 0, 0,
273,  1,  272,  281,  -1,  593, 699,  158.0,  21,  Nuc1871453,  2732,  0, 0, 0, , 0, 0, 0, 0, 0,
274,  1,  273,  282,  -1,  613, 779,  157.0,  21,  Nuc1876958,  3131,  0, 0, 0, , 0, 0, 0, 0, 0,
275,  1,  274,  283,  -1,  570, 761,  162.0,  21,  Nuc1880444,  2932,  0, 0, 0, , 0, 0, 0, 0, 0,
276,  1,  275,  284,  -1,  524, 667,  178.0,  21,  Nuc1883042,  2788,  0, 0, 0, , 0, 0, 0, 0, 0,
277,  1,  276,  285,  -1,  565, 669,  172.0,  21,  Nuc1886227,  2958,  0, 0, 0, , 0, 0, 0, 0, 0,
278,  1,  277,  286,  -1,  497, 730,  171.0,  21,  Nuc1889457,  3207,  0, 0, 0, , 0, 0, 0, 0, 0,
279,  1,  278,  287,  -1,  545, 729,  170.0,  21,  Nuc1890964,  3174,  0, 0, 0, , 0, 0, 0, 0, 0,
280,  1,  279,  288,  -1,  627, 651,  172.0,  21,  Nuc1892154,  3511,  0, 0, 0, , 0, 0, 0, 0, 0,
281,  1,  280,  289,  -1,  683, 654,  168.0,  21,  Nuc1918892,  3505,  0, 0, 0, , 0, 0, 0, 0, 0,
282,  1,  281,  290,  -1,  576, 623,  179.0,  21,  Nuc1921283,  3001,  0, 0, 0, , 0, 0, 0, 0, 0,
283,  1,  282,  291,  -1,  575, 580,  180.0,  21,  Nuc1921406,  2106,  0, 0, 0, , 0, 0, 0, 0, 0,
284,  1,  283,  292,  -1,  578, 469,  180.0,  21,  Nuc1922081,  2840,  0, 0, 0, , 0, 0, 0, 0, 0,
285,  1,  284,  293,  -1,  627, 551,  178.0,  21,  Nuc1922181,  3624,  0, 0, 0, , 0, 0, 0, 0, 0,
286,  1,  285,  294,  -1,  501, 596,  184.0,  21,  Nuc1923297,  2951,  0, 0, 0, , 0, 0, 0, 0, 0,
287,  1,  286,  295,  -1,  449, 635,  181.0,  21,  Nuc1924236,  2797,  0, 0, 0, , 0, 0, 0, 0, 0,
288,  1,  287,  296,  -1,  434, 592,  183.0,  21,  Nuc1934130,  2309,  0, 0, 0, , 0, 0, 0, 0, 0,
289,  1,  288,  297,  -1,  472, 666,  164.0,  21,  Nuc1934271,  2453,  0, 0, 0, , 0, 0, 0, 0, 0,
290,  1,  289,  298,  -1,  516, 628,  157.0,  21,  Nuc1942126,  2470,  0, 0, 0, , 0, 0, 0, 0, 0,
291,  1,  290,  299,  -1,  461, 644,  154.0,  21,  Nuc1943190,  2594,  0, 0, 0, , 0, 0, 0, 0, 0,
292,  1,  291,  300,  -1,  521, 692,  159.0,  21,  Nuc1943224,  2508,  0, 0, 0, , 0, 0, 0, 0, 0,
293,  1,  292,  301,  -1,  530, 589,  168.0,  21,  Nuc1950057,  2669,  0, 0, 0, , 0, 0, 0, 0, 0,
294,  1,  293,  302,  -1,  484, 601,  172.0,  21,  Nuc1950323,  3145,  0, 0, 0, , 0, 0, 0, 0, 0,
295,  1,  294,  303,  -1,  406, 539,  186.0,  23,  Nuc1953735,  1101,  0, 0, 0, , 0, 0, 0, 0, 0,
296,  1,  295,  304,  -1,  391, 459,  183.0,  21,  Nuc1954706,  1727,  0, 0, 0, , 0, 0, 0, 0, 0,
297,  1,  296,  305,  -1,  496, 547,  185.0,  21,  Nuc1954940,  2346,  0, 0, 0, , 0, 0, 0, 0, 0,
298,  1,  297,  306,  -1,  572, 515,  182.0,  21,  Nuc1955377,  3183,  0, 0, 0, , 0, 0, 0, 0, 0,
299,  1,  299,  307,  -1,  538, 556,  181.0,  21,  Nuc1967347,  3184,  0, 0, 0, , 0, 0, 0, 0, 0,
300,  1,  300,  308,  -1,  513, 468,  183.0,  23,  Nuc1968439,  2464,  0, 0, 0, , 0, 0, 0, 0, 0,
301,  1,  301,  309,  -1,  449, 501,  186.0,  23,  Nuc1968601,  2238,  0, 0, 0, , 0, 0, 0, 0, 0,
302,  1,  302,  310,  -1,  582, 622,  159.0,  21,  Nuc1968838,  4120,  0, 0, 0, , 0, 0, 0, 0, 0,
303,  1,  303,  311,  -1,  592, 525,  168.0,  21,  Nuc2004962,  4124,  0, 0, 0, , 0, 0, 0, 0, 0,
304,  1,  304,  312,  -1,  593, 566,  158.0,  21,  Nuc2006233,  3477,  0, 0, 0, , 0, 0, 0, 0, 0,
305,  1,  305,  313,  -1,  400, 764,  161.0,  23,  Nuc2009246,  1982,  0, 0, 0, , 0, 0, 0, 0, 0,
306,  1,  306,  314,  -1,  552, 499,  162.0,  21,  Nuc2012786,  3391,  0, 0, 0, , 0, 0, 0, 0, 0,
307,  1,  307,  315,  -1,  524, 369,  155.0,  21,  Nuc2021745,  1494,  0, 0, 0, , 0, 0, 0, 0, 0,
308,  1,  308,  316,  -1,  562, 405,  162.0,  21,  Nuc2024298,  3639,  0, 0, 0, , 0, 0, 0, 0, 0,
309,  1,  309,  317,  -1,  522, 441,  157.0,  23,  Nuc2034643,  2962,  0, 0, 0, , 0, 0, 0, 0, 0,
310,  1,  310,  318,  -1,  571, 457,  164.0,  21,  Nuc2034686,  3438,  0, 0, 0, , 0, 0, 0, 0, 0,
311,  1,  311,  319,  -1,  659, 510,  159.0,  17,  Nuc2034833,  817,  0, 0, 0, , 0, 0, 0, 0, 0,
312,  1,  312,  320,  -1,  603, 504,  157.0,  21,  Nuc2054037,  2108,  0, 0, 0, , 0, 0, 0, 0, 0,
313,  1,  313,  321,  322,  295, 456,  152.0,  21,  Nuc2064296,  715,  0, 0, 0, , 0, 0, 0, 0, 0,
314,  1,  313,  323,  -1,  343, 478,  149.0,  21,  Nuc2064461,  1468,  0, 0, 0, , 0, 0, 0, 0, 0,
315,  1,  314,  324,  -1,  316, 623,  153.0,  19,  Nuc2064575,  215,  0, 0, 0, , 0, 0, 0, 0, 0,
316,  1,  314,  325,  -1,  311, 663,  145.0,  21,  Nuc2064652,  1081,  0, 0, 0, , 0, 0, 0, 0, 0,
317,  1,  315,  -1,  -1,  282, 744,  140.0,  19,  Nuc2064657,  379,  0, 0, 0, , 0, 0, 0, 0, 0,
318,  1,  315,  326,  -1,  318, 714,  141.0,  21,  Nuc2064658,  1674,  0, 0, 0, , 0, 0, 0, 0, 0,
319,  1,  316,  327,  -1,  260, 640,  156.0,  21,  Nuc2064715,  2161,  0, 0, 0, , 0, 0, 0, 0, 0,
320,  1,  317,  328,  -1,  439, 350,  137.0,  21,  Nuc2064817,  796,  0, 0, 0, , 0, 0, 0, 0, 0,
321,  1,  317,  329,  -1,  466, 337,  129.0,  21,  Nuc2064892,  1486,  0, 0, 0, , 0, 0, 0, 0, 0,
322,  1,  318,  330,  -1,  383, 378,  139.0,  21,  Nuc2070284,  1927,  0, 0, 0, , 0, 0, 0, 0, 0,
323,  1,  319,  -1,  -1,  376, 434,  138.0,  21,  Nuc2070300,  782,  0, 0, 0, , 0, 0, 0, 0, 0,
324,  1,  320,  331,  -1,  390, 364,  125.0,  21,  Nuc2070310,  1878,  0, 0, 0, , 0, 0, 0, 0, 0,
325,  1,  321,  332,  -1,  353, 554,  174.0,  21,  Nuc2070368,  1375,  0, 0, 0, , 0, 0, 0, 0, 0,
326,  1,  321,  333,  -1,  299, 565,  168.0,  21,  Nuc2070510,  1624,  0, 0, 0, , 0, 0, 0, 0, 0,
327,  1,  323,  334,  335,  379, 895,  105.0,  21,  Nuc2070782,  1384,  0, 0, 0, , 0, 0, 0, 0, 0,
328,  1,  324,  336,  -1,  378, 920,  92.0,  21,  Nuc2080666,  500,  0, 0, 0, , 0, 0, 0, 0, 0,
329,  1,  325,  -1,  -1,  379, 609,  141.0,  19,  Nuc2080725,  694,  0, 0, 0, , 0, 0, 0, 0, 0,
330,  1,  325,  337,  -1,  418, 639,  142.0,  21,  Nuc2080726,  1892,  0, 0, 0, , 0, 0, 0, 0, 0,
331,  1,  326,  338,  -1,  345, 712,  127.0,  21,  Nuc2080757,  1725,  0, 0, 0, , 0, 0, 0, 0, 0,
332,  1,  327,  339,  -1,  375, 687,  138.0,  21,  Nuc2080767,  1366,  0, 0, 0, , 0, 0, 0, 0, 0,
333,  1,  328,  340,  -1,  248, 347,  147.0,  19,  Nuc2080838,  1555,  0, 0, 0, , 0, 0, 0, 0, 0,
334,  1,  329,  341,  -1,  209, 398,  142.0,  21,  Nuc2081034,  1668,  0, 0, 0, , 0, 0, 0, 0, 0,
335,  1,  330,  342,  -1,  297, 520,  171.0,  21,  Nuc2081064,  1958,  0, 0, 0, , 0, 0, 0, 0, 0,
336,  1,  331,  343,  344,  359, 496,  160.0,  19,  Nuc2081292,  465,  0, 0, 0, , 0, 0, 0, 0, 0,
337,  1,  331,  345,  -1,  310, 478,  164.0,  19,  Nuc2084880,  863,  0, 0, 0, , 0, 0, 0, 0, 0,
338,  1,  332,  346,  -1,  418, 864,  119.0,  21,  Nuc2084901,  1324,  0, 0, 0, , 0, 0, 0, 0, 0,
339,  1,  333,  347,  -1,  379, 880,  118.0,  21,  Nuc2087958,  1516,  0, 0, 0, , 0, 0, 0, 0, 0,
340,  1,  334,  348,  -1,  225, 615,  147.0,  23,  Nuc2088471,  501,  0, 0, 0, , 0, 0, 0, 0, 0,
341,  1,  336,  349,  350,  355, 442,  172.0,  21,  Nuc2088512,  1130,  0, 0, 0, , 0, 0, 0, 0, 0,
342,  1,  337,  351,  -1,  428, 696,  126.0,  21,  Nuc2088786,  1807,  0, 0, 0, , 0, 0, 0, 0, 0,
343,  1,  338,  352,  -1,  535, 773,  133.0,  21,  Nuc2088805,  1647,  0, 0, 0, , 0, 0, 0, 0, 0,
344,  1,  339,  -1,  -1,  329, 210,  124.0,  21,  Nuc2132775,  429,  0, 0, 0, , 0, 0, 0, 0, 0,
345,  1,  340,  353,  354,  319, 577,  143.0,  21,  Nuc2132778,  449,  0, 0, 0, , 0, 0, 0, 0, 0,
346,  1,  340,  355,  356,  358, 550,  140.0,  21,  Nuc2132840,  1943,  0, 0, 0, , 0, 0, 0, 0, 0,
347,  1,  341,  357,  -1,  285, 516,  156.0,  21,  Nuc2132887,  1027,  0, 0, 0, , 0, 0, 0, 0, 0,
348,  1,  342,  358,  -1,  238, 492,  157.0,  21,  Nuc2134965,  1083,  0, 0, 0, , 0, 0, 0, 0, 0,
349,  1,  343,  359,  -1,  470, 646,  127.0,  23,  Nuc2134982,  2032,  0, 0, 0, , 0, 0, 0, 0, 0,
350,  1,  344,  -1,  -1,  243, 670,  140.0,  21,  Nuc2160206,  465,  0, 0, 0, , 0, 0, 0, 0, 0,
351,  1,  345,  360,  -1,  326, 409,  141.0,  19,  Nuc2160208,  714,  0, 0, 0, , 0, 0, 0, 0, 0,
352,  1,  346,  361,  -1,  330, 350,  145.0,  21,  Nuc2160603,  1600,  0, 0, 0, , 0, 0, 0, 0, 0,
353,  1,  -1,  -1,  -1,  230, 759,  117.0,  19,  Nuc2161839,  565,  0, 0, 0, , 0, 0, 0, 0, 0,
354,  1,  -1,  -1,  -1,  250, 748,  130.0,  21,  Nuc2161840,  448,  0, 0, 0, , 0, 0, 0, 0, 0,
355,  1,  -1,  362,  363,  501, 379,  130.0,  21,  Nuc2161841,  510,  0, 0, 0, , 0, 0, 0, 0, 0,
356,  1,  -1,  364,  -1,  584, 455,  145.0,  23,  Nuc2161865,  315,  0, 0, 0, , 0, 0, 0, 0, 0,
