1,  1,  1,  1,  -1,  542, 966,  85.0,  21,  Nuc61,  754,  0, 0, 0, , 0, 0, 0, 0, 0,
2,  1,  2,  2,  -1,  509, 949,  91.0,  23,  Nuc5277,  1258,  0, 0, 0, , 0, 0, 0, 0, 0,
3,  1,  3,  3,  -1,  442, 948,  88.0,  21,  Nuc7230,  1554,  0, 0, 0, , 0, 0, 0, 0, 0,
4,  1,  4,  4,  -1,  442, 849,  107.0,  21,  Nuc9519,  1728,  0, 0, 0, , 0, 0, 0, 0, 0,
5,  1,  5,  5,  -1,  478, 874,  103.0,  21,  Nuc24144,  1552,  0, 0, 0, , 0, 0, 0, 0, 0,
6,  1,  6,  6,  -1,  434, 921,  106.0,  19,  Nuc26081,  1579,  0, 0, 0, , 0, 0, 0, 0, 0,
7,  1,  7,  7,  -1,  470, 930,  105.0,  19,  Nuc28674,  1287,  0, 0, 0, , 0, 0, 0, 0, 0,
8,  1,  8,  8,  -1,  764, 897,  91.0,  23,  Nuc29668,  1433,  0, 0, 0, , 0, 0, 0, 0, 0,
9,  1,  9,  9,  -1,  731, 912,  97.0,  21,  Nuc34354,  1579,  0, 0, 0, , 0, 0, 0, 0, 0,
10,  1,  10,  10,  -1,  679, 892,  112.0,  21,  Nuc37579,  1940,  0, 0, 0, , 0, 0, 0, 0, 0,
11,  1,  11,  11,  -1,  657, 851,  110.0,  23,  Nuc40142,  1601,  0, 0, 0, , 0, 0, 0, 0, 0,
12,  1,  12,  12,  -1,  624, 906,  103.0,  23,  Nuc47883,  1690,  0, 0, 0, , 0, 0, 0, 0, 0,
13,  1,  13,  13,  -1,  598, 943,  98.0,  21,  Nuc49701,  1361,  0, 0, 0, , 0, 0, 0, 0, 0,
14,  1,  14,  14,  -1,  677, 943,  87.0,  23,  Nuc51554,  1285,  0, 0, 0, , 0, 0, 0, 0, 0,
15,  1,  15,  15,  -1,  642, 957,  86.0,  21,  Nuc61173,  1154,  0, 0, 0, , 0, 0, 0, 0, 0,
16,  1,  16,  16,  -1,  612, 834,  123.0,  21,  Nuc63980,  2060,  0, 0, 0, , 0, 0, 0, 0, 0,
17,  1,  17,  17,  -1,  627, 866,  131.0,  21,  Nuc64000,  1790,  0, 0, 0, , 0, 0, 0, 0, 0,
18,  1,  18,  18,  -1,  557, 818,  128.0,  21,  Nuc65772,  1940,  0, 0, 0, , 0, 0, 0, 0, 0,
19,  1,  19,  19,  -1,  524, 918,  104.0,  21,  Nuc69341,  1813,  0, 0, 0, , 0, 0, 0, 0, 0,
20,  1,  20,  20,  -1,  546, 877,  103.0,  21,  Nuc70667,  2198,  0, 0, 0, , 0, 0, 0, 0, 0,
21,  1,  21,  21,  22,  570, 869,  114.0,  21,  Nuc73724,  1893,  0, 0, 0, , 0, 0, 0, 0, 0,
22,  1,  22,  23,  -1,  588, 916,  114.0,  21,  Nuc88077,  1863,  0, 0, 0, , 0, 0, 0, 0, 0,
23,  1,  23,  24,  -1,  507, 780,  116.0,  21,  Nuc90592,  1587,  0, 0, 0, , 0, 0, 0, 0, 0,
24,  1,  24,  25,  -1,  437, 787,  123.0,  23,  Nuc102439,  615,  0, 0, 0, , 0, 0, 0, 0, 0,
25,  1,  25,  26,  -1,  487, 821,  125.0,  21,  Nuc102457,  1741,  0, 0, 0, , 0, 0, 0, 0, 0,
26,  1,  26,  27,  -1,  508, 864,  117.0,  21,  Nuc144314,  1743,  0, 0, 0, , 0, 0, 0, 0, 0,
27,  1,  27,  28,  -1,  536, 904,  120.0,  21,  Nuc146047,  1891,  0, 0, 0, , 0, 0, 0, 0, 0,
28,  1,  28,  29,  -1,  464, 898,  122.0,  21,  Nuc146847,  1956,  0, 0, 0, , 0, 0, 0, 0, 0,
29,  1,  29,  30,  -1,  484, 879,  130.0,  21,  Nuc148358,  2034,  0, 0, 0, , 0, 0, 0, 0, 0,
30,  1,  30,  31,  -1,  297, 293,  150.0,  21,  Nuc152818,  778,  0, 0, 0, , 0, 0, 0, 0, 0,
31,  1,  31,  32,  -1,  656, 787,  122.0,  21,  Nuc152907,  2265,  0, 0, 0, , 0, 0, 0, 0, 0,
32,  1,  32,  33,  -1,  691, 750,  128.0,  21,  Nuc170117,  2259,  0, 0, 0, , 0, 0, 0, 0, 0,
33,  1,  33,  34,  -1,  687, 858,  123.0,  21,  Nuc173380,  2317,  0, 0, 0, , 0, 0, 0, 0, 0,
34,  1,  34,  35,  -1,  722, 830,  128.0,  21,  Nuc182354,  2312,  0, 0, 0, , 0, 0, 0, 0, 0,
35,  1,  35,  36,  -1,  702, 773,  145.0,  21,  Nuc190562,  2309,  0, 0, 0, , 0, 0, 0, 0, 0,
36,  1,  36,  37,  -1,  653, 753,  150.0,  21,  Nuc200241,  2886,  0, 0, 0, , 0, 0, 0, 0, 0,
37,  1,  37,  38,  -1,  655, 830,  141.0,  21,  Nuc205695,  2722,  0, 0, 0, , 0, 0, 0, 0, 0,
38,  1,  38,  39,  -1,  609, 812,  142.0,  21,  Nuc208528,  2755,  0, 0, 0, , 0, 0, 0, 0, 0,
39,  1,  39,  40,  -1,  804, 758,  117.0,  21,  Nuc209760,  1783,  0, 0, 0, , 0, 0, 0, 0, 0,
40,  1,  40,  41,  -1,  849, 781,  114.0,  21,  Nuc214927,  1967,  0, 0, 0, , 0, 0, 0, 0, 0,
41,  1,  41,  42,  -1,  867, 800,  96.0,  23,  Nuc215656,  1816,  0, 0, 0, , 0, 0, 0, 0, 0,
42,  1,  42,  43,  -1,  849, 833,  99.0,  25,  Nuc220659,  1736,  0, 0, 0, , 0, 0, 0, 0, 0,
43,  1,  43,  44,  -1,  780, 806,  122.0,  21,  Nuc230375,  2402,  0, 0, 0, , 0, 0, 0, 0, 0,
44,  1,  44,  45,  -1,  738, 779,  118.0,  21,  Nuc230672,  1824,  0, 0, 0, , 0, 0, 0, 0, 0,
45,  1,  45,  46,  -1,  743, 867,  113.0,  21,  Nuc248270,  2291,  0, 0, 0, , 0, 0, 0, 0, 0,
46,  1,  46,  47,  -1,  783, 852,  111.0,  21,  Nuc249171,  2162,  0, 0, 0, , 0, 0, 0, 0, 0,
47,  1,  47,  48,  -1,  785, 197,  106.0,  21,  Nuc251881,  1737,  0, 0, 0, , 0, 0, 0, 0, 0,
48,  1,  48,  49,  -1,  822, 222,  100.0,  21,  Nuc255956,  1641,  0, 0, 0, , 0, 0, 0, 0, 0,
49,  1,  49,  50,  -1,  659, 196,  112.0,  21,  Nuc260710,  1701,  0, 0, 0, , 0, 0, 0, 0, 0,
50,  1,  50,  51,  -1,  695, 164,  107.0,  21,  Nuc261253,  1523,  0, 0, 0, , 0, 0, 0, 0, 0,
51,  1,  51,  52,  -1,  686, 210,  133.0,  23,  Nuc264754,  1684,  0, 0, 0, , 0, 0, 0, 0, 0,
52,  1,  52,  53,  -1,  637, 238,  126.0,  21,  Nuc268194,  1960,  0, 0, 0, , 0, 0, 0, 0, 0,
53,  1,  53,  54,  -1,  628, 188,  125.0,  21,  Nuc271235,  1752,  0, 0, 0, , 0, 0, 0, 0, 0,
54,  1,  54,  55,  -1,  711, 198,  124.0,  21,  Nuc272778,  1486,  0, 0, 0, , 0, 0, 0, 0, 0,
55,  1,  55,  56,  -1,  578, 285,  132.0,  21,  Nuc274982,  1654,  0, 0, 0, , 0, 0, 0, 0, 0,
56,  1,  56,  57,  -1,  540, 241,  133.0,  21,  Nuc280417,  1487,  0, 0, 0, , 0, 0, 0, 0, 0,
57,  1,  57,  58,  -1,  597, 203,  140.0,  21,  Nuc283128,  1884,  0, 0, 0, , 0, 0, 0, 0, 0,
58,  1,  58,  59,  -1,  618, 252,  144.0,  21,  Nuc285936,  1628,  0, 0, 0, , 0, 0, 0, 0, 0,
59,  1,  59,  60,  -1,  553, 215,  117.0,  21,  Nuc293754,  499,  0, 0, 0, , 0, 0, 0, 0, 0,
60,  1,  60,  61,  -1,  555, 181,  127.0,  23,  Nuc293840,  1619,  0, 0, 0, , 0, 0, 0, 0, 0,
61,  1,  61,  62,  -1,  625, 139,  110.0,  21,  Nuc306830,  1417,  0, 0, 0, , 0, 0, 0, 0, 0,
62,  1,  62,  63,  -1,  586, 125,  108.0,  21,  Nuc310948,  1495,  0, 0, 0, , 0, 0, 0, 0, 0,
63,  1,  63,  64,  -1,  863, 300,  113.0,  23,  Nuc314320,  1905,  0, 0, 0, , 0, 0, 0, 0, 0,
64,  1,  64,  65,  -1,  903, 311,  105.0,  21,  Nuc317259,  1779,  0, 0, 0, , 0, 0, 0, 0, 0,
65,  1,  65,  66,  -1,  945, 447,  106.0,  21,  Nuc326406,  2032,  0, 0, 0, , 0, 0, 0, 0, 0,
66,  1,  66,  67,  -1,  949, 401,  110.0,  21,  Nuc330204,  1954,  0, 0, 0, , 0, 0, 0, 0, 0,
67,  1,  67,  68,  -1,  811, 280,  119.0,  21,  Nuc343672,  1652,  0, 0, 0, , 0, 0, 0, 0, 0,
68,  1,  68,  69,  -1,  783, 312,  127.0,  21,  Nuc348451,  2011,  0, 0, 0, , 0, 0, 0, 0, 0,
69,  1,  69,  70,  -1,  856, 344,  128.0,  21,  Nuc359683,  2045,  0, 0, 0, , 0, 0, 0, 0, 0,
70,  1,  70,  71,  -1,  816, 362,  122.0,  21,  Nuc361721,  1801,  0, 0, 0, , 0, 0, 0, 0, 0,
71,  1,  71,  72,  -1,  799, 367,  143.0,  21,  Nuc370604,  2461,  0, 0, 0, , 0, 0, 0, 0, 0,
72,  1,  72,  73,  -1,  754, 337,  149.0,  21,  Nuc382942,  2588,  0, 0, 0, , 0, 0, 0, 0, 0,
73,  1,  73,  74,  -1,  723, 372,  143.0,  21,  Nuc386082,  2126,  0, 0, 0, , 0, 0, 0, 0, 0,
74,  1,  74,  75,  -1,  731, 357,  127.0,  21,  Nuc391870,  2328,  0, 0, 0, , 0, 0, 0, 0, 0,
75,  1,  75,  76,  -1,  679, 287,  137.0,  21,  Nuc406971,  2363,  0, 0, 0, , 0, 0, 0, 0, 0,
76,  1,  76,  77,  -1,  706, 272,  123.0,  21,  Nuc424198,  2179,  0, 0, 0, , 0, 0, 0, 0, 0,
77,  1,  77,  78,  -1,  760, 268,  136.0,  21,  Nuc441241,  2105,  0, 0, 0, , 0, 0, 0, 0, 0,
78,  1,  78,  79,  -1,  770, 244,  123.0,  21,  Nuc442508,  1876,  0, 0, 0, , 0, 0, 0, 0, 0,
79,  1,  80,  80,  -1,  402, 139,  110.0,  21,  Nuc445512,  1718,  0, 0, 0, , 0, 0, 0, 0, 0,
80,  1,  81,  81,  -1,  392, 161,  123.0,  21,  Nuc450552,  1535,  0, 0, 0, , 0, 0, 0, 0, 0,
81,  1,  82,  82,  -1,  377, 210,  137.0,  21,  Nuc451855,  1625,  0, 0, 0, , 0, 0, 0, 0, 0,
82,  1,  83,  83,  -1,  413, 310,  127.0,  21,  Nuc452165,  1156,  0, 0, 0, , 0, 0, 0, 0, 0,
83,  1,  84,  84,  -1,  382, 268,  125.0,  21,  Nuc452179,  959,  0, 0, 0, , 0, 0, 0, 0, 0,
84,  1,  85,  85,  -1,  414, 260,  137.0,  21,  Nuc452218,  1526,  0, 0, 0, , 0, 0, 0, 0, 0,
85,  1,  86,  86,  -1,  469, 127,  109.0,  21,  Nuc454675,  1517,  0, 0, 0, , 0, 0, 0, 0, 0,
86,  1,  87,  87,  -1,  508, 130,  112.0,  21,  Nuc454936,  1498,  0, 0, 0, , 0, 0, 0, 0, 0,
87,  1,  88,  88,  -1,  473, 160,  122.0,  21,  Nuc457651,  1761,  0, 0, 0, , 0, 0, 0, 0, 0,
88,  1,  89,  -1,  -1,  447, 205,  126.0,  19,  Nuc460111,  1364,  0, 0, 0, , 0, 0, 0, 0, 0,
89,  1,  90,  89,  -1,  477, 270,  141.0,  21,  Nuc460151,  2016,  0, 0, 0, , 0, 0, 0, 0, 0,
90,  1,  91,  90,  -1,  480, 265,  127.0,  21,  Nuc462225,  1873,  0, 0, 0, , 0, 0, 0, 0, 0,
91,  1,  92,  91,  -1,  461, 182,  135.0,  21,  Nuc462381,  1534,  0, 0, 0, , 0, 0, 0, 0, 0,
92,  1,  93,  92,  -1,  502, 181,  137.0,  21,  Nuc465722,  1430,  0, 0, 0, , 0, 0, 0, 0, 0,
93,  1,  94,  93,  -1,  905, 637,  127.0,  21,  Nuc466293,  2328,  0, 0, 0, , 0, 0, 0, 0, 0,
94,  1,  95,  94,  -1,  862, 635,  122.0,  21,  Nuc466602,  2512,  0, 0, 0, , 0, 0, 0, 0, 0,
95,  1,  96,  95,  -1,  940, 672,  108.0,  21,  Nuc478786,  2259,  0, 0, 0, , 0, 0, 0, 0, 0,
96,  1,  97,  96,  -1,  958, 628,  109.0,  23,  Nuc487379,  2327,  0, 0, 0, , 0, 0, 0, 0, 0,
97,  1,  98,  97,  -1,  847, 717,  127.0,  21,  Nuc497659,  2352,  0, 0, 0, , 0, 0, 0, 0, 0,
98,  1,  99,  98,  -1,  801, 687,  124.0,  21,  Nuc500818,  2505,  0, 0, 0, , 0, 0, 0, 0, 0,
99,  1,  100,  99,  -1,  889, 713,  117.0,  23,  Nuc541238,  2110,  0, 0, 0, , 0, 0, 0, 0, 0,
100,  1,  101,  100,  -1,  903, 739,  108.0,  21,  Nuc543588,  2271,  0, 0, 0, , 0, 0, 0, 0, 0,
101,  1,  102,  101,  -1,  815, 699,  140.0,  21,  Nuc546719,  2911,  0, 0, 0, , 0, 0, 0, 0, 0,
102,  1,  103,  102,  -1,  789, 757,  134.0,  21,  Nuc574117,  2548,  0, 0, 0, , 0, 0, 0, 0, 0,
103,  1,  104,  103,  -1,  737, 703,  128.0,  21,  Nuc578594,  2795,  0, 0, 0, , 0, 0, 0, 0, 0,
104,  1,  105,  104,  -1,  755, 641,  133.0,  21,  Nuc590733,  2598,  0, 0, 0, , 0, 0, 0, 0, 0,
105,  1,  106,  105,  -1,  700, 673,  141.0,  21,  Nuc606133,  3455,  0, 0, 0, , 0, 0, 0, 0, 0,
106,  1,  108,  106,  -1,  662, 677,  154.0,  21,  Nuc633991,  3833,  0, 0, 0, , 0, 0, 0, 0, 0,
107,  1,  109,  107,  -1,  755, 728,  147.0,  21,  Nuc668712,  2992,  0, 0, 0, , 0, 0, 0, 0, 0,
108,  1,  110,  108,  -1,  720, 713,  156.0,  21,  Nuc673181,  3369,  0, 0, 0, , 0, 0, 0, 0, 0,
109,  1,  111,  -1,  -1,  383, 818,  144.0,  21,  Nuc682045,  1501,  0, 0, 0, , 0, 0, 0, 0, 0,
110,  1,  112,  109,  -1,  343, 771,  148.0,  21,  Nuc682054,  1294,  0, 0, 0, , 0, 0, 0, 0, 0,
111,  1,  113,  110,  -1,  393, 731,  150.0,  21,  Nuc682065,  1692,  0, 0, 0, , 0, 0, 0, 0, 0,
112,  1,  114,  111,  -1,  414, 785,  147.0,  21,  Nuc685630,  2038,  0, 0, 0, , 0, 0, 0, 0, 0,
113,  1,  115,  112,  -1,  434, 830,  134.0,  19,  Nuc685654,  1173,  0, 0, 0, , 0, 0, 0, 0, 0,
114,  1,  115,  113,  -1,  432, 864,  135.0,  21,  Nuc694107,  2021,  0, 0, 0, , 0, 0, 0, 0, 0,
115,  1,  116,  114,  115,  332, 802,  130.0,  19,  Nuc694424,  1395,  0, 0, 0, , 0, 0, 0, 0, 0,
116,  1,  117,  116,  -1,  338, 837,  126.0,  21,  Nuc695082,  2688,  0, 0, 0, , 0, 0, 0, 0, 0,
117,  1,  118,  117,  -1,  904, 400,  123.0,  21,  Nuc701807,  2269,  0, 0, 0, , 0, 0, 0, 0, 0,
118,  1,  119,  118,  -1,  909, 448,  125.0,  21,  Nuc726373,  2100,  0, 0, 0, , 0, 0, 0, 0, 0,
119,  1,  120,  119,  -1,  895, 508,  124.0,  21,  Nuc727161,  2278,  0, 0, 0, , 0, 0, 0, 0, 0,
120,  1,  121,  120,  -1,  946, 490,  122.0,  21,  Nuc733889,  2166,  0, 0, 0, , 0, 0, 0, 0, 0,
121,  1,  122,  121,  -1,  833, 417,  127.0,  21,  Nuc736769,  1874,  0, 0, 0, , 0, 0, 0, 0, 0,
122,  1,  123,  122,  -1,  862, 418,  141.0,  23,  Nuc740814,  2753,  0, 0, 0, , 0, 0, 0, 0, 0,
123,  1,  124,  123,  -1,  837, 484,  136.0,  21,  Nuc744070,  1846,  0, 0, 0, , 0, 0, 0, 0, 0,
124,  1,  125,  124,  -1,  869, 509,  145.0,  21,  Nuc755977,  2955,  0, 0, 0, , 0, 0, 0, 0, 0,
125,  1,  126,  125,  -1,  759, 428,  134.0,  21,  Nuc765552,  2092,  0, 0, 0, , 0, 0, 0, 0, 0,
126,  1,  127,  126,  -1,  779, 471,  129.0,  21,  Nuc767129,  2167,  0, 0, 0, , 0, 0, 0, 0, 0,
127,  1,  128,  127,  -1,  716, 506,  145.0,  21,  Nuc777269,  2112,  0, 0, 0, , 0, 0, 0, 0, 0,
128,  1,  129,  128,  -1,  770, 528,  141.0,  21,  Nuc781771,  2329,  0, 0, 0, , 0, 0, 0, 0, 0,
129,  1,  130,  129,  -1,  789, 494,  158.0,  21,  Nuc781824,  2902,  0, 0, 0, , 0, 0, 0, 0, 0,
130,  1,  131,  130,  -1,  818, 452,  152.0,  21,  Nuc786032,  2855,  0, 0, 0, , 0, 0, 0, 0, 0,
131,  1,  132,  131,  -1,  749, 422,  159.0,  21,  Nuc787819,  3026,  0, 0, 0, , 0, 0, 0, 0, 0,
132,  1,  133,  132,  -1,  707, 452,  157.0,  21,  Nuc795081,  3334,  0, 0, 0, , 0, 0, 0, 0, 0,
133,  1,  134,  133,  -1,  802, 567,  136.0,  21,  Nuc799523,  3126,  0, 0, 0, , 0, 0, 0, 0, 0,
134,  1,  135,  134,  -1,  784, 610,  145.0,  21,  Nuc842568,  3159,  0, 0, 0, , 0, 0, 0, 0, 0,
135,  1,  136,  135,  -1,  869, 624,  141.0,  21,  Nuc846752,  2771,  0, 0, 0, , 0, 0, 0, 0, 0,
136,  1,  137,  136,  -1,  880, 577,  141.0,  21,  Nuc851353,  3045,  0, 0, 0, , 0, 0, 0, 0, 0,
137,  1,  138,  137,  -1,  834, 588,  128.0,  21,  Nuc855287,  2571,  0, 0, 0, , 0, 0, 0, 0, 0,
138,  1,  139,  138,  -1,  840, 536,  125.0,  21,  Nuc886392,  2571,  0, 0, 0, , 0, 0, 0, 0, 0,
139,  1,  140,  139,  -1,  909, 577,  120.0,  21,  Nuc895734,  2293,  0, 0, 0, , 0, 0, 0, 0, 0,
140,  1,  141,  140,  -1,  935, 575,  128.0,  23,  Nuc902809,  2391,  0, 0, 0, , 0, 0, 0, 0, 0,
141,  1,  142,  141,  -1,  979, 536,  109.0,  25,  Nuc906517,  2172,  0, 0, 0, , 0, 0, 0, 0, 0,
142,  1,  143,  142,  -1,  946, 512,  108.0,  23,  Nuc907617,  2235,  0, 0, 0, , 0, 0, 0, 0, 0,
143,  1,  144,  143,  -1,  733, 579,  130.0,  21,  Nuc911898,  2017,  0, 0, 0, , 0, 0, 0, 0, 0,
144,  1,  145,  144,  -1,  710, 592,  142.0,  21,  Nuc938589,  2597,  0, 0, 0, , 0, 0, 0, 0, 0,
145,  1,  146,  145,  -1,  760, 648,  159.0,  21,  Nuc952997,  2962,  0, 0, 0, , 0, 0, 0, 0, 0,
146,  1,  147,  146,  147,  731, 610,  157.0,  21,  Nuc954592,  3225,  0, 0, 0, , 0, 0, 0, 0, 0,
147,  1,  148,  148,  -1,  824, 594,  153.0,  21,  Nuc966761,  3476,  0, 0, 0, , 0, 0, 0, 0, 0,
148,  1,  149,  149,  -1,  803, 554,  159.0,  21,  Nuc967910,  3115,  0, 0, 0, , 0, 0, 0, 0, 0,
149,  1,  150,  150,  -1,  521, 577,  146.0,  23,  Nuc1024116,  985,  0, 0, 0, , 0, 0, 0, 0, 0,
150,  1,  151,  151,  -1,  478, 596,  147.0,  21,  Nuc1056912,  1847,  0, 0, 0, , 0, 0, 0, 0, 0,
151,  1,  153,  152,  -1,  293, 774,  119.0,  21,  Nuc1057047,  905,  0, 0, 0, , 0, 0, 0, 0, 0,
152,  1,  153,  153,  -1,  312, 758,  130.0,  21,  Nuc1057279,  1987,  0, 0, 0, , 0, 0, 0, 0, 0,
153,  1,  154,  154,  -1,  485, 722,  124.0,  21,  Nuc1057337,  2165,  0, 0, 0, , 0, 0, 0, 0, 0,
154,  1,  155,  155,  -1,  374, 741,  134.0,  21,  Nuc1057648,  1506,  0, 0, 0, , 0, 0, 0, 0, 0,
155,  1,  156,  156,  -1,  459, 747,  136.0,  21,  Nuc1057668,  1487,  0, 0, 0, , 0, 0, 0, 0, 0,
156,  1,  157,  157,  -1,  443, 696,  145.0,  21,  Nuc1057735,  1691,  0, 0, 0, , 0, 0, 0, 0, 0,
157,  1,  158,  158,  -1,  479, 715,  149.0,  21,  Nuc1057753,  1886,  0, 0, 0, , 0, 0, 0, 0, 0,
158,  1,  159,  159,  -1,  578, 640,  130.0,  21,  Nuc1057905,  2789,  0, 0, 0, , 0, 0, 0, 0, 0,
159,  1,  160,  160,  -1,  558, 650,  146.0,  21,  Nuc1062361,  2211,  0, 0, 0, , 0, 0, 0, 0, 0,
160,  1,  162,  161,  -1,  544, 699,  136.0,  21,  Nuc1091582,  2556,  0, 0, 0, , 0, 0, 0, 0, 0,
161,  1,  163,  162,  -1,  548, 702,  125.0,  23,  Nuc1092025,  2218,  0, 0, 0, , 0, 0, 0, 0, 0,
162,  1,  164,  163,  -1,  618, 696,  142.0,  21,  Nuc1102208,  2207,  0, 0, 0, , 0, 0, 0, 0, 0,
163,  1,  165,  164,  -1,  632, 693,  128.0,  23,  Nuc1129013,  2443,  0, 0, 0, , 0, 0, 0, 0, 0,
164,  1,  166,  165,  -1,  590, 749,  121.0,  23,  Nuc1145042,  2763,  0, 0, 0, , 0, 0, 0, 0, 0,
165,  1,  167,  166,  -1,  604, 752,  133.0,  23,  Nuc1145215,  1998,  0, 0, 0, , 0, 0, 0, 0, 0,
166,  1,  168,  167,  -1,  447, 524,  129.0,  23,  Nuc1208196,  882,  0, 0, 0, , 0, 0, 0, 0, 0,
167,  1,  168,  168,  -1,  500, 512,  130.0,  23,  Nuc1208672,  1471,  0, 0, 0, , 0, 0, 0, 0, 0,
168,  1,  169,  169,  -1,  562, 740,  147.0,  21,  Nuc1210613,  2858,  0, 0, 0, , 0, 0, 0, 0, 0,
169,  1,  170,  170,  -1,  557, 822,  148.0,  21,  Nuc1231742,  1913,  0, 0, 0, , 0, 0, 0, 0, 0,
170,  1,  171,  171,  -1,  546, 862,  137.0,  21,  Nuc1234861,  2064,  0, 0, 0, , 0, 0, 0, 0, 0,
171,  1,  172,  172,  -1,  464, 832,  148.0,  21,  Nuc1247451,  2626,  0, 0, 0, , 0, 0, 0, 0, 0,
172,  1,  173,  173,  -1,  484, 803,  139.0,  21,  Nuc1248916,  2191,  0, 0, 0, , 0, 0, 0, 0, 0,
173,  1,  174,  174,  -1,  510, 770,  154.0,  21,  Nuc1262370,  2053,  0, 0, 0, , 0, 0, 0, 0, 0,
174,  1,  175,  175,  -1,  479, 772,  163.0,  21,  Nuc1270015,  2312,  0, 0, 0, , 0, 0, 0, 0, 0,
175,  1,  176,  176,  -1,  661, 579,  133.0,  21,  Nuc1272764,  2435,  0, 0, 0, , 0, 0, 0, 0, 0,
176,  1,  177,  177,  -1,  659, 630,  133.0,  21,  Nuc1330322,  1621,  0, 0, 0, , 0, 0, 0, 0, 0,
177,  1,  178,  178,  -1,  624, 642,  149.0,  17,  Nuc1335652,  732,  0, 0, 0, , 0, 0, 0, 0, 0,
178,  1,  178,  179,  -1,  650, 605,  151.0,  21,  Nuc1335654,  2563,  0, 0, 0, , 0, 0, 0, 0, 0,
179,  1,  179,  180,  -1,  586, 587,  139.0,  21,  Nuc1336672,  2391,  0, 0, 0, , 0, 0, 0, 0, 0,
180,  1,  180,  181,  -1,  552, 548,  133.0,  21,  Nuc1344441,  1973,  0, 0, 0, , 0, 0, 0, 0, 0,
181,  1,  181,  182,  -1,  607, 527,  137.0,  21,  Nuc1390587,  1666,  0, 0, 0, , 0, 0, 0, 0, 0,
182,  1,  181,  183,  -1,  651, 502,  132.0,  21,  Nuc1418342,  2886,  0, 0, 0, , 0, 0, 0, 0, 0,
183,  1,  182,  184,  -1,  477, 392,  147.0,  23,  Nuc1418783,  2385,  0, 0, 0, , 0, 0, 0, 0, 0,
184,  1,  183,  185,  -1,  414, 575,  154.0,  21,  Nuc1418863,  1326,  0, 0, 0, , 0, 0, 0, 0, 0,
185,  1,  184,  186,  -1,  409, 521,  152.0,  21,  Nuc1419062,  2069,  0, 0, 0, , 0, 0, 0, 0, 0,
186,  1,  185,  187,  -1,  422, 528,  178.0,  21,  Nuc1419094,  2485,  0, 0, 0, , 0, 0, 0, 0, 0,
187,  1,  186,  188,  -1,  435, 559,  169.0,  21,  Nuc1419540,  1816,  0, 0, 0, , 0, 0, 0, 0, 0,
188,  1,  187,  189,  -1,  496, 439,  130.0,  21,  Nuc1426675,  1742,  0, 0, 0, , 0, 0, 0, 0, 0,
189,  1,  187,  190,  -1,  453, 458,  128.0,  23,  Nuc1426688,  2502,  0, 0, 0, , 0, 0, 0, 0, 0,
190,  1,  188,  191,  -1,  605, 460,  131.0,  21,  Nuc1431509,  2309,  0, 0, 0, , 0, 0, 0, 0, 0,
191,  1,  189,  192,  -1,  552, 466,  131.0,  21,  Nuc1453047,  3190,  0, 0, 0, , 0, 0, 0, 0, 0,
192,  1,  190,  193,  -1,  466, 517,  151.0,  21,  Nuc1468258,  2526,  0, 0, 0, , 0, 0, 0, 0, 0,
193,  1,  191,  194,  -1,  494, 538,  143.0,  21,  Nuc1476752,  1395,  0, 0, 0, , 0, 0, 0, 0, 0,
194,  1,  191,  195,  -1,  504, 477,  141.0,  21,  Nuc1476769,  1513,  0, 0, 0, , 0, 0, 0, 0, 0,
195,  1,  192,  -1,  -1,  436, 480,  141.0,  21,  Nuc1483154,  515,  0, 0, 0, , 0, 0, 0, 0, 0,
196,  1,  192,  -1,  -1,  471, 453,  146.0,  23,  Nuc1483155,  1005,  0, 0, 0, , 0, 0, 0, 0, 0,
197,  1,  193,  196,  -1,  373, 381,  167.0,  21,  Nuc1483228,  1492,  0, 0, 0, , 0, 0, 0, 0, 0,
198,  1,  194,  197,  -1,  336, 367,  170.0,  21,  Nuc1492364,  2446,  0, 0, 0, , 0, 0, 0, 0, 0,
199,  1,  195,  198,  -1,  284, 444,  168.0,  21,  Nuc1492471,  1751,  0, 0, 0, , 0, 0, 0, 0, 0,
200,  1,  196,  199,  -1,  417, 386,  175.0,  21,  Nuc1493006,  3077,  0, 0, 0, , 0, 0, 0, 0, 0,
201,  1,  197,  200,  -1,  413, 474,  155.0,  21,  Nuc1493156,  1656,  0, 0, 0, , 0, 0, 0, 0, 0,
202,  1,  198,  -1,  -1,  331, 407,  158.0,  21,  Nuc1493175,  227,  0, 0, 0, , 0, 0, 0, 0, 0,
203,  1,  198,  201,  -1,  387, 423,  157.0,  21,  Nuc1493176,  1835,  0, 0, 0, , 0, 0, 0, 0, 0,
204,  1,  199,  202,  -1,  459, 303,  167.0,  21,  Nuc1493228,  1752,  0, 0, 0, , 0, 0, 0, 0, 0,
205,  1,  200,  203,  -1,  287, 357,  159.0,  21,  Nuc1493599,  251,  0, 0, 0, , 0, 0, 0, 0, 0,
206,  1,  200,  204,  -1,  343, 335,  159.0,  21,  Nuc1493609,  1344,  0, 0, 0, , 0, 0, 0, 0, 0,
207,  1,  201,  205,  -1,  395, 320,  164.0,  21,  Nuc1493768,  2376,  0, 0, 0, , 0, 0, 0, 0, 0,
208,  1,  202,  206,  -1,  420, 373,  157.0,  21,  Nuc1494670,  1848,  0, 0, 0, , 0, 0, 0, 0, 0,
209,  1,  203,  207,  -1,  343, 257,  138.0,  21,  Nuc1494724,  1206,  0, 0, 0, , 0, 0, 0, 0, 0,
210,  1,  204,  208,  -1,  359, 269,  149.0,  21,  Nuc1496167,  1389,  0, 0, 0, , 0, 0, 0, 0, 0,
211,  1,  205,  209,  -1,  392, 319,  144.0,  21,  Nuc1496180,  1846,  0, 0, 0, , 0, 0, 0, 0, 0,
212,  1,  206,  210,  -1,  432, 261,  156.0,  21,  Nuc1496370,  1747,  0, 0, 0, , 0, 0, 0, 0, 0,
213,  1,  207,  211,  -1,  420, 218,  146.0,  21,  Nuc1497056,  2268,  0, 0, 0, , 0, 0, 0, 0, 0,
214,  1,  208,  212,  -1,  664, 302,  152.0,  21,  Nuc1500730,  2678,  0, 0, 0, , 0, 0, 0, 0, 0,
215,  1,  209,  213,  -1,  634, 349,  164.0,  21,  Nuc1503361,  2815,  0, 0, 0, , 0, 0, 0, 0, 0,
216,  1,  210,  214,  -1,  616, 395,  155.0,  21,  Nuc1508341,  1635,  0, 0, 0, , 0, 0, 0, 0, 0,
217,  1,  211,  215,  -1,  661, 378,  143.0,  21,  Nuc1510126,  2220,  0, 0, 0, , 0, 0, 0, 0, 0,
218,  1,  212,  216,  -1,  595, 402,  133.0,  21,  Nuc1514873,  1156,  0, 0, 0, , 0, 0, 0, 0, 0,
219,  1,  213,  217,  -1,  541, 402,  141.0,  21,  Nuc1514894,  2709,  0, 0, 0, , 0, 0, 0, 0, 0,
220,  1,  214,  218,  -1,  642, 333,  127.0,  21,  Nuc1545766,  1768,  0, 0, 0, , 0, 0, 0, 0, 0,
221,  1,  215,  219,  -1,  604, 328,  142.0,  21,  Nuc1551430,  1947,  0, 0, 0, , 0, 0, 0, 0, 0,
222,  1,  216,  220,  -1,  471, 324,  152.0,  21,  Nuc1553366,  2568,  0, 0, 0, , 0, 0, 0, 0, 0,
223,  1,  217,  221,  -1,  531, 320,  141.0,  21,  Nuc1560733,  1891,  0, 0, 0, , 0, 0, 0, 0, 0,
224,  1,  218,  222,  -1,  544, 268,  150.0,  21,  Nuc1572634,  2499,  0, 0, 0, , 0, 0, 0, 0, 0,
225,  1,  219,  223,  -1,  504, 232,  152.0,  21,  Nuc1575656,  2442,  0, 0, 0, , 0, 0, 0, 0, 0,
226,  1,  220,  224,  -1,  591, 282,  159.0,  21,  Nuc1577618,  2266,  0, 0, 0, , 0, 0, 0, 0, 0,
227,  1,  221,  225,  -1,  573, 329,  165.0,  21,  Nuc1581751,  2843,  0, 0, 0, , 0, 0, 0, 0, 0,
228,  1,  222,  226,  -1,  465, 363,  172.0,  21,  Nuc1584288,  2516,  0, 0, 0, , 0, 0, 0, 0, 0,
229,  1,  223,  227,  -1,  510, 320,  167.0,  21,  Nuc1584413,  3113,  0, 0, 0, , 0, 0, 0, 0, 0,
230,  1,  224,  228,  -1,  641, 455,  153.0,  21,  Nuc1584587,  2540,  0, 0, 0, , 0, 0, 0, 0, 0,
231,  1,  225,  229,  -1,  651, 450,  139.0,  21,  Nuc1602911,  2600,  0, 0, 0, , 0, 0, 0, 0, 0,
232,  1,  226,  230,  -1,  709, 434,  131.0,  21,  Nuc1622759,  2700,  0, 0, 0, , 0, 0, 0, 0, 0,
233,  1,  227,  231,  -1,  667, 408,  129.0,  21,  Nuc1639843,  2823,  0, 0, 0, , 0, 0, 0, 0, 0,
234,  1,  228,  232,  -1,  642, 530,  166.0,  21,  Nuc1640578,  5902,  0, 0, 0, , 0, 0, 0, 0, 0,
235,  1,  229,  233,  -1,  646, 502,  145.0,  21,  Nuc1643525,  2071,  0, 0, 0, , 0, 0, 0, 0, 0,
236,  1,  229,  234,  -1,  625, 528,  150.0,  21,  Nuc1647656,  2165,  0, 0, 0, , 0, 0, 0, 0, 0,
237,  1,  230,  235,  -1,  687, 584,  156.0,  19,  Nuc1703095,  2043,  0, 0, 0, , 0, 0, 0, 0, 0,
238,  1,  230,  236,  -1,  667, 544,  157.0,  21,  Nuc1707822,  3716,  0, 0, 0, , 0, 0, 0, 0, 0,
239,  1,  231,  237,  -1,  650, 559,  146.0,  21,  Nuc1707956,  3110,  0, 0, 0, , 0, 0, 0, 0, 0,
240,  1,  232,  238,  -1,  680, 543,  138.0,  21,  Nuc1738819,  2124,  0, 0, 0, , 0, 0, 0, 0, 0,
241,  1,  233,  239,  -1,  508, 499,  155.0,  21,  Nuc1740620,  3110,  0, 0, 0, , 0, 0, 0, 0, 0,
242,  1,  234,  240,  -1,  531, 539,  157.0,  21,  Nuc1750708,  2618,  0, 0, 0, , 0, 0, 0, 0, 0,
243,  1,  235,  241,  242,  566, 530,  149.0,  23,  Nuc1754957,  2112,  0, 0, 0, , 0, 0, 0, 0, 0,
244,  1,  236,  243,  -1,  553, 582,  153.0,  21,  Nuc1755548,  3001,  0, 0, 0, , 0, 0, 0, 0, 0,
245,  1,  237,  244,  -1,  521, 521,  172.0,  21,  Nuc1759765,  1319,  0, 0, 0, , 0, 0, 0, 0, 0,
246,  1,  237,  245,  -1,  527, 474,  173.0,  21,  Nuc1762235,  3097,  0, 0, 0, , 0, 0, 0, 0, 0,
247,  1,  238,  246,  -1,  480, 505,  177.0,  21,  Nuc1763416,  3143,  0, 0, 0, , 0, 0, 0, 0, 0,
248,  1,  239,  247,  -1,  440, 481,  174.0,  19,  Nuc1763561,  815,  0, 0, 0, , 0, 0, 0, 0, 0,
249,  1,  240,  248,  -1,  488, 439,  168.0,  21,  Nuc1763581,  4934,  0, 0, 0, , 0, 0, 0, 0, 0,
250,  1,  241,  249,  -1,  438, 421,  164.0,  21,  Nuc1765084,  2363,  0, 0, 0, , 0, 0, 0, 0, 0,
251,  1,  242,  250,  -1,  499, 488,  166.0,  21,  Nuc1772018,  2230,  0, 0, 0, , 0, 0, 0, 0, 0,
252,  1,  243,  251,  -1,  478, 572,  159.0,  21,  Nuc1773073,  1935,  0, 0, 0, , 0, 0, 0, 0, 0,
253,  1,  244,  252,  -1,  428, 727,  167.0,  21,  Nuc1773179,  3342,  0, 0, 0, , 0, 0, 0, 0, 0,
254,  1,  245,  253,  -1,  404, 677,  160.0,  21,  Nuc1783536,  2770,  0, 0, 0, , 0, 0, 0, 0, 0,
255,  1,  246,  254,  -1,  339, 586,  163.0,  21,  Nuc1784081,  1948,  0, 0, 0, , 0, 0, 0, 0, 0,
256,  1,  248,  255,  -1,  357, 701,  166.0,  21,  Nuc1784114,  1180,  0, 0, 0, , 0, 0, 0, 0, 0,
257,  1,  249,  256,  -1,  314, 702,  159.0,  21,  Nuc1784493,  1464,  0, 0, 0, , 0, 0, 0, 0, 0,
258,  1,  250,  257,  258,  397, 617,  159.0,  21,  Nuc1785267,  249,  0, 0, 0, , 0, 0, 0, 0, 0,
259,  1,  251,  259,  -1,  428, 609,  170.0,  21,  Nuc1787977,  1394,  0, 0, 0, , 0, 0, 0, 0, 0,
260,  1,  252,  260,  -1,  354, 606,  176.0,  21,  Nuc1793841,  2632,  0, 0, 0, , 0, 0, 0, 0, 0,
261,  1,  253,  261,  -1,  376, 655,  172.0,  21,  Nuc1793856,  2610,  0, 0, 0, , 0, 0, 0, 0, 0,
262,  1,  254,  262,  -1,  468, 422,  181.0,  21,  Nuc1794122,  3229,  0, 0, 0, , 0, 0, 0, 0, 0,
263,  1,  255,  263,  -1,  547, 418,  177.0,  21,  Nuc1794465,  3009,  0, 0, 0, , 0, 0, 0, 0, 0,
264,  1,  256,  264,  -1,  528, 370,  174.0,  21,  Nuc1795178,  2961,  0, 0, 0, , 0, 0, 0, 0, 0,
265,  1,  257,  265,  -1,  623, 466,  170.0,  21,  Nuc1800330,  4168,  0, 0, 0, , 0, 0, 0, 0, 0,
266,  1,  258,  266,  -1,  618, 415,  175.0,  21,  Nuc1842021,  2929,  0, 0, 0, , 0, 0, 0, 0, 0,
267,  1,  259,  267,  -1,  701, 374,  162.0,  21,  Nuc1848874,  3250,  0, 0, 0, , 0, 0, 0, 0, 0,
268,  1,  260,  268,  -1,  678, 418,  169.0,  21,  Nuc1849840,  3141,  0, 0, 0, , 0, 0, 0, 0, 0,
269,  1,  261,  269,  -1,  650, 509,  177.0,  21,  Nuc1850304,  3332,  0, 0, 0, , 0, 0, 0, 0, 0,
270,  1,  262,  270,  -1,  681, 471,  175.0,  21,  Nuc1850850,  3042,  0, 0, 0, , 0, 0, 0, 0, 0,
271,  1,  263,  271,  -1,  743, 480,  169.0,  21,  Nuc1851808,  3179,  0, 0, 0, , 0, 0, 0, 0, 0,
272,  1,  264,  272,  -1,  686, 505,  168.0,  21,  Nuc1854167,  3536,  0, 0, 0, , 0, 0, 0, 0, 0,
273,  1,  265,  273,  -1,  743, 515,  170.0,  21,  Nuc1858786,  3205,  0, 0, 0, , 0, 0, 0, 0, 0,
274,  1,  266,  274,  -1,  630, 583,  169.0,  21,  Nuc1862218,  3329,  0, 0, 0, , 0, 0, 0, 0, 0,
275,  1,  267,  275,  -1,  678, 576,  173.0,  23,  Nuc1863104,  3503,  0, 0, 0, , 0, 0, 0, 0, 0,
276,  1,  268,  276,  277,  726, 543,  161.0,  23,  Nuc1867430,  4736,  0, 0, 0, , 0, 0, 0, 0, 0,
277,  1,  269,  278,  -1,  739, 576,  169.0,  21,  Nuc1868196,  4848,  0, 0, 0, , 0, 0, 0, 0, 0,
278,  1,  270,  279,  -1,  466, 686,  178.0,  21,  Nuc1869392,  2092,  0, 0, 0, , 0, 0, 0, 0, 0,
279,  1,  271,  280,  -1,  420, 675,  177.0,  21,  Nuc1869769,  2480,  0, 0, 0, , 0, 0, 0, 0, 0,
280,  1,  272,  281,  -1,  628, 708,  168.0,  21,  Nuc1869999,  3589,  0, 0, 0, , 0, 0, 0, 0, 0,
281,  1,  273,  282,  -1,  592, 695,  158.0,  21,  Nuc1871454,  3059,  0, 0, 0, , 0, 0, 0, 0, 0,
282,  1,  274,  283,  -1,  615, 777,  157.0,  21,  Nuc1876959,  3454,  0, 0, 0, , 0, 0, 0, 0, 0,
283,  1,  275,  284,  -1,  569, 757,  162.0,  21,  Nuc1880445,  3142,  0, 0, 0, , 0, 0, 0, 0, 0,
284,  1,  276,  285,  -1,  520, 664,  179.0,  21,  Nuc1883043,  2968,  0, 0, 0, , 0, 0, 0, 0, 0,
285,  1,  277,  286,  -1,  564, 665,  172.0,  21,  Nuc1886228,  3748,  0, 0, 0, , 0, 0, 0, 0, 0,
286,  1,  278,  287,  -1,  495, 724,  171.0,  21,  Nuc1889458,  3315,  0, 0, 0, , 0, 0, 0, 0, 0,
287,  1,  279,  288,  -1,  546, 725,  170.0,  21,  Nuc1890965,  3331,  0, 0, 0, , 0, 0, 0, 0, 0,
288,  1,  280,  289,  -1,  625, 647,  172.0,  21,  Nuc1892155,  3902,  0, 0, 0, , 0, 0, 0, 0, 0,
289,  1,  281,  290,  -1,  686, 652,  168.0,  21,  Nuc1918893,  3710,  0, 0, 0, , 0, 0, 0, 0, 0,
290,  1,  282,  291,  -1,  575, 622,  179.0,  21,  Nuc1921284,  3687,  0, 0, 0, , 0, 0, 0, 0, 0,
291,  1,  283,  292,  -1,  575, 573,  180.0,  21,  Nuc1921407,  2584,  0, 0, 0, , 0, 0, 0, 0, 0,
292,  1,  284,  293,  -1,  575, 464,  181.0,  21,  Nuc1922082,  3162,  0, 0, 0, , 0, 0, 0, 0, 0,
293,  1,  285,  294,  -1,  626, 548,  178.0,  21,  Nuc1922182,  3438,  0, 0, 0, , 0, 0, 0, 0, 0,
294,  1,  286,  295,  -1,  501, 594,  184.0,  21,  Nuc1923298,  2603,  0, 0, 0, , 0, 0, 0, 0, 0,
295,  1,  287,  296,  -1,  451, 633,  181.0,  21,  Nuc1924237,  2929,  0, 0, 0, , 0, 0, 0, 0, 0,
296,  1,  288,  297,  -1,  437, 588,  183.0,  21,  Nuc1934131,  1988,  0, 0, 0, , 0, 0, 0, 0, 0,
297,  1,  289,  298,  -1,  471, 664,  166.0,  21,  Nuc1934272,  2664,  0, 0, 0, , 0, 0, 0, 0, 0,
298,  1,  290,  299,  -1,  516, 624,  157.0,  21,  Nuc1942127,  2602,  0, 0, 0, , 0, 0, 0, 0, 0,
299,  1,  291,  300,  -1,  460, 639,  155.0,  21,  Nuc1943191,  2660,  0, 0, 0, , 0, 0, 0, 0, 0,
300,  1,  292,  301,  -1,  518, 690,  159.0,  21,  Nuc1943225,  2505,  0, 0, 0, , 0, 0, 0, 0, 0,
301,  1,  293,  302,  -1,  531, 585,  168.0,  21,  Nuc1950058,  2865,  0, 0, 0, , 0, 0, 0, 0, 0,
302,  1,  294,  303,  304,  484, 597,  172.0,  21,  Nuc1950324,  3136,  0, 0, 0, , 0, 0, 0, 0, 0,
303,  1,  295,  305,  -1,  405, 534,  186.0,  21,  Nuc1953736,  1451,  0, 0, 0, , 0, 0, 0, 0, 0,
304,  1,  296,  306,  -1,  393, 454,  183.0,  21,  Nuc1954707,  1935,  0, 0, 0, , 0, 0, 0, 0, 0,
305,  1,  297,  307,  -1,  494, 541,  185.0,  21,  Nuc1954941,  2500,  0, 0, 0, , 0, 0, 0, 0, 0,
306,  1,  298,  308,  -1,  570, 513,  182.0,  21,  Nuc1955378,  3527,  0, 0, 0, , 0, 0, 0, 0, 0,
307,  1,  299,  309,  -1,  535, 553,  181.0,  21,  Nuc1967348,  3637,  0, 0, 0, , 0, 0, 0, 0, 0,
308,  1,  300,  310,  -1,  512, 465,  184.0,  21,  Nuc1968440,  2537,  0, 0, 0, , 0, 0, 0, 0, 0,
309,  1,  301,  311,  -1,  447, 497,  186.0,  23,  Nuc1968602,  2016,  0, 0, 0, , 0, 0, 0, 0, 0,
310,  1,  302,  312,  -1,  582, 619,  160.0,  21,  Nuc1968839,  3428,  0, 0, 0, , 0, 0, 0, 0, 0,
311,  1,  303,  313,  -1,  589, 522,  170.0,  21,  Nuc2004963,  4625,  0, 0, 0, , 0, 0, 0, 0, 0,
312,  1,  304,  314,  -1,  592, 561,  158.0,  21,  Nuc2006234,  3768,  0, 0, 0, , 0, 0, 0, 0, 0,
313,  1,  305,  315,  -1,  400, 763,  161.0,  23,  Nuc2009247,  2330,  0, 0, 0, , 0, 0, 0, 0, 0,
314,  1,  306,  316,  -1,  550, 495,  162.0,  21,  Nuc2012787,  2747,  0, 0, 0, , 0, 0, 0, 0, 0,
315,  1,  307,  317,  -1,  528, 366,  156.0,  21,  Nuc2021746,  1965,  0, 0, 0, , 0, 0, 0, 0, 0,
316,  1,  308,  318,  -1,  565, 401,  163.0,  21,  Nuc2024299,  3751,  0, 0, 0, , 0, 0, 0, 0, 0,
317,  1,  309,  319,  -1,  522, 441,  158.0,  21,  Nuc2034644,  2924,  0, 0, 0, , 0, 0, 0, 0, 0,
318,  1,  310,  320,  -1,  572, 452,  164.0,  21,  Nuc2034687,  3634,  0, 0, 0, , 0, 0, 0, 0, 0,
319,  1,  311,  321,  -1,  659, 505,  158.0,  19,  Nuc2034834,  1465,  0, 0, 0, , 0, 0, 0, 0, 0,
320,  1,  312,  322,  -1,  602, 495,  157.0,  23,  Nuc2054038,  2362,  0, 0, 0, , 0, 0, 0, 0, 0,
321,  1,  313,  323,  -1,  257, 416,  154.0,  21,  Nuc2064297,  869,  0, 0, 0, , 0, 0, 0, 0, 0,
322,  1,  313,  324,  -1,  294, 453,  153.0,  21,  Nuc2064299,  1047,  0, 0, 0, , 0, 0, 0, 0, 0,
323,  1,  314,  325,  -1,  344, 473,  149.0,  21,  Nuc2064462,  1293,  0, 0, 0, , 0, 0, 0, 0, 0,
324,  1,  315,  326,  327,  290, 608,  147.0,  21,  Nuc2064576,  240,  0, 0, 0, , 0, 0, 0, 0, 0,
325,  1,  316,  328,  329,  309, 658,  145.0,  21,  Nuc2064653,  779,  0, 0, 0, , 0, 0, 0, 0, 0,
326,  1,  318,  330,  -1,  319, 709,  143.0,  21,  Nuc2064659,  1748,  0, 0, 0, , 0, 0, 0, 0, 0,
327,  1,  319,  331,  -1,  261, 637,  157.0,  21,  Nuc2064716,  2181,  0, 0, 0, , 0, 0, 0, 0, 0,
328,  1,  320,  332,  -1,  439, 349,  137.0,  21,  Nuc2064818,  1568,  0, 0, 0, , 0, 0, 0, 0, 0,
329,  1,  321,  333,  -1,  468, 335,  128.0,  21,  Nuc2064893,  1641,  0, 0, 0, , 0, 0, 0, 0, 0,
330,  1,  322,  334,  -1,  381, 377,  138.0,  21,  Nuc2070285,  1784,  0, 0, 0, , 0, 0, 0, 0, 0,
331,  1,  324,  335,  336,  392, 363,  125.0,  21,  Nuc2070311,  1697,  0, 0, 0, , 0, 0, 0, 0, 0,
332,  1,  325,  337,  -1,  351, 552,  175.0,  21,  Nuc2070369,  1570,  0, 0, 0, , 0, 0, 0, 0, 0,
333,  1,  326,  338,  -1,  300, 563,  169.0,  21,  Nuc2070511,  2103,  0, 0, 0, , 0, 0, 0, 0, 0,
334,  1,  327,  339,  -1,  390, 850,  108.0,  21,  Nuc2070783,  906,  0, 0, 0, , 0, 0, 0, 0, 0,
335,  1,  327,  340,  -1,  378, 892,  106.0,  21,  Nuc2070785,  1212,  0, 0, 0, , 0, 0, 0, 0, 0,
336,  1,  328,  341,  -1,  381, 918,  95.0,  21,  Nuc2080667,  925,  0, 0, 0, , 0, 0, 0, 0, 0,
337,  1,  330,  342,  -1,  418, 635,  142.0,  21,  Nuc2080727,  2027,  0, 0, 0, , 0, 0, 0, 0, 0,
338,  1,  331,  343,  -1,  347, 705,  127.0,  21,  Nuc2080758,  1061,  0, 0, 0, , 0, 0, 0, 0, 0,
339,  1,  332,  344,  -1,  375, 683,  140.0,  21,  Nuc2080768,  488,  0, 0, 0, , 0, 0, 0, 0, 0,
340,  1,  333,  345,  -1,  247, 344,  148.0,  21,  Nuc2080839,  1585,  0, 0, 0, , 0, 0, 0, 0, 0,
341,  1,  334,  346,  -1,  212, 395,  143.0,  21,  Nuc2081035,  1874,  0, 0, 0, , 0, 0, 0, 0, 0,
342,  1,  335,  347,  -1,  299, 513,  172.0,  21,  Nuc2081065,  1969,  0, 0, 0, , 0, 0, 0, 0, 0,
343,  1,  336,  348,  -1,  371, 534,  166.0,  19,  Nuc2081293,  214,  0, 0, 0, , 0, 0, 0, 0, 0,
344,  1,  336,  349,  -1,  359, 491,  161.0,  21,  Nuc2084618,  1021,  0, 0, 0, , 0, 0, 0, 0, 0,
345,  1,  337,  -1,  -1,  308, 473,  164.0,  19,  Nuc2084881,  387,  0, 0, 0, , 0, 0, 0, 0, 0,
346,  1,  338,  350,  -1,  419, 859,  120.0,  19,  Nuc2084902,  1302,  0, 0, 0, , 0, 0, 0, 0, 0,
347,  1,  339,  351,  -1,  382, 879,  118.0,  21,  Nuc2087959,  1266,  0, 0, 0, , 0, 0, 0, 0, 0,
348,  1,  340,  352,  -1,  217, 612,  147.0,  19,  Nuc2088472,  802,  0, 0, 0, , 0, 0, 0, 0, 0,
349,  1,  341,  353,  -1,  345, 491,  178.0,  21,  Nuc2088513,  708,  0, 0, 0, , 0, 0, 0, 0, 0,
350,  1,  341,  354,  355,  355, 441,  172.0,  21,  Nuc2088533,  1829,  0, 0, 0, , 0, 0, 0, 0, 0,
351,  1,  342,  356,  -1,  427, 691,  126.0,  21,  Nuc2088787,  1945,  0, 0, 0, , 0, 0, 0, 0, 0,
352,  1,  343,  357,  -1,  530, 770,  134.0,  21,  Nuc2088806,  2117,  0, 0, 0, , 0, 0, 0, 0, 0,
353,  1,  345,  358,  -1,  274, 567,  142.0,  21,  Nuc2132779,  686,  0, 0, 0, , 0, 0, 0, 0, 0,
354,  1,  345,  359,  -1,  321, 574,  143.0,  21,  Nuc2132812,  903,  0, 0, 0, , 0, 0, 0, 0, 0,
355,  1,  346,  360,  -1,  379, 497,  141.0,  21,  Nuc2132841,  488,  0, 0, 0, , 0, 0, 0, 0, 0,
356,  1,  346,  361,  -1,  361, 548,  142.0,  21,  Nuc2132868,  1466,  0, 0, 0, , 0, 0, 0, 0, 0,
357,  1,  347,  362,  -1,  283, 512,  155.0,  21,  Nuc2132888,  913,  0, 0, 0, , 0, 0, 0, 0, 0,
358,  1,  348,  363,  -1,  237, 487,  154.0,  21,  Nuc2134966,  488,  0, 0, 0, , 0, 0, 0, 0, 0,
359,  1,  349,  364,  365,  470, 641,  127.0,  23,  Nuc2134983,  2083,  0, 0, 0, , 0, 0, 0, 0, 0,
360,  1,  351,  366,  367,  327, 406,  142.0,  21,  Nuc2160209,  1004,  0, 0, 0, , 0, 0, 0, 0, 0,
361,  1,  352,  368,  -1,  330, 347,  146.0,  21,  Nuc2160604,  1606,  0, 0, 0, , 0, 0, 0, 0, 0,
362,  1,  355,  369,  370,  452, 396,  124.0,  21,  Nuc2161842,  2061,  0, 0, 0, , 0, 0, 0, 0, 0,
363,  1,  355,  371,  -1,  504, 375,  130.0,  21,  Nuc2161858,  796,  0, 0, 0, , 0, 0, 0, 0, 0,
364,  1,  356,  372,  373,  587, 453,  146.0,  23,  Nuc2161866,  1454,  0, 0, 0, , 0, 0, 0, 0, 0,
365,  1,  -1,  374,  -1,  310, 172,  114.0,  21,  Nuc2161891,  699,  0, 0, 0, , 0, 0, 0, 0, 0,
