1,  1,  1,  1,  -1,  541, 965,  86.0,  21,  Nuc62,  973,  0, 0, 0, , 0, 0, 0, 0, 0,
2,  1,  2,  2,  -1,  504, 945,  92.0,  23,  Nuc5278,  1472,  0, 0, 0, , 0, 0, 0, 0, 0,
3,  1,  3,  3,  -1,  444, 949,  87.0,  21,  Nuc7231,  1510,  0, 0, 0, , 0, 0, 0, 0, 0,
4,  1,  4,  4,  -1,  437, 847,  107.0,  21,  Nuc9520,  1417,  0, 0, 0, , 0, 0, 0, 0, 0,
5,  1,  5,  5,  -1,  474, 873,  103.0,  21,  Nuc24145,  1468,  0, 0, 0, , 0, 0, 0, 0, 0,
6,  1,  6,  6,  -1,  434, 919,  107.0,  19,  Nuc26082,  1606,  0, 0, 0, , 0, 0, 0, 0, 0,
7,  1,  7,  7,  -1,  471, 927,  106.0,  21,  Nuc28675,  1302,  0, 0, 0, , 0, 0, 0, 0, 0,
8,  1,  8,  8,  -1,  767, 895,  92.0,  21,  Nuc29669,  1682,  0, 0, 0, , 0, 0, 0, 0, 0,
9,  1,  9,  9,  -1,  730, 909,  98.0,  21,  Nuc34355,  1706,  0, 0, 0, , 0, 0, 0, 0, 0,
10,  1,  10,  10,  -1,  677, 890,  112.0,  21,  Nuc37580,  1814,  0, 0, 0, , 0, 0, 0, 0, 0,
11,  1,  11,  11,  -1,  652, 849,  111.0,  21,  Nuc40143,  1756,  0, 0, 0, , 0, 0, 0, 0, 0,
12,  1,  12,  12,  -1,  624, 907,  103.0,  23,  Nuc47884,  1421,  0, 0, 0, , 0, 0, 0, 0, 0,
13,  1,  13,  13,  -1,  603, 942,  98.0,  21,  Nuc49702,  1462,  0, 0, 0, , 0, 0, 0, 0, 0,
14,  1,  14,  14,  -1,  680, 939,  88.0,  21,  Nuc51555,  1580,  0, 0, 0, , 0, 0, 0, 0, 0,
15,  1,  15,  15,  -1,  641, 956,  86.0,  21,  Nuc61174,  1442,  0, 0, 0, , 0, 0, 0, 0, 0,
16,  1,  16,  16,  -1,  610, 831,  124.0,  23,  Nuc63981,  2255,  0, 0, 0, , 0, 0, 0, 0, 0,
17,  1,  17,  17,  -1,  627, 866,  131.0,  21,  Nuc64001,  2248,  0, 0, 0, , 0, 0, 0, 0, 0,
18,  1,  18,  18,  -1,  555, 817,  129.0,  21,  Nuc65773,  1763,  0, 0, 0, , 0, 0, 0, 0, 0,
19,  1,  19,  19,  -1,  524, 917,  104.0,  21,  Nuc69342,  1887,  0, 0, 0, , 0, 0, 0, 0, 0,
20,  1,  20,  20,  -1,  542, 876,  103.0,  21,  Nuc70668,  2752,  0, 0, 0, , 0, 0, 0, 0, 0,
21,  1,  21,  21,  -1,  564, 816,  113.0,  23,  Nuc73725,  855,  0, 0, 0, , 0, 0, 0, 0, 0,
22,  1,  21,  22,  -1,  566, 870,  115.0,  21,  Nuc76194,  2451,  0, 0, 0, , 0, 0, 0, 0, 0,
23,  1,  22,  23,  -1,  589, 915,  114.0,  21,  Nuc88078,  2000,  0, 0, 0, , 0, 0, 0, 0, 0,
24,  1,  23,  24,  -1,  506, 779,  116.0,  21,  Nuc90593,  1715,  0, 0, 0, , 0, 0, 0, 0, 0,
25,  1,  24,  25,  -1,  437, 780,  124.0,  21,  Nuc102440,  569,  0, 0, 0, , 0, 0, 0, 0, 0,
26,  1,  25,  26,  -1,  485, 820,  125.0,  21,  Nuc102458,  1689,  0, 0, 0, , 0, 0, 0, 0, 0,
27,  1,  26,  27,  -1,  504, 859,  117.0,  21,  Nuc144315,  1895,  0, 0, 0, , 0, 0, 0, 0, 0,
28,  1,  27,  28,  -1,  536, 903,  121.0,  21,  Nuc146048,  1984,  0, 0, 0, , 0, 0, 0, 0, 0,
29,  1,  28,  29,  -1,  458, 897,  121.0,  19,  Nuc146848,  1605,  0, 0, 0, , 0, 0, 0, 0, 0,
30,  1,  29,  30,  -1,  483, 876,  130.0,  21,  Nuc148359,  2700,  0, 0, 0, , 0, 0, 0, 0, 0,
31,  1,  30,  31,  -1,  300, 291,  150.0,  21,  Nuc152819,  751,  0, 0, 0, , 0, 0, 0, 0, 0,
32,  1,  31,  32,  -1,  652, 785,  123.0,  21,  Nuc152908,  2615,  0, 0, 0, , 0, 0, 0, 0, 0,
33,  1,  32,  33,  -1,  689, 745,  129.0,  21,  Nuc170118,  2185,  0, 0, 0, , 0, 0, 0, 0, 0,
34,  1,  33,  34,  -1,  683, 856,  123.0,  21,  Nuc173381,  2842,  0, 0, 0, , 0, 0, 0, 0, 0,
35,  1,  34,  35,  -1,  722, 823,  128.0,  21,  Nuc182355,  2421,  0, 0, 0, , 0, 0, 0, 0, 0,
36,  1,  35,  36,  -1,  704, 773,  145.0,  21,  Nuc190563,  3112,  0, 0, 0, , 0, 0, 0, 0, 0,
37,  1,  36,  37,  -1,  654, 751,  150.0,  21,  Nuc200242,  3204,  0, 0, 0, , 0, 0, 0, 0, 0,
38,  1,  37,  38,  -1,  661, 828,  140.0,  21,  Nuc205696,  2923,  0, 0, 0, , 0, 0, 0, 0, 0,
39,  1,  38,  39,  -1,  608, 809,  141.0,  21,  Nuc208529,  2516,  0, 0, 0, , 0, 0, 0, 0, 0,
40,  1,  39,  40,  -1,  806, 757,  117.0,  21,  Nuc209761,  1906,  0, 0, 0, , 0, 0, 0, 0, 0,
41,  1,  40,  41,  -1,  850, 779,  115.0,  21,  Nuc214928,  2298,  0, 0, 0, , 0, 0, 0, 0, 0,
42,  1,  41,  42,  -1,  869, 796,  96.0,  23,  Nuc215657,  1919,  0, 0, 0, , 0, 0, 0, 0, 0,
43,  1,  42,  43,  -1,  847, 831,  100.0,  25,  Nuc220660,  1818,  0, 0, 0, , 0, 0, 0, 0, 0,
44,  1,  43,  44,  -1,  779, 806,  123.0,  21,  Nuc230376,  2176,  0, 0, 0, , 0, 0, 0, 0, 0,
45,  1,  44,  45,  -1,  736, 777,  119.0,  21,  Nuc230673,  1953,  0, 0, 0, , 0, 0, 0, 0, 0,
46,  1,  45,  46,  -1,  740, 863,  113.0,  21,  Nuc248271,  2464,  0, 0, 0, , 0, 0, 0, 0, 0,
47,  1,  46,  47,  -1,  783, 845,  111.0,  21,  Nuc249172,  2313,  0, 0, 0, , 0, 0, 0, 0, 0,
48,  1,  47,  48,  -1,  783, 196,  107.0,  21,  Nuc251882,  1505,  0, 0, 0, , 0, 0, 0, 0, 0,
49,  1,  48,  49,  -1,  822, 222,  100.0,  21,  Nuc255957,  1814,  0, 0, 0, , 0, 0, 0, 0, 0,
50,  1,  49,  50,  -1,  653, 200,  112.0,  21,  Nuc260711,  1268,  0, 0, 0, , 0, 0, 0, 0, 0,
51,  1,  50,  51,  -1,  697, 164,  107.0,  21,  Nuc261254,  1690,  0, 0, 0, , 0, 0, 0, 0, 0,
52,  1,  51,  52,  -1,  686, 211,  133.0,  21,  Nuc264755,  1723,  0, 0, 0, , 0, 0, 0, 0, 0,
53,  1,  52,  53,  -1,  634, 237,  126.0,  21,  Nuc268195,  2294,  0, 0, 0, , 0, 0, 0, 0, 0,
54,  1,  53,  54,  -1,  628, 184,  125.0,  21,  Nuc271236,  2255,  0, 0, 0, , 0, 0, 0, 0, 0,
55,  1,  54,  55,  -1,  712, 197,  125.0,  21,  Nuc272779,  1662,  0, 0, 0, , 0, 0, 0, 0, 0,
56,  1,  55,  56,  -1,  580, 286,  131.0,  21,  Nuc274983,  1912,  0, 0, 0, , 0, 0, 0, 0, 0,
57,  1,  56,  57,  -1,  538, 242,  134.0,  21,  Nuc280418,  1636,  0, 0, 0, , 0, 0, 0, 0, 0,
58,  1,  57,  58,  -1,  597, 201,  139.0,  21,  Nuc283129,  2014,  0, 0, 0, , 0, 0, 0, 0, 0,
59,  1,  58,  59,  -1,  617, 254,  144.0,  21,  Nuc285937,  2039,  0, 0, 0, , 0, 0, 0, 0, 0,
60,  1,  59,  60,  -1,  550, 213,  116.0,  21,  Nuc293755,  1672,  0, 0, 0, , 0, 0, 0, 0, 0,
61,  1,  60,  61,  -1,  553, 178,  128.0,  21,  Nuc293841,  1637,  0, 0, 0, , 0, 0, 0, 0, 0,
62,  1,  61,  62,  -1,  623, 138,  111.0,  21,  Nuc306831,  1295,  0, 0, 0, , 0, 0, 0, 0, 0,
63,  1,  62,  63,  -1,  583, 124,  108.0,  21,  Nuc310949,  1916,  0, 0, 0, , 0, 0, 0, 0, 0,
64,  1,  63,  64,  -1,  858, 297,  113.0,  21,  Nuc314321,  1949,  0, 0, 0, , 0, 0, 0, 0, 0,
65,  1,  64,  65,  -1,  903, 310,  104.0,  21,  Nuc317260,  1781,  0, 0, 0, , 0, 0, 0, 0, 0,
66,  1,  65,  66,  -1,  944, 449,  105.0,  21,  Nuc326407,  2087,  0, 0, 0, , 0, 0, 0, 0, 0,
67,  1,  66,  67,  -1,  947, 396,  110.0,  21,  Nuc330205,  2065,  0, 0, 0, , 0, 0, 0, 0, 0,
68,  1,  67,  68,  -1,  809, 275,  119.0,  21,  Nuc343673,  2009,  0, 0, 0, , 0, 0, 0, 0, 0,
69,  1,  68,  69,  -1,  780, 314,  127.0,  21,  Nuc348452,  2046,  0, 0, 0, , 0, 0, 0, 0, 0,
70,  1,  69,  70,  -1,  856, 342,  128.0,  21,  Nuc359684,  2261,  0, 0, 0, , 0, 0, 0, 0, 0,
71,  1,  70,  71,  -1,  816, 363,  122.0,  21,  Nuc361722,  2202,  0, 0, 0, , 0, 0, 0, 0, 0,
72,  1,  71,  72,  -1,  799, 368,  142.0,  21,  Nuc370605,  2685,  0, 0, 0, , 0, 0, 0, 0, 0,
73,  1,  72,  73,  -1,  750, 336,  150.0,  21,  Nuc382943,  2844,  0, 0, 0, , 0, 0, 0, 0, 0,
74,  1,  73,  74,  -1,  722, 370,  143.0,  21,  Nuc386083,  2461,  0, 0, 0, , 0, 0, 0, 0, 0,
75,  1,  74,  75,  -1,  731, 354,  126.0,  21,  Nuc391871,  2512,  0, 0, 0, , 0, 0, 0, 0, 0,
76,  1,  75,  76,  -1,  677, 287,  137.0,  21,  Nuc406972,  2755,  0, 0, 0, , 0, 0, 0, 0, 0,
77,  1,  76,  77,  -1,  706, 269,  123.0,  21,  Nuc424199,  2704,  0, 0, 0, , 0, 0, 0, 0, 0,
78,  1,  77,  78,  -1,  756, 271,  137.0,  23,  Nuc441242,  2198,  0, 0, 0, , 0, 0, 0, 0, 0,
79,  1,  78,  79,  -1,  769, 242,  122.0,  21,  Nuc442509,  2174,  0, 0, 0, , 0, 0, 0, 0, 0,
80,  1,  79,  80,  -1,  400, 136,  110.0,  21,  Nuc445513,  1669,  0, 0, 0, , 0, 0, 0, 0, 0,
81,  1,  80,  81,  -1,  392, 161,  123.0,  21,  Nuc450553,  1638,  0, 0, 0, , 0, 0, 0, 0, 0,
82,  1,  81,  82,  -1,  374, 209,  137.0,  21,  Nuc451856,  1923,  0, 0, 0, , 0, 0, 0, 0, 0,
83,  1,  82,  83,  -1,  415, 311,  127.0,  21,  Nuc452166,  971,  0, 0, 0, , 0, 0, 0, 0, 0,
84,  1,  83,  84,  -1,  383, 269,  125.0,  21,  Nuc452180,  1232,  0, 0, 0, , 0, 0, 0, 0, 0,
85,  1,  84,  85,  -1,  415, 263,  138.0,  21,  Nuc452219,  2111,  0, 0, 0, , 0, 0, 0, 0, 0,
86,  1,  85,  86,  -1,  468, 125,  109.0,  21,  Nuc454676,  1429,  0, 0, 0, , 0, 0, 0, 0, 0,
87,  1,  86,  87,  -1,  508, 129,  113.0,  21,  Nuc454937,  1511,  0, 0, 0, , 0, 0, 0, 0, 0,
88,  1,  87,  88,  -1,  473, 161,  124.0,  21,  Nuc457652,  1943,  0, 0, 0, , 0, 0, 0, 0, 0,
89,  1,  89,  89,  -1,  476, 270,  141.0,  21,  Nuc460152,  2066,  0, 0, 0, , 0, 0, 0, 0, 0,
90,  1,  90,  90,  -1,  480, 263,  126.0,  21,  Nuc462226,  1890,  0, 0, 0, , 0, 0, 0, 0, 0,
91,  1,  91,  91,  -1,  459, 183,  135.0,  21,  Nuc462382,  1785,  0, 0, 0, , 0, 0, 0, 0, 0,
92,  1,  92,  92,  -1,  505, 185,  138.0,  21,  Nuc465723,  1727,  0, 0, 0, , 0, 0, 0, 0, 0,
93,  1,  93,  93,  -1,  905, 636,  127.0,  21,  Nuc466294,  2426,  0, 0, 0, , 0, 0, 0, 0, 0,
94,  1,  94,  94,  -1,  864, 635,  121.0,  21,  Nuc466603,  2548,  0, 0, 0, , 0, 0, 0, 0, 0,
95,  1,  95,  95,  -1,  942, 672,  107.0,  21,  Nuc478787,  2066,  0, 0, 0, , 0, 0, 0, 0, 0,
96,  1,  96,  96,  -1,  958, 621,  108.0,  21,  Nuc487380,  2432,  0, 0, 0, , 0, 0, 0, 0, 0,
97,  1,  97,  97,  -1,  849, 715,  128.0,  21,  Nuc497660,  2495,  0, 0, 0, , 0, 0, 0, 0, 0,
98,  1,  98,  98,  -1,  798, 682,  125.0,  21,  Nuc500819,  2551,  0, 0, 0, , 0, 0, 0, 0, 0,
99,  1,  99,  99,  -1,  888, 710,  118.0,  21,  Nuc541239,  1853,  0, 0, 0, , 0, 0, 0, 0, 0,
100,  1,  100,  100,  -1,  904, 737,  108.0,  21,  Nuc543589,  2127,  0, 0, 0, , 0, 0, 0, 0, 0,
101,  1,  101,  101,  -1,  816, 694,  140.0,  21,  Nuc546720,  3030,  0, 0, 0, , 0, 0, 0, 0, 0,
102,  1,  102,  102,  -1,  783, 762,  134.0,  21,  Nuc574118,  3026,  0, 0, 0, , 0, 0, 0, 0, 0,
103,  1,  103,  103,  -1,  736, 702,  128.0,  21,  Nuc578595,  2983,  0, 0, 0, , 0, 0, 0, 0, 0,
104,  1,  104,  104,  -1,  757, 639,  133.0,  21,  Nuc590734,  2760,  0, 0, 0, , 0, 0, 0, 0, 0,
105,  1,  105,  105,  -1,  700, 672,  142.0,  21,  Nuc606134,  3363,  0, 0, 0, , 0, 0, 0, 0, 0,
106,  1,  106,  106,  -1,  661, 677,  155.0,  21,  Nuc633992,  3767,  0, 0, 0, , 0, 0, 0, 0, 0,
107,  1,  107,  107,  -1,  755, 728,  146.0,  21,  Nuc668713,  3275,  0, 0, 0, , 0, 0, 0, 0, 0,
108,  1,  108,  108,  -1,  717, 710,  156.0,  21,  Nuc673182,  2972,  0, 0, 0, , 0, 0, 0, 0, 0,
109,  1,  110,  109,  -1,  341, 770,  148.0,  21,  Nuc682055,  2234,  0, 0, 0, , 0, 0, 0, 0, 0,
110,  1,  111,  110,  -1,  391, 730,  151.0,  21,  Nuc682066,  1524,  0, 0, 0, , 0, 0, 0, 0, 0,
111,  1,  112,  111,  -1,  417, 786,  147.0,  21,  Nuc685631,  1751,  0, 0, 0, , 0, 0, 0, 0, 0,
112,  1,  113,  112,  113,  433, 827,  136.0,  19,  Nuc685655,  1112,  0, 0, 0, , 0, 0, 0, 0, 0,
113,  1,  114,  114,  -1,  431, 864,  135.0,  21,  Nuc694108,  2138,  0, 0, 0, , 0, 0, 0, 0, 0,
114,  1,  115,  115,  -1,  369, 774,  124.0,  21,  Nuc694425,  492,  0, 0, 0, , 0, 0, 0, 0, 0,
115,  1,  115,  116,  -1,  333, 800,  131.0,  21,  Nuc694435,  1770,  0, 0, 0, , 0, 0, 0, 0, 0,
116,  1,  116,  117,  -1,  340, 837,  125.0,  21,  Nuc695083,  2687,  0, 0, 0, , 0, 0, 0, 0, 0,
117,  1,  117,  118,  -1,  902, 397,  122.0,  21,  Nuc701808,  2610,  0, 0, 0, , 0, 0, 0, 0, 0,
118,  1,  118,  119,  -1,  907, 446,  125.0,  21,  Nuc726374,  2296,  0, 0, 0, , 0, 0, 0, 0, 0,
119,  1,  119,  120,  -1,  893, 505,  124.0,  21,  Nuc727162,  2474,  0, 0, 0, , 0, 0, 0, 0, 0,
120,  1,  120,  121,  -1,  947, 488,  122.0,  21,  Nuc733890,  2257,  0, 0, 0, , 0, 0, 0, 0, 0,
121,  1,  121,  122,  -1,  834, 415,  127.0,  21,  Nuc736770,  2373,  0, 0, 0, , 0, 0, 0, 0, 0,
122,  1,  122,  123,  -1,  862, 418,  141.0,  23,  Nuc740815,  2827,  0, 0, 0, , 0, 0, 0, 0, 0,
123,  1,  123,  124,  -1,  837, 482,  136.0,  21,  Nuc744071,  2012,  0, 0, 0, , 0, 0, 0, 0, 0,
124,  1,  124,  125,  -1,  868, 512,  146.0,  21,  Nuc755978,  2901,  0, 0, 0, , 0, 0, 0, 0, 0,
125,  1,  125,  126,  -1,  760, 425,  134.0,  21,  Nuc765553,  2767,  0, 0, 0, , 0, 0, 0, 0, 0,
126,  1,  126,  127,  -1,  780, 469,  130.0,  21,  Nuc767130,  2349,  0, 0, 0, , 0, 0, 0, 0, 0,
127,  1,  127,  128,  -1,  717, 505,  145.0,  21,  Nuc777270,  2492,  0, 0, 0, , 0, 0, 0, 0, 0,
128,  1,  128,  129,  -1,  770, 528,  141.0,  21,  Nuc781772,  2343,  0, 0, 0, , 0, 0, 0, 0, 0,
129,  1,  129,  130,  -1,  787, 494,  158.0,  21,  Nuc781825,  3394,  0, 0, 0, , 0, 0, 0, 0, 0,
130,  1,  130,  131,  -1,  818, 451,  151.0,  21,  Nuc786033,  3656,  0, 0, 0, , 0, 0, 0, 0, 0,
131,  1,  131,  132,  -1,  751, 419,  159.0,  21,  Nuc787820,  3015,  0, 0, 0, , 0, 0, 0, 0, 0,
132,  1,  132,  133,  -1,  706, 452,  156.0,  21,  Nuc795082,  3739,  0, 0, 0, , 0, 0, 0, 0, 0,
133,  1,  133,  134,  -1,  807, 565,  136.0,  21,  Nuc799524,  3390,  0, 0, 0, , 0, 0, 0, 0, 0,
134,  1,  134,  135,  -1,  786, 610,  145.0,  21,  Nuc842569,  3051,  0, 0, 0, , 0, 0, 0, 0, 0,
135,  1,  135,  136,  -1,  865, 630,  140.0,  21,  Nuc846753,  2905,  0, 0, 0, , 0, 0, 0, 0, 0,
136,  1,  136,  137,  -1,  880, 572,  140.0,  21,  Nuc851354,  3208,  0, 0, 0, , 0, 0, 0, 0, 0,
137,  1,  137,  138,  -1,  835, 589,  127.0,  21,  Nuc855288,  2432,  0, 0, 0, , 0, 0, 0, 0, 0,
138,  1,  138,  139,  -1,  842, 534,  125.0,  21,  Nuc886393,  2833,  0, 0, 0, , 0, 0, 0, 0, 0,
139,  1,  139,  140,  -1,  909, 575,  120.0,  21,  Nuc895735,  2400,  0, 0, 0, , 0, 0, 0, 0, 0,
140,  1,  140,  141,  -1,  934, 571,  128.0,  23,  Nuc902810,  2483,  0, 0, 0, , 0, 0, 0, 0, 0,
141,  1,  141,  142,  -1,  978, 536,  109.0,  23,  Nuc906518,  2296,  0, 0, 0, , 0, 0, 0, 0, 0,
142,  1,  142,  143,  -1,  944, 510,  108.0,  23,  Nuc907618,  2356,  0, 0, 0, , 0, 0, 0, 0, 0,
143,  1,  143,  144,  -1,  735, 579,  130.0,  23,  Nuc911899,  2202,  0, 0, 0, , 0, 0, 0, 0, 0,
144,  1,  144,  145,  -1,  709, 590,  141.0,  21,  Nuc938590,  2134,  0, 0, 0, , 0, 0, 0, 0, 0,
145,  1,  145,  146,  -1,  763, 650,  159.0,  21,  Nuc952998,  3354,  0, 0, 0, , 0, 0, 0, 0, 0,
146,  1,  146,  147,  -1,  741, 591,  168.0,  21,  Nuc954593,  2948,  0, 0, 0, , 0, 0, 0, 0, 0,
147,  1,  146,  148,  -1,  731, 608,  156.0,  21,  Nuc956962,  3155,  0, 0, 0, , 0, 0, 0, 0, 0,
148,  1,  147,  149,  -1,  826, 596,  153.0,  21,  Nuc966762,  3316,  0, 0, 0, , 0, 0, 0, 0, 0,
149,  1,  148,  150,  -1,  801, 551,  158.0,  21,  Nuc967911,  3825,  0, 0, 0, , 0, 0, 0, 0, 0,
150,  1,  149,  151,  -1,  522, 576,  145.0,  21,  Nuc1024117,  1698,  0, 0, 0, , 0, 0, 0, 0, 0,
151,  1,  150,  152,  -1,  478, 595,  147.0,  21,  Nuc1056913,  1835,  0, 0, 0, , 0, 0, 0, 0, 0,
152,  1,  151,  153,  -1,  291, 771,  120.0,  21,  Nuc1057048,  736,  0, 0, 0, , 0, 0, 0, 0, 0,
153,  1,  152,  154,  -1,  310, 761,  131.0,  21,  Nuc1057280,  1966,  0, 0, 0, , 0, 0, 0, 0, 0,
154,  1,  153,  155,  -1,  484, 719,  124.0,  21,  Nuc1057338,  2474,  0, 0, 0, , 0, 0, 0, 0, 0,
155,  1,  154,  156,  -1,  373, 740,  135.0,  21,  Nuc1057649,  1788,  0, 0, 0, , 0, 0, 0, 0, 0,
156,  1,  155,  157,  -1,  457, 747,  137.0,  21,  Nuc1057669,  2108,  0, 0, 0, , 0, 0, 0, 0, 0,
157,  1,  156,  158,  -1,  441, 694,  145.0,  21,  Nuc1057736,  1758,  0, 0, 0, , 0, 0, 0, 0, 0,
158,  1,  157,  159,  -1,  480, 717,  150.0,  21,  Nuc1057754,  2421,  0, 0, 0, , 0, 0, 0, 0, 0,
159,  1,  158,  160,  -1,  577, 638,  130.0,  21,  Nuc1057906,  2995,  0, 0, 0, , 0, 0, 0, 0, 0,
160,  1,  159,  161,  -1,  557, 649,  146.0,  21,  Nuc1062362,  2222,  0, 0, 0, , 0, 0, 0, 0, 0,
161,  1,  160,  162,  -1,  540, 697,  136.0,  21,  Nuc1091583,  2924,  0, 0, 0, , 0, 0, 0, 0, 0,
162,  1,  161,  163,  -1,  544, 696,  125.0,  23,  Nuc1092026,  2574,  0, 0, 0, , 0, 0, 0, 0, 0,
163,  1,  162,  164,  -1,  616, 695,  143.0,  21,  Nuc1102209,  2870,  0, 0, 0, , 0, 0, 0, 0, 0,
164,  1,  163,  165,  -1,  631, 692,  128.0,  23,  Nuc1129014,  2366,  0, 0, 0, , 0, 0, 0, 0, 0,
165,  1,  164,  166,  -1,  587, 748,  121.0,  23,  Nuc1145043,  2519,  0, 0, 0, , 0, 0, 0, 0, 0,
166,  1,  165,  167,  -1,  603, 752,  134.0,  23,  Nuc1145216,  2336,  0, 0, 0, , 0, 0, 0, 0, 0,
167,  1,  166,  168,  -1,  448, 521,  130.0,  23,  Nuc1208197,  1164,  0, 0, 0, , 0, 0, 0, 0, 0,
168,  1,  167,  169,  -1,  501, 511,  130.0,  21,  Nuc1208673,  1492,  0, 0, 0, , 0, 0, 0, 0, 0,
169,  1,  168,  170,  -1,  562, 740,  148.0,  21,  Nuc1210614,  2368,  0, 0, 0, , 0, 0, 0, 0, 0,
170,  1,  169,  171,  -1,  558, 819,  149.0,  23,  Nuc1231743,  2327,  0, 0, 0, , 0, 0, 0, 0, 0,
171,  1,  170,  172,  -1,  546, 863,  137.0,  21,  Nuc1234862,  2256,  0, 0, 0, , 0, 0, 0, 0, 0,
172,  1,  171,  173,  -1,  465, 829,  149.0,  21,  Nuc1247452,  2501,  0, 0, 0, , 0, 0, 0, 0, 0,
173,  1,  172,  174,  -1,  481, 804,  141.0,  21,  Nuc1248917,  2097,  0, 0, 0, , 0, 0, 0, 0, 0,
174,  1,  173,  175,  -1,  508, 768,  154.0,  23,  Nuc1262371,  2187,  0, 0, 0, , 0, 0, 0, 0, 0,
175,  1,  174,  176,  -1,  474, 770,  163.0,  21,  Nuc1270016,  2909,  0, 0, 0, , 0, 0, 0, 0, 0,
176,  1,  175,  177,  -1,  661, 575,  133.0,  21,  Nuc1272765,  2194,  0, 0, 0, , 0, 0, 0, 0, 0,
177,  1,  176,  178,  -1,  658, 631,  133.0,  21,  Nuc1330323,  1939,  0, 0, 0, , 0, 0, 0, 0, 0,
178,  1,  177,  -1,  -1,  623, 639,  149.0,  19,  Nuc1335653,  487,  0, 0, 0, , 0, 0, 0, 0, 0,
179,  1,  178,  179,  -1,  653, 604,  152.0,  21,  Nuc1335655,  2676,  0, 0, 0, , 0, 0, 0, 0, 0,
180,  1,  179,  180,  -1,  587, 588,  140.0,  21,  Nuc1336673,  2163,  0, 0, 0, , 0, 0, 0, 0, 0,
181,  1,  180,  181,  -1,  550, 547,  133.0,  21,  Nuc1344442,  2132,  0, 0, 0, , 0, 0, 0, 0, 0,
182,  1,  181,  182,  -1,  607, 524,  138.0,  21,  Nuc1390588,  1759,  0, 0, 0, , 0, 0, 0, 0, 0,
183,  1,  182,  183,  -1,  654, 499,  132.0,  21,  Nuc1418343,  2912,  0, 0, 0, , 0, 0, 0, 0, 0,
184,  1,  183,  184,  -1,  478, 393,  147.0,  23,  Nuc1418784,  2450,  0, 0, 0, , 0, 0, 0, 0, 0,
185,  1,  184,  185,  -1,  414, 575,  155.0,  21,  Nuc1418864,  1916,  0, 0, 0, , 0, 0, 0, 0, 0,
186,  1,  185,  186,  -1,  412, 519,  153.0,  21,  Nuc1419063,  2279,  0, 0, 0, , 0, 0, 0, 0, 0,
187,  1,  186,  187,  -1,  422, 529,  178.0,  21,  Nuc1419095,  2608,  0, 0, 0, , 0, 0, 0, 0, 0,
188,  1,  187,  188,  -1,  436, 559,  169.0,  21,  Nuc1419541,  2432,  0, 0, 0, , 0, 0, 0, 0, 0,
189,  1,  188,  189,  -1,  498, 437,  129.0,  21,  Nuc1426676,  1442,  0, 0, 0, , 0, 0, 0, 0, 0,
190,  1,  189,  190,  -1,  454, 456,  128.0,  23,  Nuc1426689,  2306,  0, 0, 0, , 0, 0, 0, 0, 0,
191,  1,  190,  191,  -1,  608, 459,  131.0,  21,  Nuc1431510,  2329,  0, 0, 0, , 0, 0, 0, 0, 0,
192,  1,  191,  192,  -1,  550, 465,  131.0,  23,  Nuc1453048,  2106,  0, 0, 0, , 0, 0, 0, 0, 0,
193,  1,  192,  193,  -1,  468, 518,  151.0,  23,  Nuc1468259,  1261,  0, 0, 0, , 0, 0, 0, 0, 0,
194,  1,  193,  194,  -1,  494, 539,  143.0,  21,  Nuc1476753,  1839,  0, 0, 0, , 0, 0, 0, 0, 0,
195,  1,  194,  195,  196,  507, 473,  141.0,  21,  Nuc1476770,  1831,  0, 0, 0, , 0, 0, 0, 0, 0,
196,  1,  197,  197,  -1,  373, 382,  166.0,  21,  Nuc1483229,  1673,  0, 0, 0, , 0, 0, 0, 0, 0,
197,  1,  198,  198,  -1,  333, 367,  169.0,  21,  Nuc1492365,  2788,  0, 0, 0, , 0, 0, 0, 0, 0,
198,  1,  199,  199,  200,  283, 440,  165.0,  21,  Nuc1492472,  723,  0, 0, 0, , 0, 0, 0, 0, 0,
199,  1,  200,  201,  -1,  414, 386,  175.0,  21,  Nuc1493007,  3679,  0, 0, 0, , 0, 0, 0, 0, 0,
200,  1,  201,  202,  -1,  412, 473,  157.0,  21,  Nuc1493157,  989,  0, 0, 0, , 0, 0, 0, 0, 0,
201,  1,  203,  203,  204,  387, 422,  157.0,  21,  Nuc1493177,  1680,  0, 0, 0, , 0, 0, 0, 0, 0,
202,  1,  204,  205,  -1,  461, 298,  165.0,  21,  Nuc1493229,  1695,  0, 0, 0, , 0, 0, 0, 0, 0,
203,  1,  205,  206,  -1,  284, 355,  158.0,  21,  Nuc1493600,  706,  0, 0, 0, , 0, 0, 0, 0, 0,
204,  1,  206,  207,  -1,  344, 334,  159.0,  21,  Nuc1493610,  1614,  0, 0, 0, , 0, 0, 0, 0, 0,
205,  1,  207,  208,  -1,  396, 320,  164.0,  21,  Nuc1493769,  2687,  0, 0, 0, , 0, 0, 0, 0, 0,
206,  1,  208,  209,  -1,  421, 373,  158.0,  21,  Nuc1494671,  2092,  0, 0, 0, , 0, 0, 0, 0, 0,
207,  1,  209,  210,  -1,  343, 265,  138.0,  21,  Nuc1494725,  1367,  0, 0, 0, , 0, 0, 0, 0, 0,
208,  1,  210,  211,  -1,  360, 267,  149.0,  21,  Nuc1496168,  1968,  0, 0, 0, , 0, 0, 0, 0, 0,
209,  1,  211,  212,  -1,  396, 320,  144.0,  21,  Nuc1496181,  2293,  0, 0, 0, , 0, 0, 0, 0, 0,
210,  1,  212,  213,  -1,  435, 265,  155.0,  23,  Nuc1496371,  1971,  0, 0, 0, , 0, 0, 0, 0, 0,
211,  1,  213,  214,  -1,  418, 218,  146.0,  21,  Nuc1497057,  2713,  0, 0, 0, , 0, 0, 0, 0, 0,
212,  1,  214,  215,  -1,  664, 302,  151.0,  21,  Nuc1500731,  2644,  0, 0, 0, , 0, 0, 0, 0, 0,
213,  1,  215,  216,  -1,  633, 351,  164.0,  21,  Nuc1503362,  2721,  0, 0, 0, , 0, 0, 0, 0, 0,
214,  1,  216,  217,  -1,  616, 402,  156.0,  25,  Nuc1508342,  1453,  0, 0, 0, , 0, 0, 0, 0, 0,
215,  1,  217,  218,  -1,  661, 375,  142.0,  23,  Nuc1510127,  1805,  0, 0, 0, , 0, 0, 0, 0, 0,
216,  1,  218,  219,  -1,  596, 400,  133.0,  21,  Nuc1514874,  582,  0, 0, 0, , 0, 0, 0, 0, 0,
217,  1,  219,  220,  -1,  540, 402,  142.0,  23,  Nuc1514895,  2455,  0, 0, 0, , 0, 0, 0, 0, 0,
218,  1,  220,  221,  -1,  644, 331,  126.0,  21,  Nuc1545767,  2017,  0, 0, 0, , 0, 0, 0, 0, 0,
219,  1,  221,  222,  -1,  604, 330,  143.0,  21,  Nuc1551431,  2140,  0, 0, 0, , 0, 0, 0, 0, 0,
220,  1,  222,  223,  -1,  472, 323,  152.0,  21,  Nuc1553367,  2457,  0, 0, 0, , 0, 0, 0, 0, 0,
221,  1,  223,  224,  -1,  532, 320,  141.0,  21,  Nuc1560734,  1631,  0, 0, 0, , 0, 0, 0, 0, 0,
222,  1,  224,  225,  -1,  544, 272,  151.0,  23,  Nuc1572635,  3180,  0, 0, 0, , 0, 0, 0, 0, 0,
223,  1,  225,  226,  -1,  501, 232,  152.0,  21,  Nuc1575657,  2721,  0, 0, 0, , 0, 0, 0, 0, 0,
224,  1,  226,  227,  -1,  593, 280,  158.0,  21,  Nuc1577619,  2927,  0, 0, 0, , 0, 0, 0, 0, 0,
225,  1,  227,  228,  -1,  575, 332,  165.0,  21,  Nuc1581752,  3251,  0, 0, 0, , 0, 0, 0, 0, 0,
226,  1,  228,  229,  -1,  467, 365,  172.0,  21,  Nuc1584289,  2273,  0, 0, 0, , 0, 0, 0, 0, 0,
227,  1,  229,  230,  -1,  511, 321,  167.0,  21,  Nuc1584414,  3285,  0, 0, 0, , 0, 0, 0, 0, 0,
228,  1,  230,  231,  -1,  641, 460,  154.0,  21,  Nuc1584588,  2878,  0, 0, 0, , 0, 0, 0, 0, 0,
229,  1,  231,  232,  -1,  651, 445,  140.0,  21,  Nuc1602912,  2954,  0, 0, 0, , 0, 0, 0, 0, 0,
230,  1,  232,  233,  -1,  710, 431,  132.0,  21,  Nuc1622760,  3114,  0, 0, 0, , 0, 0, 0, 0, 0,
231,  1,  233,  234,  -1,  668, 406,  129.0,  21,  Nuc1639844,  3323,  0, 0, 0, , 0, 0, 0, 0, 0,
232,  1,  234,  235,  -1,  643, 530,  165.0,  19,  Nuc1640579,  5856,  0, 0, 0, , 0, 0, 0, 0, 0,
233,  1,  235,  236,  -1,  649, 500,  145.0,  21,  Nuc1643526,  3379,  0, 0, 0, , 0, 0, 0, 0, 0,
234,  1,  236,  237,  -1,  629, 531,  150.0,  21,  Nuc1647657,  1690,  0, 0, 0, , 0, 0, 0, 0, 0,
235,  1,  237,  238,  -1,  691, 580,  157.0,  21,  Nuc1703096,  2505,  0, 0, 0, , 0, 0, 0, 0, 0,
236,  1,  238,  239,  -1,  669, 543,  157.0,  21,  Nuc1707823,  3099,  0, 0, 0, , 0, 0, 0, 0, 0,
237,  1,  239,  240,  -1,  650, 560,  145.0,  21,  Nuc1707957,  2463,  0, 0, 0, , 0, 0, 0, 0, 0,
238,  1,  240,  241,  -1,  680, 542,  138.0,  21,  Nuc1738820,  2532,  0, 0, 0, , 0, 0, 0, 0, 0,
239,  1,  241,  242,  -1,  507, 496,  155.0,  23,  Nuc1740621,  3139,  0, 0, 0, , 0, 0, 0, 0, 0,
240,  1,  242,  243,  -1,  528, 537,  158.0,  21,  Nuc1750709,  2760,  0, 0, 0, , 0, 0, 0, 0, 0,
241,  1,  243,  -1,  -1,  529, 539,  151.0,  21,  Nuc1754958,  537,  0, 0, 0, , 0, 0, 0, 0, 0,
242,  1,  243,  244,  -1,  566, 531,  148.0,  23,  Nuc1754959,  2236,  0, 0, 0, , 0, 0, 0, 0, 0,
243,  1,  244,  245,  -1,  551, 581,  153.0,  21,  Nuc1755549,  3254,  0, 0, 0, , 0, 0, 0, 0, 0,
244,  1,  245,  246,  -1,  519, 519,  172.0,  21,  Nuc1759766,  2101,  0, 0, 0, , 0, 0, 0, 0, 0,
245,  1,  246,  247,  -1,  529, 473,  173.0,  21,  Nuc1762236,  2634,  0, 0, 0, , 0, 0, 0, 0, 0,
246,  1,  247,  248,  -1,  480, 507,  177.0,  21,  Nuc1763417,  3270,  0, 0, 0, , 0, 0, 0, 0, 0,
247,  1,  248,  249,  -1,  440, 482,  174.0,  19,  Nuc1763562,  1266,  0, 0, 0, , 0, 0, 0, 0, 0,
248,  1,  249,  250,  -1,  491, 442,  169.0,  21,  Nuc1763582,  4636,  0, 0, 0, , 0, 0, 0, 0, 0,
249,  1,  250,  251,  -1,  439, 422,  164.0,  21,  Nuc1765085,  3011,  0, 0, 0, , 0, 0, 0, 0, 0,
250,  1,  251,  252,  -1,  500, 488,  166.0,  21,  Nuc1772019,  2099,  0, 0, 0, , 0, 0, 0, 0, 0,
251,  1,  252,  253,  -1,  479, 572,  157.0,  21,  Nuc1773074,  2194,  0, 0, 0, , 0, 0, 0, 0, 0,
252,  1,  253,  254,  -1,  429, 730,  166.0,  21,  Nuc1773180,  4173,  0, 0, 0, , 0, 0, 0, 0, 0,
253,  1,  254,  255,  -1,  406, 676,  159.0,  21,  Nuc1783537,  3724,  0, 0, 0, , 0, 0, 0, 0, 0,
254,  1,  255,  256,  -1,  337, 586,  163.0,  21,  Nuc1784082,  2651,  0, 0, 0, , 0, 0, 0, 0, 0,
255,  1,  256,  257,  -1,  358, 702,  166.0,  21,  Nuc1784115,  1305,  0, 0, 0, , 0, 0, 0, 0, 0,
256,  1,  257,  258,  -1,  313, 701,  159.0,  21,  Nuc1784494,  1663,  0, 0, 0, , 0, 0, 0, 0, 0,
257,  1,  258,  259,  -1,  354, 649,  158.0,  21,  Nuc1785268,  498,  0, 0, 0, , 0, 0, 0, 0, 0,
258,  1,  258,  260,  -1,  396, 616,  159.0,  21,  Nuc1787974,  231,  0, 0, 0, , 0, 0, 0, 0, 0,
259,  1,  259,  261,  -1,  428, 613,  171.0,  21,  Nuc1787978,  1875,  0, 0, 0, , 0, 0, 0, 0, 0,
260,  1,  260,  262,  -1,  353, 606,  175.0,  21,  Nuc1793842,  2664,  0, 0, 0, , 0, 0, 0, 0, 0,
261,  1,  261,  263,  -1,  376, 656,  172.0,  21,  Nuc1793857,  2700,  0, 0, 0, , 0, 0, 0, 0, 0,
262,  1,  262,  264,  -1,  470, 424,  181.0,  21,  Nuc1794123,  3363,  0, 0, 0, , 0, 0, 0, 0, 0,
263,  1,  263,  265,  -1,  549, 421,  177.0,  21,  Nuc1794466,  3738,  0, 0, 0, , 0, 0, 0, 0, 0,
264,  1,  264,  266,  -1,  528, 369,  174.0,  21,  Nuc1795179,  3361,  0, 0, 0, , 0, 0, 0, 0, 0,
265,  1,  265,  267,  -1,  625, 469,  169.0,  21,  Nuc1800331,  5011,  0, 0, 0, , 0, 0, 0, 0, 0,
266,  1,  266,  268,  -1,  617, 413,  174.0,  21,  Nuc1842022,  3485,  0, 0, 0, , 0, 0, 0, 0, 0,
267,  1,  267,  269,  -1,  700, 373,  161.0,  21,  Nuc1848875,  3455,  0, 0, 0, , 0, 0, 0, 0, 0,
268,  1,  268,  270,  -1,  678, 420,  168.0,  21,  Nuc1849841,  3448,  0, 0, 0, , 0, 0, 0, 0, 0,
269,  1,  269,  271,  -1,  652, 508,  177.0,  21,  Nuc1850305,  4261,  0, 0, 0, , 0, 0, 0, 0, 0,
270,  1,  270,  272,  -1,  682, 471,  174.0,  21,  Nuc1850851,  3360,  0, 0, 0, , 0, 0, 0, 0, 0,
271,  1,  271,  273,  -1,  743, 478,  169.0,  21,  Nuc1851809,  3189,  0, 0, 0, , 0, 0, 0, 0, 0,
272,  1,  272,  274,  -1,  688, 507,  167.0,  21,  Nuc1854168,  4030,  0, 0, 0, , 0, 0, 0, 0, 0,
273,  1,  273,  275,  -1,  742, 517,  170.0,  21,  Nuc1858787,  3184,  0, 0, 0, , 0, 0, 0, 0, 0,
274,  1,  274,  276,  -1,  631, 583,  168.0,  21,  Nuc1862219,  4000,  0, 0, 0, , 0, 0, 0, 0, 0,
275,  1,  275,  277,  -1,  682, 575,  173.0,  23,  Nuc1863105,  3780,  0, 0, 0, , 0, 0, 0, 0, 0,
276,  1,  276,  278,  -1,  738, 546,  158.0,  21,  Nuc1867431,  2522,  0, 0, 0, , 0, 0, 0, 0, 0,
277,  1,  276,  279,  -1,  712, 539,  162.0,  21,  Nuc1867562,  2449,  0, 0, 0, , 0, 0, 0, 0, 0,
278,  1,  277,  280,  -1,  739, 564,  170.0,  21,  Nuc1868197,  3411,  0, 0, 0, , 0, 0, 0, 0, 0,
279,  1,  278,  281,  -1,  468, 686,  177.0,  21,  Nuc1869393,  2289,  0, 0, 0, , 0, 0, 0, 0, 0,
280,  1,  279,  282,  -1,  419, 676,  177.0,  21,  Nuc1869770,  2778,  0, 0, 0, , 0, 0, 0, 0, 0,
281,  1,  280,  283,  -1,  630, 708,  168.0,  23,  Nuc1870000,  3912,  0, 0, 0, , 0, 0, 0, 0, 0,
282,  1,  281,  284,  -1,  591, 693,  158.0,  21,  Nuc1871455,  3952,  0, 0, 0, , 0, 0, 0, 0, 0,
283,  1,  282,  285,  -1,  616, 777,  156.0,  21,  Nuc1876960,  3161,  0, 0, 0, , 0, 0, 0, 0, 0,
284,  1,  283,  286,  -1,  568, 756,  161.0,  21,  Nuc1880446,  3382,  0, 0, 0, , 0, 0, 0, 0, 0,
285,  1,  284,  287,  -1,  516, 663,  179.0,  21,  Nuc1883044,  3286,  0, 0, 0, , 0, 0, 0, 0, 0,
286,  1,  285,  288,  -1,  564, 665,  171.0,  21,  Nuc1886229,  4044,  0, 0, 0, , 0, 0, 0, 0, 0,
287,  1,  286,  289,  -1,  494, 723,  171.0,  21,  Nuc1889459,  3679,  0, 0, 0, , 0, 0, 0, 0, 0,
288,  1,  287,  290,  -1,  548, 723,  169.0,  21,  Nuc1890966,  3384,  0, 0, 0, , 0, 0, 0, 0, 0,
289,  1,  288,  291,  -1,  623, 646,  172.0,  21,  Nuc1892156,  4191,  0, 0, 0, , 0, 0, 0, 0, 0,
290,  1,  289,  292,  -1,  689, 655,  168.0,  21,  Nuc1918894,  3847,  0, 0, 0, , 0, 0, 0, 0, 0,
291,  1,  290,  293,  -1,  573, 622,  179.0,  21,  Nuc1921285,  3965,  0, 0, 0, , 0, 0, 0, 0, 0,
292,  1,  291,  294,  -1,  575, 569,  179.0,  21,  Nuc1921408,  2707,  0, 0, 0, , 0, 0, 0, 0, 0,
293,  1,  292,  295,  -1,  575, 462,  180.0,  21,  Nuc1922083,  3441,  0, 0, 0, , 0, 0, 0, 0, 0,
294,  1,  293,  296,  -1,  626, 551,  178.0,  21,  Nuc1922183,  4429,  0, 0, 0, , 0, 0, 0, 0, 0,
295,  1,  294,  297,  -1,  502, 597,  184.0,  21,  Nuc1923299,  2429,  0, 0, 0, , 0, 0, 0, 0, 0,
296,  1,  295,  298,  -1,  453, 634,  181.0,  21,  Nuc1924238,  2903,  0, 0, 0, , 0, 0, 0, 0, 0,
297,  1,  296,  299,  -1,  439, 585,  182.0,  21,  Nuc1934132,  1782,  0, 0, 0, , 0, 0, 0, 0, 0,
298,  1,  297,  300,  -1,  471, 665,  165.0,  21,  Nuc1934273,  2589,  0, 0, 0, , 0, 0, 0, 0, 0,
299,  1,  298,  301,  -1,  516, 624,  157.0,  21,  Nuc1942128,  2285,  0, 0, 0, , 0, 0, 0, 0, 0,
300,  1,  299,  302,  -1,  460, 639,  155.0,  23,  Nuc1943192,  3299,  0, 0, 0, , 0, 0, 0, 0, 0,
301,  1,  300,  303,  -1,  517, 691,  159.0,  21,  Nuc1943226,  2832,  0, 0, 0, , 0, 0, 0, 0, 0,
302,  1,  301,  304,  -1,  531, 585,  168.0,  21,  Nuc1950059,  2808,  0, 0, 0, , 0, 0, 0, 0, 0,
303,  1,  302,  305,  -1,  485, 547,  170.0,  21,  Nuc1950325,  244,  0, 0, 0, , 0, 0, 0, 0, 0,
304,  1,  302,  306,  -1,  482, 598,  172.0,  21,  Nuc1953387,  3443,  0, 0, 0, , 0, 0, 0, 0, 0,
305,  1,  303,  307,  -1,  406, 535,  186.0,  23,  Nuc1953737,  1528,  0, 0, 0, , 0, 0, 0, 0, 0,
306,  1,  304,  308,  -1,  396, 453,  183.0,  21,  Nuc1954708,  2228,  0, 0, 0, , 0, 0, 0, 0, 0,
307,  1,  305,  309,  -1,  495, 536,  185.0,  21,  Nuc1954942,  2833,  0, 0, 0, , 0, 0, 0, 0, 0,
308,  1,  306,  310,  -1,  570, 516,  182.0,  21,  Nuc1955379,  3710,  0, 0, 0, , 0, 0, 0, 0, 0,
309,  1,  307,  311,  -1,  535, 553,  181.0,  21,  Nuc1967349,  3754,  0, 0, 0, , 0, 0, 0, 0, 0,
310,  1,  308,  312,  -1,  511, 465,  184.0,  21,  Nuc1968441,  2911,  0, 0, 0, , 0, 0, 0, 0, 0,
311,  1,  309,  313,  -1,  446, 496,  186.0,  23,  Nuc1968603,  2150,  0, 0, 0, , 0, 0, 0, 0, 0,
312,  1,  310,  314,  -1,  580, 619,  160.0,  21,  Nuc1968840,  3677,  0, 0, 0, , 0, 0, 0, 0, 0,
313,  1,  311,  315,  -1,  588, 523,  170.0,  21,  Nuc2004964,  4768,  0, 0, 0, , 0, 0, 0, 0, 0,
314,  1,  312,  316,  317,  592, 558,  159.0,  21,  Nuc2006235,  4144,  0, 0, 0, , 0, 0, 0, 0, 0,
315,  1,  313,  318,  -1,  399, 762,  161.0,  23,  Nuc2009248,  2366,  0, 0, 0, , 0, 0, 0, 0, 0,
316,  1,  314,  319,  -1,  549, 495,  162.0,  21,  Nuc2012788,  3006,  0, 0, 0, , 0, 0, 0, 0, 0,
317,  1,  315,  320,  -1,  527, 366,  156.0,  21,  Nuc2021747,  2620,  0, 0, 0, , 0, 0, 0, 0, 0,
318,  1,  316,  321,  -1,  567, 402,  163.0,  21,  Nuc2024300,  3698,  0, 0, 0, , 0, 0, 0, 0, 0,
319,  1,  317,  322,  -1,  521, 441,  157.0,  21,  Nuc2034645,  3167,  0, 0, 0, , 0, 0, 0, 0, 0,
320,  1,  318,  323,  -1,  573, 453,  164.0,  21,  Nuc2034688,  3064,  0, 0, 0, , 0, 0, 0, 0, 0,
321,  1,  319,  324,  -1,  660, 504,  158.0,  19,  Nuc2034835,  2406,  0, 0, 0, , 0, 0, 0, 0, 0,
322,  1,  320,  325,  -1,  603, 497,  156.0,  21,  Nuc2054039,  3141,  0, 0, 0, , 0, 0, 0, 0, 0,
323,  1,  321,  -1,  -1,  259, 416,  154.0,  21,  Nuc2064298,  445,  0, 0, 0, , 0, 0, 0, 0, 0,
324,  1,  322,  326,  -1,  292, 453,  152.0,  21,  Nuc2064300,  1540,  0, 0, 0, , 0, 0, 0, 0, 0,
325,  1,  323,  327,  -1,  344, 471,  148.0,  21,  Nuc2064463,  1656,  0, 0, 0, , 0, 0, 0, 0, 0,
326,  1,  324,  328,  -1,  256, 633,  155.0,  25,  Nuc2064577,  2299,  0, 0, 0, , 0, 0, 0, 0, 0,
327,  1,  324,  329,  -1,  290, 606,  148.0,  21,  Nuc2064650,  518,  0, 0, 0, , 0, 0, 0, 0, 0,
328,  1,  325,  -1,  -1,  246, 656,  142.0,  21,  Nuc2064654,  703,  0, 0, 0, , 0, 0, 0, 0, 0,
329,  1,  325,  -1,  -1,  307, 657,  145.0,  21,  Nuc2064655,  767,  0, 0, 0, , 0, 0, 0, 0, 0,
330,  1,  326,  330,  -1,  321, 708,  143.0,  21,  Nuc2064660,  1753,  0, 0, 0, , 0, 0, 0, 0, 0,
331,  1,  327,  -1,  -1,  271, 639,  157.0,  19,  Nuc2064717,  1018,  0, 0, 0, , 0, 0, 0, 0, 0,
332,  1,  328,  331,  -1,  440, 349,  137.0,  21,  Nuc2064819,  1712,  0, 0, 0, , 0, 0, 0, 0, 0,
333,  1,  329,  332,  -1,  470, 333,  128.0,  21,  Nuc2064894,  1459,  0, 0, 0, , 0, 0, 0, 0, 0,
334,  1,  330,  333,  334,  379, 379,  139.0,  21,  Nuc2070286,  2286,  0, 0, 0, , 0, 0, 0, 0, 0,
335,  1,  331,  335,  -1,  342, 388,  126.0,  21,  Nuc2070312,  493,  0, 0, 0, , 0, 0, 0, 0, 0,
336,  1,  331,  336,  -1,  393, 365,  126.0,  23,  Nuc2070314,  1513,  0, 0, 0, , 0, 0, 0, 0, 0,
337,  1,  332,  337,  338,  350, 551,  175.0,  21,  Nuc2070370,  2104,  0, 0, 0, , 0, 0, 0, 0, 0,
338,  1,  333,  339,  -1,  302, 566,  168.0,  21,  Nuc2070512,  2094,  0, 0, 0, , 0, 0, 0, 0, 0,
339,  1,  334,  -1,  -1,  388, 846,  108.0,  21,  Nuc2070784,  226,  0, 0, 0, , 0, 0, 0, 0, 0,
340,  1,  335,  340,  -1,  377, 889,  106.0,  21,  Nuc2070786,  1265,  0, 0, 0, , 0, 0, 0, 0, 0,
341,  1,  336,  341,  -1,  381, 917,  95.0,  21,  Nuc2080668,  1462,  0, 0, 0, , 0, 0, 0, 0, 0,
342,  1,  337,  342,  -1,  419, 635,  143.0,  21,  Nuc2080728,  1901,  0, 0, 0, , 0, 0, 0, 0, 0,
343,  1,  338,  343,  -1,  347, 700,  126.0,  21,  Nuc2080759,  526,  0, 0, 0, , 0, 0, 0, 0, 0,
344,  1,  339,  344,  -1,  375, 681,  140.0,  21,  Nuc2080769,  1048,  0, 0, 0, , 0, 0, 0, 0, 0,
345,  1,  340,  345,  -1,  248, 343,  148.0,  21,  Nuc2080840,  2160,  0, 0, 0, , 0, 0, 0, 0, 0,
346,  1,  341,  346,  347,  213, 394,  143.0,  21,  Nuc2081036,  1180,  0, 0, 0, , 0, 0, 0, 0, 0,
347,  1,  342,  348,  -1,  301, 513,  172.0,  21,  Nuc2081066,  2162,  0, 0, 0, , 0, 0, 0, 0, 0,
348,  1,  343,  349,  -1,  373, 537,  165.0,  21,  Nuc2081294,  953,  0, 0, 0, , 0, 0, 0, 0, 0,
349,  1,  344,  350,  -1,  359, 490,  162.0,  21,  Nuc2084619,  1658,  0, 0, 0, , 0, 0, 0, 0, 0,
350,  1,  346,  351,  -1,  418, 854,  120.0,  21,  Nuc2084903,  1336,  0, 0, 0, , 0, 0, 0, 0, 0,
351,  1,  347,  352,  -1,  383, 877,  118.0,  21,  Nuc2087960,  1195,  0, 0, 0, , 0, 0, 0, 0, 0,
352,  1,  348,  -1,  -1,  217, 609,  148.0,  19,  Nuc2088473,  807,  0, 0, 0, , 0, 0, 0, 0, 0,
353,  1,  349,  353,  -1,  345, 494,  178.0,  21,  Nuc2088514,  1251,  0, 0, 0, , 0, 0, 0, 0, 0,
354,  1,  350,  354,  -1,  356, 439,  175.0,  21,  Nuc2088534,  2153,  0, 0, 0, , 0, 0, 0, 0, 0,
355,  1,  350,  355,  -1,  356, 442,  171.0,  21,  Nuc2088774,  2153,  0, 0, 0, , 0, 0, 0, 0, 0,
356,  1,  351,  356,  -1,  427, 689,  125.0,  21,  Nuc2088788,  2090,  0, 0, 0, , 0, 0, 0, 0, 0,
357,  1,  352,  357,  -1,  526, 770,  134.0,  21,  Nuc2088807,  1953,  0, 0, 0, , 0, 0, 0, 0, 0,
358,  1,  353,  358,  -1,  275, 562,  142.0,  21,  Nuc2132780,  1247,  0, 0, 0, , 0, 0, 0, 0, 0,
359,  1,  354,  359,  -1,  323, 574,  143.0,  21,  Nuc2132813,  959,  0, 0, 0, , 0, 0, 0, 0, 0,
360,  1,  355,  360,  -1,  379, 496,  141.0,  21,  Nuc2132842,  1073,  0, 0, 0, , 0, 0, 0, 0, 0,
361,  1,  356,  361,  362,  361, 546,  143.0,  21,  Nuc2132869,  1742,  0, 0, 0, , 0, 0, 0, 0, 0,
362,  1,  357,  363,  -1,  282, 510,  155.0,  21,  Nuc2132889,  1573,  0, 0, 0, , 0, 0, 0, 0, 0,
363,  1,  358,  364,  -1,  235, 485,  155.0,  21,  Nuc2134967,  907,  0, 0, 0, , 0, 0, 0, 0, 0,
364,  1,  359,  365,  -1,  503, 658,  137.0,  23,  Nuc2134984,  276,  0, 0, 0, , 0, 0, 0, 0, 0,
365,  1,  359,  366,  -1,  466, 640,  128.0,  23,  Nuc2160193,  2237,  0, 0, 0, , 0, 0, 0, 0, 0,
366,  1,  360,  367,  -1,  378, 437,  144.0,  21,  Nuc2160210,  725,  0, 0, 0, , 0, 0, 0, 0, 0,
367,  1,  360,  368,  -1,  327, 407,  142.0,  21,  Nuc2160222,  1062,  0, 0, 0, , 0, 0, 0, 0, 0,
368,  1,  361,  369,  -1,  331, 347,  145.0,  21,  Nuc2160605,  1995,  0, 0, 0, , 0, 0, 0, 0, 0,
369,  1,  362,  -1,  -1,  451, 395,  129.0,  21,  Nuc2161843,  2079,  0, 0, 0, , 0, 0, 0, 0, 0,
370,  1,  362,  370,  -1,  451, 395,  125.0,  21,  Nuc2161844,  2079,  0, 0, 0, , 0, 0, 0, 0, 0,
371,  1,  363,  371,  -1,  507, 371,  129.0,  21,  Nuc2161859,  860,  0, 0, 0, , 0, 0, 0, 0, 0,
372,  1,  364,  372,  -1,  554, 492,  144.0,  21,  Nuc2161867,  976,  0, 0, 0, , 0, 0, 0, 0, 0,
373,  1,  364,  373,  -1,  588, 453,  146.0,  21,  Nuc2161879,  1832,  0, 0, 0, , 0, 0, 0, 0, 0,
374,  1,  365,  374,  -1,  308, 171,  114.0,  21,  Nuc2161892,  683,  0, 0, 0, , 0, 0, 0, 0, 0,
