1,  1,  1,  1,  -1,  540, 966,  85.0,  21,  Nuc63,  998,  0, 0, 0, , 0, 0, 0, 0, 0,
2,  1,  2,  2,  -1,  500, 940,  92.0,  21,  Nuc5279,  1272,  0, 0, 0, , 0, 0, 0, 0, 0,
3,  1,  3,  3,  -1,  445, 950,  85.0,  21,  Nuc7232,  1482,  0, 0, 0, , 0, 0, 0, 0, 0,
4,  1,  4,  4,  -1,  434, 847,  108.0,  23,  Nuc9521,  819,  0, 0, 0, , 0, 0, 0, 0, 0,
5,  1,  5,  5,  -1,  471, 875,  103.0,  21,  Nuc24146,  1478,  0, 0, 0, , 0, 0, 0, 0, 0,
6,  1,  6,  6,  -1,  431, 918,  107.0,  21,  Nuc26083,  1684,  0, 0, 0, , 0, 0, 0, 0, 0,
7,  1,  7,  7,  -1,  472, 928,  106.0,  21,  Nuc28676,  1647,  0, 0, 0, , 0, 0, 0, 0, 0,
8,  1,  8,  8,  -1,  769, 892,  92.0,  21,  Nuc29670,  1720,  0, 0, 0, , 0, 0, 0, 0, 0,
9,  1,  9,  9,  -1,  728, 907,  99.0,  21,  Nuc34356,  1694,  0, 0, 0, , 0, 0, 0, 0, 0,
10,  1,  10,  10,  -1,  674, 891,  113.0,  23,  Nuc37581,  1839,  0, 0, 0, , 0, 0, 0, 0, 0,
11,  1,  11,  11,  -1,  649, 849,  111.0,  21,  Nuc40144,  1918,  0, 0, 0, , 0, 0, 0, 0, 0,
12,  1,  12,  12,  -1,  624, 908,  103.0,  23,  Nuc47885,  1863,  0, 0, 0, , 0, 0, 0, 0, 0,
13,  1,  13,  13,  -1,  601, 941,  98.0,  21,  Nuc49703,  1522,  0, 0, 0, , 0, 0, 0, 0, 0,
14,  1,  14,  14,  -1,  683, 937,  88.0,  21,  Nuc51556,  1413,  0, 0, 0, , 0, 0, 0, 0, 0,
15,  1,  15,  15,  -1,  637, 955,  85.0,  21,  Nuc61175,  1326,  0, 0, 0, , 0, 0, 0, 0, 0,
16,  1,  16,  16,  -1,  604, 832,  123.0,  23,  Nuc63982,  2588,  0, 0, 0, , 0, 0, 0, 0, 0,
17,  1,  17,  17,  -1,  627, 867,  131.0,  21,  Nuc64002,  2515,  0, 0, 0, , 0, 0, 0, 0, 0,
18,  1,  18,  18,  -1,  551, 818,  129.0,  21,  Nuc65774,  2154,  0, 0, 0, , 0, 0, 0, 0, 0,
19,  1,  19,  19,  -1,  524, 920,  104.0,  21,  Nuc69343,  2165,  0, 0, 0, , 0, 0, 0, 0, 0,
20,  1,  20,  20,  -1,  538, 875,  103.0,  21,  Nuc70669,  2645,  0, 0, 0, , 0, 0, 0, 0, 0,
21,  1,  21,  21,  -1,  560, 817,  113.0,  23,  Nuc73726,  1732,  0, 0, 0, , 0, 0, 0, 0, 0,
22,  1,  22,  22,  -1,  563, 870,  115.0,  21,  Nuc76195,  2904,  0, 0, 0, , 0, 0, 0, 0, 0,
23,  1,  23,  23,  -1,  593, 915,  114.0,  21,  Nuc88079,  2067,  0, 0, 0, , 0, 0, 0, 0, 0,
24,  1,  24,  24,  -1,  503, 777,  116.0,  23,  Nuc90594,  1948,  0, 0, 0, , 0, 0, 0, 0, 0,
25,  1,  25,  25,  -1,  433, 781,  124.0,  21,  Nuc102441,  1205,  0, 0, 0, , 0, 0, 0, 0, 0,
26,  1,  26,  26,  -1,  482, 823,  126.0,  21,  Nuc102459,  1984,  0, 0, 0, , 0, 0, 0, 0, 0,
27,  1,  27,  27,  -1,  500, 858,  116.0,  23,  Nuc144316,  2139,  0, 0, 0, , 0, 0, 0, 0, 0,
28,  1,  28,  28,  -1,  537, 903,  121.0,  21,  Nuc146049,  2225,  0, 0, 0, , 0, 0, 0, 0, 0,
29,  1,  29,  29,  -1,  455, 896,  120.0,  21,  Nuc146849,  1863,  0, 0, 0, , 0, 0, 0, 0, 0,
30,  1,  30,  30,  -1,  484, 875,  131.0,  21,  Nuc148360,  2672,  0, 0, 0, , 0, 0, 0, 0, 0,
31,  1,  31,  31,  -1,  303, 289,  150.0,  21,  Nuc152820,  1594,  0, 0, 0, , 0, 0, 0, 0, 0,
32,  1,  32,  32,  -1,  646, 784,  123.0,  21,  Nuc152909,  3388,  0, 0, 0, , 0, 0, 0, 0, 0,
33,  1,  33,  33,  -1,  687, 742,  129.0,  21,  Nuc170119,  2274,  0, 0, 0, , 0, 0, 0, 0, 0,
34,  1,  34,  34,  -1,  679, 852,  123.0,  23,  Nuc173382,  3158,  0, 0, 0, , 0, 0, 0, 0, 0,
35,  1,  35,  35,  -1,  722, 820,  128.0,  21,  Nuc182356,  3060,  0, 0, 0, , 0, 0, 0, 0, 0,
36,  1,  36,  36,  -1,  707, 773,  145.0,  21,  Nuc190564,  3456,  0, 0, 0, , 0, 0, 0, 0, 0,
37,  1,  37,  37,  -1,  651, 748,  150.0,  21,  Nuc200243,  3409,  0, 0, 0, , 0, 0, 0, 0, 0,
38,  1,  38,  38,  -1,  664, 826,  140.0,  23,  Nuc205697,  2727,  0, 0, 0, , 0, 0, 0, 0, 0,
39,  1,  39,  39,  -1,  607, 806,  141.0,  23,  Nuc208530,  3207,  0, 0, 0, , 0, 0, 0, 0, 0,
40,  1,  40,  40,  -1,  806, 755,  117.0,  21,  Nuc209762,  2133,  0, 0, 0, , 0, 0, 0, 0, 0,
41,  1,  41,  41,  -1,  850, 778,  114.0,  21,  Nuc214929,  2432,  0, 0, 0, , 0, 0, 0, 0, 0,
42,  1,  42,  42,  -1,  871, 796,  95.0,  23,  Nuc215658,  1941,  0, 0, 0, , 0, 0, 0, 0, 0,
43,  1,  43,  43,  -1,  844, 834,  98.0,  25,  Nuc220661,  1940,  0, 0, 0, , 0, 0, 0, 0, 0,
44,  1,  44,  44,  -1,  781, 807,  123.0,  21,  Nuc230377,  2403,  0, 0, 0, , 0, 0, 0, 0, 0,
45,  1,  45,  45,  -1,  735, 776,  119.0,  21,  Nuc230674,  2380,  0, 0, 0, , 0, 0, 0, 0, 0,
46,  1,  46,  46,  -1,  737, 860,  113.0,  21,  Nuc248272,  2249,  0, 0, 0, , 0, 0, 0, 0, 0,
47,  1,  47,  47,  -1,  786, 840,  111.0,  21,  Nuc249173,  2180,  0, 0, 0, , 0, 0, 0, 0, 0,
48,  1,  48,  48,  -1,  779, 195,  107.0,  21,  Nuc251883,  1876,  0, 0, 0, , 0, 0, 0, 0, 0,
49,  1,  49,  49,  -1,  823, 223,  99.0,  21,  Nuc255958,  2103,  0, 0, 0, , 0, 0, 0, 0, 0,
50,  1,  50,  50,  -1,  646, 208,  112.0,  21,  Nuc260712,  1625,  0, 0, 0, , 0, 0, 0, 0, 0,
51,  1,  51,  51,  -1,  700, 164,  106.0,  21,  Nuc261255,  1562,  0, 0, 0, , 0, 0, 0, 0, 0,
52,  1,  52,  52,  -1,  685, 213,  133.0,  21,  Nuc264756,  1898,  0, 0, 0, , 0, 0, 0, 0, 0,
53,  1,  53,  53,  -1,  633, 238,  126.0,  21,  Nuc268196,  2420,  0, 0, 0, , 0, 0, 0, 0, 0,
54,  1,  54,  54,  -1,  627, 182,  125.0,  21,  Nuc271237,  2449,  0, 0, 0, , 0, 0, 0, 0, 0,
55,  1,  55,  55,  -1,  712, 198,  124.0,  21,  Nuc272780,  2060,  0, 0, 0, , 0, 0, 0, 0, 0,
56,  1,  56,  56,  -1,  580, 286,  131.0,  21,  Nuc274984,  1953,  0, 0, 0, , 0, 0, 0, 0, 0,
57,  1,  57,  57,  -1,  536, 242,  134.0,  21,  Nuc280419,  2093,  0, 0, 0, , 0, 0, 0, 0, 0,
58,  1,  58,  58,  -1,  596, 200,  139.0,  21,  Nuc283130,  2156,  0, 0, 0, , 0, 0, 0, 0, 0,
59,  1,  59,  59,  -1,  615, 257,  144.0,  21,  Nuc285938,  2818,  0, 0, 0, , 0, 0, 0, 0, 0,
60,  1,  60,  60,  -1,  548, 214,  117.0,  21,  Nuc293756,  2158,  0, 0, 0, , 0, 0, 0, 0, 0,
61,  1,  61,  61,  -1,  554, 175,  128.0,  21,  Nuc293842,  1734,  0, 0, 0, , 0, 0, 0, 0, 0,
62,  1,  62,  62,  -1,  622, 139,  111.0,  21,  Nuc306832,  1600,  0, 0, 0, , 0, 0, 0, 0, 0,
63,  1,  63,  63,  -1,  580, 125,  109.0,  21,  Nuc310950,  1866,  0, 0, 0, , 0, 0, 0, 0, 0,
64,  1,  64,  64,  -1,  854, 294,  112.0,  23,  Nuc314322,  1981,  0, 0, 0, , 0, 0, 0, 0, 0,
65,  1,  65,  65,  -1,  904, 311,  103.0,  21,  Nuc317261,  1881,  0, 0, 0, , 0, 0, 0, 0, 0,
66,  1,  66,  66,  -1,  943, 449,  105.0,  21,  Nuc326408,  2220,  0, 0, 0, , 0, 0, 0, 0, 0,
67,  1,  67,  67,  -1,  942, 390,  110.0,  21,  Nuc330206,  1890,  0, 0, 0, , 0, 0, 0, 0, 0,
68,  1,  68,  68,  -1,  808, 273,  118.0,  21,  Nuc343674,  1860,  0, 0, 0, , 0, 0, 0, 0, 0,
69,  1,  69,  69,  -1,  778, 316,  127.0,  21,  Nuc348453,  2218,  0, 0, 0, , 0, 0, 0, 0, 0,
70,  1,  70,  70,  -1,  857, 341,  128.0,  21,  Nuc359685,  2400,  0, 0, 0, , 0, 0, 0, 0, 0,
71,  1,  71,  71,  -1,  816, 363,  122.0,  21,  Nuc361723,  2574,  0, 0, 0, , 0, 0, 0, 0, 0,
72,  1,  72,  72,  -1,  800, 368,  142.0,  21,  Nuc370606,  3029,  0, 0, 0, , 0, 0, 0, 0, 0,
73,  1,  73,  73,  -1,  746, 333,  150.0,  21,  Nuc382944,  3113,  0, 0, 0, , 0, 0, 0, 0, 0,
74,  1,  74,  74,  -1,  722, 367,  143.0,  23,  Nuc386084,  2829,  0, 0, 0, , 0, 0, 0, 0, 0,
75,  1,  75,  75,  -1,  730, 351,  126.0,  21,  Nuc391872,  2910,  0, 0, 0, , 0, 0, 0, 0, 0,
76,  1,  76,  76,  -1,  676, 288,  137.0,  21,  Nuc406973,  2811,  0, 0, 0, , 0, 0, 0, 0, 0,
77,  1,  77,  77,  -1,  705, 267,  123.0,  21,  Nuc424200,  2610,  0, 0, 0, , 0, 0, 0, 0, 0,
78,  1,  78,  78,  -1,  754, 275,  138.0,  21,  Nuc441243,  2381,  0, 0, 0, , 0, 0, 0, 0, 0,
79,  1,  79,  79,  -1,  768, 241,  121.0,  21,  Nuc442510,  2374,  0, 0, 0, , 0, 0, 0, 0, 0,
80,  1,  80,  80,  -1,  399, 136,  109.0,  21,  Nuc445514,  1798,  0, 0, 0, , 0, 0, 0, 0, 0,
81,  1,  81,  81,  82,  396, 161,  124.0,  21,  Nuc450554,  1738,  0, 0, 0, , 0, 0, 0, 0, 0,
82,  1,  82,  83,  -1,  370, 209,  137.0,  21,  Nuc451857,  2431,  0, 0, 0, , 0, 0, 0, 0, 0,
83,  1,  83,  84,  -1,  416, 313,  128.0,  21,  Nuc452167,  1270,  0, 0, 0, , 0, 0, 0, 0, 0,
84,  1,  84,  85,  86,  384, 270,  125.0,  21,  Nuc452181,  1297,  0, 0, 0, , 0, 0, 0, 0, 0,
85,  1,  85,  87,  -1,  416, 262,  138.0,  21,  Nuc452220,  2092,  0, 0, 0, , 0, 0, 0, 0, 0,
86,  1,  86,  88,  -1,  466, 125,  109.0,  21,  Nuc454677,  1582,  0, 0, 0, , 0, 0, 0, 0, 0,
87,  1,  87,  89,  -1,  510, 130,  113.0,  21,  Nuc454938,  1584,  0, 0, 0, , 0, 0, 0, 0, 0,
88,  1,  88,  90,  -1,  474, 163,  124.0,  21,  Nuc457653,  2377,  0, 0, 0, , 0, 0, 0, 0, 0,
89,  1,  89,  91,  -1,  476, 270,  141.0,  21,  Nuc460153,  2174,  0, 0, 0, , 0, 0, 0, 0, 0,
90,  1,  90,  92,  93,  482, 263,  126.0,  21,  Nuc462227,  1918,  0, 0, 0, , 0, 0, 0, 0, 0,
91,  1,  91,  94,  -1,  458, 184,  135.0,  21,  Nuc462383,  2086,  0, 0, 0, , 0, 0, 0, 0, 0,
92,  1,  92,  95,  -1,  508, 186,  138.0,  21,  Nuc465724,  1925,  0, 0, 0, , 0, 0, 0, 0, 0,
93,  1,  93,  96,  -1,  906, 634,  127.0,  23,  Nuc466295,  2537,  0, 0, 0, , 0, 0, 0, 0, 0,
94,  1,  94,  97,  -1,  867, 635,  121.0,  21,  Nuc466604,  2467,  0, 0, 0, , 0, 0, 0, 0, 0,
95,  1,  95,  98,  -1,  941, 674,  106.0,  21,  Nuc478788,  2445,  0, 0, 0, , 0, 0, 0, 0, 0,
96,  1,  96,  99,  -1,  957, 615,  108.0,  21,  Nuc487381,  2482,  0, 0, 0, , 0, 0, 0, 0, 0,
97,  1,  97,  100,  -1,  853, 712,  128.0,  21,  Nuc497661,  2565,  0, 0, 0, , 0, 0, 0, 0, 0,
98,  1,  98,  101,  -1,  798, 680,  125.0,  21,  Nuc500820,  2694,  0, 0, 0, , 0, 0, 0, 0, 0,
99,  1,  99,  102,  -1,  885, 709,  117.0,  21,  Nuc541240,  1995,  0, 0, 0, , 0, 0, 0, 0, 0,
100,  1,  100,  103,  -1,  905, 739,  108.0,  21,  Nuc543590,  2159,  0, 0, 0, , 0, 0, 0, 0, 0,
101,  1,  101,  104,  -1,  817, 689,  140.0,  21,  Nuc546721,  3667,  0, 0, 0, , 0, 0, 0, 0, 0,
102,  1,  102,  105,  -1,  782, 765,  133.0,  21,  Nuc574119,  2877,  0, 0, 0, , 0, 0, 0, 0, 0,
103,  1,  103,  106,  -1,  735, 703,  129.0,  21,  Nuc578596,  3009,  0, 0, 0, , 0, 0, 0, 0, 0,
104,  1,  104,  107,  -1,  755, 640,  133.0,  21,  Nuc590735,  3319,  0, 0, 0, , 0, 0, 0, 0, 0,
105,  1,  105,  108,  -1,  702, 671,  142.0,  21,  Nuc606135,  3230,  0, 0, 0, , 0, 0, 0, 0, 0,
106,  1,  106,  109,  -1,  659, 674,  156.0,  21,  Nuc633993,  3691,  0, 0, 0, , 0, 0, 0, 0, 0,
107,  1,  107,  110,  -1,  756, 726,  146.0,  21,  Nuc668714,  3548,  0, 0, 0, , 0, 0, 0, 0, 0,
108,  1,  108,  111,  -1,  714, 709,  157.0,  23,  Nuc673183,  3775,  0, 0, 0, , 0, 0, 0, 0, 0,
109,  1,  109,  112,  -1,  338, 768,  150.0,  21,  Nuc682056,  2104,  0, 0, 0, , 0, 0, 0, 0, 0,
110,  1,  110,  113,  -1,  389, 727,  151.0,  21,  Nuc682067,  1707,  0, 0, 0, , 0, 0, 0, 0, 0,
111,  1,  111,  114,  -1,  417, 784,  147.0,  21,  Nuc685632,  1940,  0, 0, 0, , 0, 0, 0, 0, 0,
112,  1,  112,  115,  -1,  382, 824,  141.0,  21,  Nuc685656,  1219,  0, 0, 0, , 0, 0, 0, 0, 0,
113,  1,  112,  116,  -1,  432, 826,  136.0,  21,  Nuc686916,  1360,  0, 0, 0, , 0, 0, 0, 0, 0,
114,  1,  113,  117,  -1,  428, 865,  134.0,  21,  Nuc694109,  2417,  0, 0, 0, , 0, 0, 0, 0, 0,
115,  1,  114,  118,  -1,  366, 774,  124.0,  21,  Nuc694426,  772,  0, 0, 0, , 0, 0, 0, 0, 0,
116,  1,  115,  119,  -1,  334, 798,  130.0,  21,  Nuc694436,  2044,  0, 0, 0, , 0, 0, 0, 0, 0,
117,  1,  116,  120,  -1,  342, 838,  125.0,  21,  Nuc695084,  2750,  0, 0, 0, , 0, 0, 0, 0, 0,
118,  1,  117,  121,  -1,  899, 394,  122.0,  21,  Nuc701809,  2561,  0, 0, 0, , 0, 0, 0, 0, 0,
119,  1,  118,  122,  -1,  906, 446,  125.0,  21,  Nuc726375,  2898,  0, 0, 0, , 0, 0, 0, 0, 0,
120,  1,  119,  123,  -1,  892, 504,  124.0,  21,  Nuc727163,  2811,  0, 0, 0, , 0, 0, 0, 0, 0,
121,  1,  120,  124,  -1,  949, 484,  121.0,  21,  Nuc733891,  2389,  0, 0, 0, , 0, 0, 0, 0, 0,
122,  1,  121,  125,  -1,  833, 414,  126.0,  21,  Nuc736771,  2334,  0, 0, 0, , 0, 0, 0, 0, 0,
123,  1,  122,  126,  -1,  863, 418,  141.0,  23,  Nuc740816,  3135,  0, 0, 0, , 0, 0, 0, 0, 0,
124,  1,  123,  127,  -1,  837, 481,  136.0,  23,  Nuc744072,  2583,  0, 0, 0, , 0, 0, 0, 0, 0,
125,  1,  124,  128,  -1,  868, 513,  146.0,  21,  Nuc755979,  3161,  0, 0, 0, , 0, 0, 0, 0, 0,
126,  1,  125,  129,  -1,  762, 422,  133.0,  21,  Nuc765554,  3212,  0, 0, 0, , 0, 0, 0, 0, 0,
127,  1,  126,  130,  -1,  781, 471,  129.0,  21,  Nuc767131,  2443,  0, 0, 0, , 0, 0, 0, 0, 0,
128,  1,  127,  131,  -1,  715, 507,  146.0,  23,  Nuc777271,  2493,  0, 0, 0, , 0, 0, 0, 0, 0,
129,  1,  128,  132,  -1,  771, 529,  141.0,  21,  Nuc781773,  3069,  0, 0, 0, , 0, 0, 0, 0, 0,
130,  1,  129,  133,  -1,  784, 493,  159.0,  21,  Nuc781826,  3602,  0, 0, 0, , 0, 0, 0, 0, 0,
131,  1,  130,  134,  -1,  819, 448,  151.0,  21,  Nuc786034,  3537,  0, 0, 0, , 0, 0, 0, 0, 0,
132,  1,  131,  135,  -1,  753, 416,  158.0,  21,  Nuc787821,  3694,  0, 0, 0, , 0, 0, 0, 0, 0,
133,  1,  132,  136,  -1,  707, 449,  156.0,  21,  Nuc795083,  3873,  0, 0, 0, , 0, 0, 0, 0, 0,
134,  1,  133,  137,  -1,  809, 564,  136.0,  21,  Nuc799525,  3611,  0, 0, 0, , 0, 0, 0, 0, 0,
135,  1,  134,  138,  -1,  786, 610,  145.0,  21,  Nuc842570,  3837,  0, 0, 0, , 0, 0, 0, 0, 0,
136,  1,  135,  139,  -1,  863, 633,  140.0,  21,  Nuc846754,  3150,  0, 0, 0, , 0, 0, 0, 0, 0,
137,  1,  136,  140,  -1,  879, 569,  140.0,  21,  Nuc851355,  3027,  0, 0, 0, , 0, 0, 0, 0, 0,
138,  1,  137,  141,  -1,  835, 591,  127.0,  21,  Nuc855289,  2447,  0, 0, 0, , 0, 0, 0, 0, 0,
139,  1,  138,  142,  -1,  844, 532,  125.0,  21,  Nuc886394,  2759,  0, 0, 0, , 0, 0, 0, 0, 0,
140,  1,  139,  143,  -1,  909, 571,  120.0,  21,  Nuc895736,  2557,  0, 0, 0, , 0, 0, 0, 0, 0,
141,  1,  140,  144,  -1,  931, 568,  129.0,  23,  Nuc902811,  2632,  0, 0, 0, , 0, 0, 0, 0, 0,
142,  1,  141,  145,  -1,  976, 538,  110.0,  23,  Nuc906519,  2113,  0, 0, 0, , 0, 0, 0, 0, 0,
143,  1,  142,  146,  -1,  945, 509,  108.0,  21,  Nuc907619,  2429,  0, 0, 0, , 0, 0, 0, 0, 0,
144,  1,  143,  147,  -1,  736, 578,  130.0,  21,  Nuc911900,  2097,  0, 0, 0, , 0, 0, 0, 0, 0,
145,  1,  144,  148,  -1,  708, 589,  141.0,  21,  Nuc938591,  2843,  0, 0, 0, , 0, 0, 0, 0, 0,
146,  1,  145,  149,  -1,  765, 652,  157.0,  21,  Nuc952999,  4560,  0, 0, 0, , 0, 0, 0, 0, 0,
147,  1,  146,  150,  -1,  741, 594,  169.0,  21,  Nuc954594,  2976,  0, 0, 0, , 0, 0, 0, 0, 0,
148,  1,  147,  151,  -1,  729, 608,  156.0,  21,  Nuc956963,  3963,  0, 0, 0, , 0, 0, 0, 0, 0,
149,  1,  148,  152,  -1,  827, 598,  153.0,  21,  Nuc966763,  3610,  0, 0, 0, , 0, 0, 0, 0, 0,
150,  1,  149,  153,  -1,  800, 549,  159.0,  21,  Nuc967912,  3740,  0, 0, 0, , 0, 0, 0, 0, 0,
151,  1,  150,  154,  -1,  521, 574,  145.0,  23,  Nuc1024118,  2042,  0, 0, 0, , 0, 0, 0, 0, 0,
152,  1,  151,  155,  -1,  477, 594,  147.0,  21,  Nuc1056914,  2000,  0, 0, 0, , 0, 0, 0, 0, 0,
153,  1,  152,  156,  -1,  289, 770,  120.0,  21,  Nuc1057049,  814,  0, 0, 0, , 0, 0, 0, 0, 0,
154,  1,  153,  157,  -1,  308, 764,  131.0,  21,  Nuc1057281,  2066,  0, 0, 0, , 0, 0, 0, 0, 0,
155,  1,  154,  158,  -1,  482, 717,  124.0,  21,  Nuc1057339,  2633,  0, 0, 0, , 0, 0, 0, 0, 0,
156,  1,  155,  159,  -1,  370, 739,  135.0,  21,  Nuc1057650,  1669,  0, 0, 0, , 0, 0, 0, 0, 0,
157,  1,  156,  160,  161,  456, 746,  137.0,  21,  Nuc1057670,  2216,  0, 0, 0, , 0, 0, 0, 0, 0,
158,  1,  157,  162,  -1,  438, 691,  145.0,  21,  Nuc1057737,  2524,  0, 0, 0, , 0, 0, 0, 0, 0,
159,  1,  158,  163,  -1,  479, 716,  150.0,  21,  Nuc1057755,  2707,  0, 0, 0, , 0, 0, 0, 0, 0,
160,  1,  159,  164,  -1,  575, 638,  129.0,  23,  Nuc1057907,  2845,  0, 0, 0, , 0, 0, 0, 0, 0,
161,  1,  160,  165,  -1,  555, 651,  147.0,  21,  Nuc1062363,  2582,  0, 0, 0, , 0, 0, 0, 0, 0,
162,  1,  161,  166,  -1,  539, 694,  137.0,  21,  Nuc1091584,  2525,  0, 0, 0, , 0, 0, 0, 0, 0,
163,  1,  162,  167,  -1,  542, 697,  125.0,  23,  Nuc1092027,  2595,  0, 0, 0, , 0, 0, 0, 0, 0,
164,  1,  163,  168,  169,  613, 693,  143.0,  21,  Nuc1102210,  4205,  0, 0, 0, , 0, 0, 0, 0, 0,
165,  1,  164,  170,  -1,  627, 690,  128.0,  23,  Nuc1129015,  2502,  0, 0, 0, , 0, 0, 0, 0, 0,
166,  1,  165,  171,  -1,  584, 748,  122.0,  23,  Nuc1145044,  3006,  0, 0, 0, , 0, 0, 0, 0, 0,
167,  1,  166,  172,  -1,  602, 752,  134.0,  23,  Nuc1145217,  2496,  0, 0, 0, , 0, 0, 0, 0, 0,
168,  1,  167,  173,  -1,  448, 521,  130.0,  23,  Nuc1208198,  1464,  0, 0, 0, , 0, 0, 0, 0, 0,
169,  1,  168,  174,  -1,  501, 511,  129.0,  23,  Nuc1208674,  1206,  0, 0, 0, , 0, 0, 0, 0, 0,
170,  1,  169,  175,  -1,  562, 738,  148.0,  21,  Nuc1210615,  2468,  0, 0, 0, , 0, 0, 0, 0, 0,
171,  1,  170,  176,  -1,  559, 814,  150.0,  23,  Nuc1231744,  2869,  0, 0, 0, , 0, 0, 0, 0, 0,
172,  1,  171,  177,  -1,  546, 864,  136.0,  21,  Nuc1234863,  2803,  0, 0, 0, , 0, 0, 0, 0, 0,
173,  1,  172,  178,  -1,  464, 825,  149.0,  21,  Nuc1247453,  2445,  0, 0, 0, , 0, 0, 0, 0, 0,
174,  1,  173,  179,  -1,  479, 802,  141.0,  21,  Nuc1248918,  2219,  0, 0, 0, , 0, 0, 0, 0, 0,
175,  1,  174,  180,  -1,  505, 763,  155.0,  21,  Nuc1262372,  2426,  0, 0, 0, , 0, 0, 0, 0, 0,
176,  1,  175,  181,  -1,  472, 770,  163.0,  21,  Nuc1270017,  3202,  0, 0, 0, , 0, 0, 0, 0, 0,
177,  1,  176,  182,  -1,  661, 573,  133.0,  23,  Nuc1272766,  2408,  0, 0, 0, , 0, 0, 0, 0, 0,
178,  1,  177,  183,  -1,  657, 632,  133.0,  23,  Nuc1330324,  2123,  0, 0, 0, , 0, 0, 0, 0, 0,
179,  1,  179,  184,  -1,  652, 601,  152.0,  21,  Nuc1335656,  2801,  0, 0, 0, , 0, 0, 0, 0, 0,
180,  1,  180,  185,  -1,  587, 587,  140.0,  21,  Nuc1336674,  2632,  0, 0, 0, , 0, 0, 0, 0, 0,
181,  1,  181,  186,  -1,  548, 544,  134.0,  23,  Nuc1344443,  2528,  0, 0, 0, , 0, 0, 0, 0, 0,
182,  1,  182,  187,  -1,  607, 525,  137.0,  23,  Nuc1390589,  1858,  0, 0, 0, , 0, 0, 0, 0, 0,
183,  1,  183,  188,  -1,  660, 497,  132.0,  21,  Nuc1418344,  3795,  0, 0, 0, , 0, 0, 0, 0, 0,
184,  1,  184,  189,  -1,  479, 394,  147.0,  21,  Nuc1418785,  2905,  0, 0, 0, , 0, 0, 0, 0, 0,
185,  1,  185,  190,  -1,  413, 574,  154.0,  21,  Nuc1418865,  1950,  0, 0, 0, , 0, 0, 0, 0, 0,
186,  1,  186,  191,  -1,  410, 516,  152.0,  21,  Nuc1419064,  2609,  0, 0, 0, , 0, 0, 0, 0, 0,
187,  1,  187,  192,  -1,  424, 528,  179.0,  21,  Nuc1419096,  2624,  0, 0, 0, , 0, 0, 0, 0, 0,
188,  1,  188,  193,  -1,  435, 556,  169.0,  21,  Nuc1419542,  2410,  0, 0, 0, , 0, 0, 0, 0, 0,
189,  1,  189,  194,  -1,  500, 438,  128.0,  23,  Nuc1426677,  2173,  0, 0, 0, , 0, 0, 0, 0, 0,
190,  1,  190,  195,  -1,  454, 457,  128.0,  23,  Nuc1426690,  2103,  0, 0, 0, , 0, 0, 0, 0, 0,
191,  1,  191,  196,  -1,  613, 459,  131.0,  21,  Nuc1431511,  2785,  0, 0, 0, , 0, 0, 0, 0, 0,
192,  1,  192,  197,  -1,  551, 464,  130.0,  21,  Nuc1453049,  2771,  0, 0, 0, , 0, 0, 0, 0, 0,
193,  1,  193,  198,  -1,  469, 516,  151.0,  23,  Nuc1468260,  2206,  0, 0, 0, , 0, 0, 0, 0, 0,
194,  1,  194,  199,  -1,  494, 537,  143.0,  21,  Nuc1476754,  2184,  0, 0, 0, , 0, 0, 0, 0, 0,
195,  1,  195,  200,  -1,  471, 456,  147.0,  21,  Nuc1476771,  557,  0, 0, 0, , 0, 0, 0, 0, 0,
196,  1,  195,  201,  -1,  510, 473,  141.0,  21,  Nuc1483134,  1939,  0, 0, 0, , 0, 0, 0, 0, 0,
197,  1,  196,  202,  -1,  373, 378,  166.0,  21,  Nuc1483230,  1770,  0, 0, 0, , 0, 0, 0, 0, 0,
198,  1,  197,  203,  -1,  332, 365,  169.0,  21,  Nuc1492366,  2935,  0, 0, 0, , 0, 0, 0, 0, 0,
199,  1,  198,  204,  -1,  308, 473,  166.0,  21,  Nuc1492473,  399,  0, 0, 0, , 0, 0, 0, 0, 0,
200,  1,  198,  205,  -1,  283, 438,  168.0,  21,  Nuc1492484,  2117,  0, 0, 0, , 0, 0, 0, 0, 0,
201,  1,  199,  206,  -1,  414, 384,  175.0,  21,  Nuc1493008,  4888,  0, 0, 0, , 0, 0, 0, 0, 0,
202,  1,  200,  207,  -1,  413, 470,  157.0,  21,  Nuc1493158,  1160,  0, 0, 0, , 0, 0, 0, 0, 0,
203,  1,  201,  208,  -1,  330, 409,  160.0,  21,  Nuc1493178,  997,  0, 0, 0, , 0, 0, 0, 0, 0,
204,  1,  201,  209,  -1,  387, 422,  157.0,  21,  Nuc1493188,  1945,  0, 0, 0, , 0, 0, 0, 0, 0,
205,  1,  202,  210,  -1,  463, 295,  165.0,  21,  Nuc1493230,  2077,  0, 0, 0, , 0, 0, 0, 0, 0,
206,  1,  203,  211,  -1,  286, 355,  158.0,  21,  Nuc1493601,  1308,  0, 0, 0, , 0, 0, 0, 0, 0,
207,  1,  204,  212,  -1,  343, 331,  161.0,  21,  Nuc1493611,  1715,  0, 0, 0, , 0, 0, 0, 0, 0,
208,  1,  205,  213,  -1,  395, 318,  164.0,  21,  Nuc1493770,  3271,  0, 0, 0, , 0, 0, 0, 0, 0,
209,  1,  206,  214,  -1,  422, 371,  157.0,  21,  Nuc1494672,  1906,  0, 0, 0, , 0, 0, 0, 0, 0,
210,  1,  207,  215,  -1,  343, 268,  137.0,  21,  Nuc1494726,  1631,  0, 0, 0, , 0, 0, 0, 0, 0,
211,  1,  208,  216,  -1,  358, 267,  149.0,  21,  Nuc1496169,  2705,  0, 0, 0, , 0, 0, 0, 0, 0,
212,  1,  209,  217,  -1,  396, 320,  145.0,  21,  Nuc1496182,  2915,  0, 0, 0, , 0, 0, 0, 0, 0,
213,  1,  210,  218,  -1,  434, 262,  156.0,  21,  Nuc1496372,  2110,  0, 0, 0, , 0, 0, 0, 0, 0,
214,  1,  211,  219,  -1,  418, 216,  146.0,  21,  Nuc1497058,  2810,  0, 0, 0, , 0, 0, 0, 0, 0,
215,  1,  212,  220,  -1,  665, 301,  152.0,  21,  Nuc1500732,  3203,  0, 0, 0, , 0, 0, 0, 0, 0,
216,  1,  213,  221,  -1,  632, 350,  165.0,  21,  Nuc1503363,  3421,  0, 0, 0, , 0, 0, 0, 0, 0,
217,  1,  214,  222,  -1,  615, 406,  155.0,  21,  Nuc1508343,  1974,  0, 0, 0, , 0, 0, 0, 0, 0,
218,  1,  215,  223,  -1,  662, 373,  141.0,  23,  Nuc1510128,  2511,  0, 0, 0, , 0, 0, 0, 0, 0,
219,  1,  216,  224,  -1,  600, 401,  132.0,  21,  Nuc1514875,  1565,  0, 0, 0, , 0, 0, 0, 0, 0,
220,  1,  217,  225,  -1,  540, 401,  141.0,  21,  Nuc1514896,  3044,  0, 0, 0, , 0, 0, 0, 0, 0,
221,  1,  218,  226,  -1,  647, 330,  126.0,  23,  Nuc1545768,  2423,  0, 0, 0, , 0, 0, 0, 0, 0,
222,  1,  219,  227,  -1,  602, 331,  144.0,  21,  Nuc1551432,  2359,  0, 0, 0, , 0, 0, 0, 0, 0,
223,  1,  220,  228,  -1,  472, 323,  152.0,  21,  Nuc1553368,  2482,  0, 0, 0, , 0, 0, 0, 0, 0,
224,  1,  221,  229,  -1,  533, 320,  141.0,  21,  Nuc1560735,  1366,  0, 0, 0, , 0, 0, 0, 0, 0,
225,  1,  222,  230,  -1,  545, 270,  151.0,  23,  Nuc1572636,  3379,  0, 0, 0, , 0, 0, 0, 0, 0,
226,  1,  223,  231,  -1,  499, 231,  152.0,  21,  Nuc1575658,  2800,  0, 0, 0, , 0, 0, 0, 0, 0,
227,  1,  224,  232,  -1,  594, 280,  158.0,  21,  Nuc1577620,  3163,  0, 0, 0, , 0, 0, 0, 0, 0,
228,  1,  225,  233,  -1,  575, 330,  166.0,  21,  Nuc1581753,  3017,  0, 0, 0, , 0, 0, 0, 0, 0,
229,  1,  226,  234,  -1,  466, 364,  172.0,  21,  Nuc1584290,  2532,  0, 0, 0, , 0, 0, 0, 0, 0,
230,  1,  227,  235,  -1,  511, 319,  168.0,  23,  Nuc1584415,  3543,  0, 0, 0, , 0, 0, 0, 0, 0,
231,  1,  228,  236,  -1,  643, 461,  154.0,  21,  Nuc1584589,  3776,  0, 0, 0, , 0, 0, 0, 0, 0,
232,  1,  229,  237,  -1,  653, 440,  140.0,  21,  Nuc1602913,  2511,  0, 0, 0, , 0, 0, 0, 0, 0,
233,  1,  230,  238,  -1,  713, 432,  132.0,  21,  Nuc1622761,  3245,  0, 0, 0, , 0, 0, 0, 0, 0,
234,  1,  231,  239,  -1,  670, 406,  128.0,  21,  Nuc1639845,  3042,  0, 0, 0, , 0, 0, 0, 0, 0,
235,  1,  232,  240,  -1,  641, 528,  165.0,  21,  Nuc1640580,  4363,  0, 0, 0, , 0, 0, 0, 0, 0,
236,  1,  233,  241,  -1,  651, 500,  145.0,  21,  Nuc1643527,  4637,  0, 0, 0, , 0, 0, 0, 0, 0,
237,  1,  234,  242,  -1,  628, 528,  150.0,  21,  Nuc1647658,  2032,  0, 0, 0, , 0, 0, 0, 0, 0,
238,  1,  235,  243,  -1,  690, 579,  158.0,  21,  Nuc1703097,  2934,  0, 0, 0, , 0, 0, 0, 0, 0,
239,  1,  236,  244,  -1,  671, 542,  157.0,  21,  Nuc1707824,  3502,  0, 0, 0, , 0, 0, 0, 0, 0,
240,  1,  237,  245,  -1,  652, 557,  146.0,  21,  Nuc1707958,  2699,  0, 0, 0, , 0, 0, 0, 0, 0,
241,  1,  238,  246,  -1,  681, 541,  138.0,  21,  Nuc1738821,  2555,  0, 0, 0, , 0, 0, 0, 0, 0,
242,  1,  239,  247,  -1,  506, 495,  155.0,  21,  Nuc1740622,  3349,  0, 0, 0, , 0, 0, 0, 0, 0,
243,  1,  240,  248,  -1,  526, 535,  158.0,  21,  Nuc1750710,  2964,  0, 0, 0, , 0, 0, 0, 0, 0,
244,  1,  242,  249,  -1,  567, 530,  148.0,  23,  Nuc1754960,  2642,  0, 0, 0, , 0, 0, 0, 0, 0,
245,  1,  243,  250,  -1,  550, 579,  153.0,  21,  Nuc1755550,  3499,  0, 0, 0, , 0, 0, 0, 0, 0,
246,  1,  244,  251,  -1,  522, 520,  173.0,  21,  Nuc1759767,  2526,  0, 0, 0, , 0, 0, 0, 0, 0,
247,  1,  245,  252,  -1,  530, 473,  173.0,  21,  Nuc1762237,  3147,  0, 0, 0, , 0, 0, 0, 0, 0,
248,  1,  246,  253,  -1,  481, 507,  177.0,  21,  Nuc1763418,  3043,  0, 0, 0, , 0, 0, 0, 0, 0,
249,  1,  247,  254,  -1,  440, 480,  174.0,  19,  Nuc1763563,  1575,  0, 0, 0, , 0, 0, 0, 0, 0,
250,  1,  248,  255,  -1,  491, 441,  169.0,  21,  Nuc1763583,  4431,  0, 0, 0, , 0, 0, 0, 0, 0,
251,  1,  249,  256,  -1,  439, 421,  165.0,  21,  Nuc1765086,  2977,  0, 0, 0, , 0, 0, 0, 0, 0,
252,  1,  250,  257,  -1,  499, 487,  167.0,  21,  Nuc1772020,  2005,  0, 0, 0, , 0, 0, 0, 0, 0,
253,  1,  251,  258,  -1,  478, 570,  157.0,  21,  Nuc1773075,  2207,  0, 0, 0, , 0, 0, 0, 0, 0,
254,  1,  252,  259,  -1,  428, 727,  167.0,  21,  Nuc1773181,  3930,  0, 0, 0, , 0, 0, 0, 0, 0,
255,  1,  253,  260,  -1,  405, 673,  159.0,  21,  Nuc1783538,  3694,  0, 0, 0, , 0, 0, 0, 0, 0,
256,  1,  254,  261,  -1,  335, 583,  162.0,  21,  Nuc1784083,  3005,  0, 0, 0, , 0, 0, 0, 0, 0,
257,  1,  255,  262,  -1,  358, 700,  168.0,  21,  Nuc1784116,  1385,  0, 0, 0, , 0, 0, 0, 0, 0,
258,  1,  256,  263,  264,  312, 701,  158.0,  21,  Nuc1784495,  2107,  0, 0, 0, , 0, 0, 0, 0, 0,
259,  1,  257,  265,  -1,  355, 647,  158.0,  21,  Nuc1785269,  1251,  0, 0, 0, , 0, 0, 0, 0, 0,
260,  1,  258,  -1,  -1,  397, 615,  159.0,  21,  Nuc1787975,  778,  0, 0, 0, , 0, 0, 0, 0, 0,
261,  1,  259,  266,  -1,  429, 611,  171.0,  21,  Nuc1787979,  2146,  0, 0, 0, , 0, 0, 0, 0, 0,
262,  1,  260,  267,  -1,  352, 604,  176.0,  21,  Nuc1793843,  3274,  0, 0, 0, , 0, 0, 0, 0, 0,
263,  1,  261,  268,  -1,  374, 654,  172.0,  21,  Nuc1793858,  3119,  0, 0, 0, , 0, 0, 0, 0, 0,
264,  1,  262,  269,  -1,  469, 423,  181.0,  21,  Nuc1794124,  3308,  0, 0, 0, , 0, 0, 0, 0, 0,
265,  1,  263,  270,  -1,  548, 421,  177.0,  21,  Nuc1794467,  3494,  0, 0, 0, , 0, 0, 0, 0, 0,
266,  1,  264,  271,  -1,  527, 367,  175.0,  23,  Nuc1795180,  4420,  0, 0, 0, , 0, 0, 0, 0, 0,
267,  1,  265,  272,  -1,  624, 466,  169.0,  21,  Nuc1800332,  5518,  0, 0, 0, , 0, 0, 0, 0, 0,
268,  1,  266,  273,  -1,  616, 411,  175.0,  21,  Nuc1842023,  3846,  0, 0, 0, , 0, 0, 0, 0, 0,
269,  1,  267,  274,  -1,  700, 371,  161.0,  21,  Nuc1848876,  3947,  0, 0, 0, , 0, 0, 0, 0, 0,
270,  1,  268,  275,  -1,  679, 418,  169.0,  21,  Nuc1849842,  4078,  0, 0, 0, , 0, 0, 0, 0, 0,
271,  1,  269,  276,  -1,  653, 505,  177.0,  21,  Nuc1850306,  4606,  0, 0, 0, , 0, 0, 0, 0, 0,
272,  1,  270,  277,  -1,  680, 468,  175.0,  21,  Nuc1850852,  3653,  0, 0, 0, , 0, 0, 0, 0, 0,
273,  1,  271,  278,  -1,  743, 476,  169.0,  21,  Nuc1851810,  3206,  0, 0, 0, , 0, 0, 0, 0, 0,
274,  1,  272,  279,  -1,  687, 505,  168.0,  21,  Nuc1854169,  4659,  0, 0, 0, , 0, 0, 0, 0, 0,
275,  1,  273,  280,  -1,  741, 514,  170.0,  21,  Nuc1858788,  3276,  0, 0, 0, , 0, 0, 0, 0, 0,
276,  1,  274,  281,  -1,  631, 585,  168.0,  21,  Nuc1862220,  3785,  0, 0, 0, , 0, 0, 0, 0, 0,
277,  1,  275,  282,  -1,  684, 574,  173.0,  23,  Nuc1863106,  4079,  0, 0, 0, , 0, 0, 0, 0, 0,
278,  1,  276,  283,  -1,  745, 553,  159.0,  21,  Nuc1867432,  2790,  0, 0, 0, , 0, 0, 0, 0, 0,
279,  1,  277,  284,  -1,  709, 538,  163.0,  19,  Nuc1867563,  2390,  0, 0, 0, , 0, 0, 0, 0, 0,
280,  1,  278,  285,  -1,  739, 559,  171.0,  21,  Nuc1868198,  2939,  0, 0, 0, , 0, 0, 0, 0, 0,
281,  1,  279,  286,  -1,  469, 685,  178.0,  21,  Nuc1869394,  2371,  0, 0, 0, , 0, 0, 0, 0, 0,
282,  1,  280,  287,  -1,  419, 674,  178.0,  21,  Nuc1869771,  2492,  0, 0, 0, , 0, 0, 0, 0, 0,
283,  1,  281,  288,  -1,  629, 708,  168.0,  21,  Nuc1870001,  4017,  0, 0, 0, , 0, 0, 0, 0, 0,
284,  1,  282,  289,  -1,  591, 691,  158.0,  21,  Nuc1871456,  4245,  0, 0, 0, , 0, 0, 0, 0, 0,
285,  1,  283,  290,  -1,  617, 777,  156.0,  21,  Nuc1876961,  4070,  0, 0, 0, , 0, 0, 0, 0, 0,
286,  1,  284,  291,  -1,  568, 755,  162.0,  21,  Nuc1880447,  4419,  0, 0, 0, , 0, 0, 0, 0, 0,
287,  1,  285,  292,  -1,  514, 660,  179.0,  21,  Nuc1883045,  3416,  0, 0, 0, , 0, 0, 0, 0, 0,
288,  1,  286,  293,  -1,  563, 664,  171.0,  21,  Nuc1886230,  4462,  0, 0, 0, , 0, 0, 0, 0, 0,
289,  1,  287,  294,  -1,  492, 720,  171.0,  21,  Nuc1889460,  4080,  0, 0, 0, , 0, 0, 0, 0, 0,
290,  1,  288,  295,  -1,  548, 721,  169.0,  21,  Nuc1890967,  3554,  0, 0, 0, , 0, 0, 0, 0, 0,
291,  1,  289,  296,  -1,  624, 644,  172.0,  23,  Nuc1892157,  4552,  0, 0, 0, , 0, 0, 0, 0, 0,
292,  1,  290,  297,  -1,  690, 653,  168.0,  21,  Nuc1918895,  4222,  0, 0, 0, , 0, 0, 0, 0, 0,
293,  1,  291,  298,  -1,  571, 620,  179.0,  21,  Nuc1921286,  3720,  0, 0, 0, , 0, 0, 0, 0, 0,
294,  1,  292,  299,  -1,  574, 568,  180.0,  21,  Nuc1921409,  3164,  0, 0, 0, , 0, 0, 0, 0, 0,
295,  1,  293,  300,  -1,  575, 459,  181.0,  21,  Nuc1922084,  3839,  0, 0, 0, , 0, 0, 0, 0, 0,
296,  1,  294,  301,  -1,  624, 551,  179.0,  21,  Nuc1922184,  4428,  0, 0, 0, , 0, 0, 0, 0, 0,
297,  1,  295,  302,  -1,  501, 601,  184.0,  21,  Nuc1923300,  3307,  0, 0, 0, , 0, 0, 0, 0, 0,
298,  1,  296,  303,  -1,  453, 633,  181.0,  21,  Nuc1924239,  3116,  0, 0, 0, , 0, 0, 0, 0, 0,
299,  1,  297,  304,  -1,  440, 582,  183.0,  21,  Nuc1934133,  1883,  0, 0, 0, , 0, 0, 0, 0, 0,
300,  1,  298,  305,  -1,  469, 664,  166.0,  21,  Nuc1934274,  2707,  0, 0, 0, , 0, 0, 0, 0, 0,
301,  1,  299,  306,  -1,  514, 620,  157.0,  21,  Nuc1942129,  2882,  0, 0, 0, , 0, 0, 0, 0, 0,
302,  1,  300,  307,  -1,  458, 637,  155.0,  23,  Nuc1943193,  3570,  0, 0, 0, , 0, 0, 0, 0, 0,
303,  1,  301,  308,  -1,  517, 691,  159.0,  23,  Nuc1943227,  2927,  0, 0, 0, , 0, 0, 0, 0, 0,
304,  1,  302,  309,  -1,  532, 585,  168.0,  21,  Nuc1950060,  2090,  0, 0, 0, , 0, 0, 0, 0, 0,
305,  1,  303,  310,  -1,  483, 540,  170.0,  21,  Nuc1950326,  1790,  0, 0, 0, , 0, 0, 0, 0, 0,
306,  1,  304,  311,  -1,  482, 596,  172.0,  21,  Nuc1953388,  3909,  0, 0, 0, , 0, 0, 0, 0, 0,
307,  1,  305,  312,  -1,  406, 533,  187.0,  23,  Nuc1953738,  1597,  0, 0, 0, , 0, 0, 0, 0, 0,
308,  1,  306,  313,  -1,  397, 451,  184.0,  21,  Nuc1954709,  2483,  0, 0, 0, , 0, 0, 0, 0, 0,
309,  1,  307,  314,  -1,  496, 533,  185.0,  21,  Nuc1954943,  2961,  0, 0, 0, , 0, 0, 0, 0, 0,
310,  1,  308,  315,  -1,  571, 517,  182.0,  21,  Nuc1955380,  4667,  0, 0, 0, , 0, 0, 0, 0, 0,
311,  1,  309,  316,  -1,  535, 551,  182.0,  21,  Nuc1967350,  3541,  0, 0, 0, , 0, 0, 0, 0, 0,
312,  1,  310,  317,  -1,  509, 465,  184.0,  23,  Nuc1968442,  3022,  0, 0, 0, , 0, 0, 0, 0, 0,
313,  1,  311,  318,  -1,  446, 494,  186.0,  21,  Nuc1968604,  2874,  0, 0, 0, , 0, 0, 0, 0, 0,
314,  1,  312,  319,  -1,  578, 618,  160.0,  21,  Nuc1968841,  3898,  0, 0, 0, , 0, 0, 0, 0, 0,
315,  1,  313,  320,  -1,  586, 522,  171.0,  21,  Nuc2004965,  5153,  0, 0, 0, , 0, 0, 0, 0, 0,
316,  1,  314,  -1,  -1,  592, 554,  165.0,  19,  Nuc2006236,  1302,  0, 0, 0, , 0, 0, 0, 0, 0,
317,  1,  314,  321,  -1,  593, 555,  158.0,  21,  Nuc2006237,  4219,  0, 0, 0, , 0, 0, 0, 0, 0,
318,  1,  315,  322,  -1,  398, 762,  161.0,  23,  Nuc2009249,  2633,  0, 0, 0, , 0, 0, 0, 0, 0,
319,  1,  316,  323,  -1,  548, 494,  162.0,  21,  Nuc2012789,  2922,  0, 0, 0, , 0, 0, 0, 0, 0,
320,  1,  317,  324,  -1,  526, 366,  157.0,  21,  Nuc2021748,  2812,  0, 0, 0, , 0, 0, 0, 0, 0,
321,  1,  318,  325,  -1,  568, 400,  164.0,  23,  Nuc2024301,  4086,  0, 0, 0, , 0, 0, 0, 0, 0,
322,  1,  319,  326,  -1,  521, 441,  157.0,  21,  Nuc2034646,  3494,  0, 0, 0, , 0, 0, 0, 0, 0,
323,  1,  320,  327,  -1,  574, 451,  164.0,  21,  Nuc2034689,  3313,  0, 0, 0, , 0, 0, 0, 0, 0,
324,  1,  321,  328,  -1,  660, 503,  158.0,  19,  Nuc2034836,  2427,  0, 0, 0, , 0, 0, 0, 0, 0,
325,  1,  322,  329,  -1,  604, 495,  155.0,  21,  Nuc2054040,  3789,  0, 0, 0, , 0, 0, 0, 0, 0,
326,  1,  324,  330,  -1,  291, 451,  153.0,  21,  Nuc2064301,  1764,  0, 0, 0, , 0, 0, 0, 0, 0,
327,  1,  325,  331,  -1,  346, 470,  149.0,  21,  Nuc2064464,  2172,  0, 0, 0, , 0, 0, 0, 0, 0,
328,  1,  326,  332,  333,  250, 629,  152.0,  19,  Nuc2064578,  1542,  0, 0, 0, , 0, 0, 0, 0, 0,
329,  1,  327,  -1,  -1,  289, 606,  148.0,  21,  Nuc2064651,  771,  0, 0, 0, , 0, 0, 0, 0, 0,
330,  1,  330,  334,  335,  322, 707,  142.0,  21,  Nuc2064661,  1835,  0, 0, 0, , 0, 0, 0, 0, 0,
331,  1,  332,  336,  -1,  440, 350,  137.0,  21,  Nuc2064820,  1687,  0, 0, 0, , 0, 0, 0, 0, 0,
332,  1,  333,  337,  -1,  473, 332,  128.0,  23,  Nuc2064895,  1628,  0, 0, 0, , 0, 0, 0, 0, 0,
333,  1,  334,  338,  -1,  378, 384,  142.0,  21,  Nuc2070287,  2248,  0, 0, 0, , 0, 0, 0, 0, 0,
334,  1,  334,  -1,  -1,  378, 379,  138.0,  21,  Nuc2070298,  2248,  0, 0, 0, , 0, 0, 0, 0, 0,
335,  1,  335,  -1,  -1,  343, 392,  125.0,  21,  Nuc2070313,  486,  0, 0, 0, , 0, 0, 0, 0, 0,
336,  1,  336,  339,  -1,  393, 366,  126.0,  23,  Nuc2070315,  2150,  0, 0, 0, , 0, 0, 0, 0, 0,
337,  1,  337,  340,  -1,  349, 549,  181.0,  21,  Nuc2070371,  2051,  0, 0, 0, , 0, 0, 0, 0, 0,
338,  1,  337,  341,  -1,  349, 551,  175.0,  21,  Nuc2070504,  1832,  0, 0, 0, , 0, 0, 0, 0, 0,
339,  1,  338,  342,  -1,  301, 564,  169.0,  21,  Nuc2070513,  1660,  0, 0, 0, , 0, 0, 0, 0, 0,
340,  1,  340,  343,  -1,  375, 888,  106.0,  21,  Nuc2070787,  1534,  0, 0, 0, , 0, 0, 0, 0, 0,
341,  1,  341,  344,  -1,  382, 915,  96.0,  21,  Nuc2080669,  1266,  0, 0, 0, , 0, 0, 0, 0, 0,
342,  1,  342,  345,  -1,  418, 632,  143.0,  21,  Nuc2080729,  2616,  0, 0, 0, , 0, 0, 0, 0, 0,
343,  1,  343,  -1,  -1,  345, 699,  125.0,  23,  Nuc2080760,  278,  0, 0, 0, , 0, 0, 0, 0, 0,
344,  1,  344,  346,  -1,  373, 682,  139.0,  21,  Nuc2080770,  1095,  0, 0, 0, , 0, 0, 0, 0, 0,
345,  1,  345,  347,  -1,  248, 340,  149.0,  21,  Nuc2080841,  2096,  0, 0, 0, , 0, 0, 0, 0, 0,
346,  1,  346,  -1,  -1,  245, 447,  142.0,  21,  Nuc2081037,  227,  0, 0, 0, , 0, 0, 0, 0, 0,
347,  1,  346,  -1,  -1,  215, 391,  144.0,  21,  Nuc2081038,  645,  0, 0, 0, , 0, 0, 0, 0, 0,
348,  1,  347,  348,  -1,  300, 510,  172.0,  21,  Nuc2081067,  2110,  0, 0, 0, , 0, 0, 0, 0, 0,
349,  1,  348,  349,  -1,  373, 536,  167.0,  21,  Nuc2081295,  2095,  0, 0, 0, , 0, 0, 0, 0, 0,
350,  1,  349,  350,  -1,  360, 488,  162.0,  21,  Nuc2084620,  1544,  0, 0, 0, , 0, 0, 0, 0, 0,
351,  1,  350,  351,  -1,  416, 852,  120.0,  21,  Nuc2084904,  1534,  0, 0, 0, , 0, 0, 0, 0, 0,
352,  1,  351,  352,  -1,  381, 876,  118.0,  21,  Nuc2087961,  1604,  0, 0, 0, , 0, 0, 0, 0, 0,
353,  1,  353,  353,  -1,  344, 497,  179.0,  21,  Nuc2088515,  1271,  0, 0, 0, , 0, 0, 0, 0, 0,
354,  1,  354,  354,  -1,  357, 438,  176.0,  21,  Nuc2088535,  1743,  0, 0, 0, , 0, 0, 0, 0, 0,
355,  1,  355,  -1,  -1,  357, 440,  171.0,  21,  Nuc2088775,  253,  0, 0, 0, , 0, 0, 0, 0, 0,
356,  1,  356,  355,  -1,  424, 688,  125.0,  21,  Nuc2088789,  1951,  0, 0, 0, , 0, 0, 0, 0, 0,
357,  1,  357,  356,  -1,  523, 769,  134.0,  21,  Nuc2088808,  1741,  0, 0, 0, , 0, 0, 0, 0, 0,
358,  1,  358,  357,  -1,  274, 557,  142.0,  21,  Nuc2132781,  1376,  0, 0, 0, , 0, 0, 0, 0, 0,
359,  1,  359,  358,  -1,  325, 572,  143.0,  21,  Nuc2132814,  1245,  0, 0, 0, , 0, 0, 0, 0, 0,
360,  1,  360,  359,  -1,  380, 495,  141.0,  21,  Nuc2132843,  1128,  0, 0, 0, , 0, 0, 0, 0, 0,
361,  1,  361,  -1,  -1,  338, 527,  151.0,  21,  Nuc2132870,  736,  0, 0, 0, , 0, 0, 0, 0, 0,
362,  1,  361,  360,  -1,  362, 545,  142.0,  21,  Nuc2132871,  1933,  0, 0, 0, , 0, 0, 0, 0, 0,
363,  1,  362,  361,  -1,  282, 509,  155.0,  21,  Nuc2132890,  1843,  0, 0, 0, , 0, 0, 0, 0, 0,
364,  1,  363,  362,  -1,  233, 485,  156.0,  21,  Nuc2134968,  1171,  0, 0, 0, , 0, 0, 0, 0, 0,
365,  1,  364,  363,  -1,  500, 661,  138.0,  21,  Nuc2134985,  1425,  0, 0, 0, , 0, 0, 0, 0, 0,
366,  1,  365,  364,  -1,  464, 639,  128.0,  23,  Nuc2160194,  1971,  0, 0, 0, , 0, 0, 0, 0, 0,
367,  1,  366,  365,  -1,  378, 436,  144.0,  21,  Nuc2160211,  1234,  0, 0, 0, , 0, 0, 0, 0, 0,
368,  1,  367,  366,  -1,  328, 406,  141.0,  21,  Nuc2160223,  1358,  0, 0, 0, , 0, 0, 0, 0, 0,
369,  1,  368,  367,  -1,  330, 346,  145.0,  21,  Nuc2160606,  1959,  0, 0, 0, , 0, 0, 0, 0, 0,
370,  1,  370,  368,  -1,  451, 395,  124.0,  23,  Nuc2161845,  2018,  0, 0, 0, , 0, 0, 0, 0, 0,
371,  1,  371,  369,  -1,  509, 368,  129.0,  23,  Nuc2161860,  1551,  0, 0, 0, , 0, 0, 0, 0, 0,
372,  1,  372,  370,  -1,  553, 491,  144.0,  23,  Nuc2161868,  1738,  0, 0, 0, , 0, 0, 0, 0, 0,
373,  1,  373,  371,  -1,  590, 454,  147.0,  21,  Nuc2161880,  1999,  0, 0, 0, , 0, 0, 0, 0, 0,
374,  1,  374,  372,  -1,  306, 172,  114.0,  21,  Nuc2161893,  844,  0, 0, 0, , 0, 0, 0, 0, 0,
375,  1,  -1,  373,  374,  330, 209,  127.0,  21,  Nuc2162694,  650,  0, 0, 0, , 0, 0, 0, 0, 0,
376,  1,  -1,  -1,  -1,  236, 499,  141.0,  21,  Nuc2162720,  477,  0, 0, 0, , 0, 0, 0, 0, 0,
377,  1,  -1,  375,  -1,  283, 494,  141.0,  21,  Nuc2162721,  236,  0, 0, 0, , 0, 0, 0, 0, 0,
