1,  1,  1,  1,  -1,  541, 966,  84.0,  21,  Nuc64,  1303,  0, 0, 0, , 0, 0, 0, 0, 0,
2,  1,  2,  2,  -1,  496, 936,  93.0,  21,  Nuc5280,  1440,  0, 0, 0, , 0, 0, 0, 0, 0,
3,  1,  3,  3,  -1,  444, 951,  84.0,  21,  Nuc7233,  1534,  0, 0, 0, , 0, 0, 0, 0, 0,
4,  1,  4,  4,  5,  432, 847,  109.0,  23,  Nuc9522,  1099,  0, 0, 0, , 0, 0, 0, 0, 0,
5,  1,  5,  6,  -1,  471, 876,  103.0,  21,  Nuc24147,  1608,  0, 0, 0, , 0, 0, 0, 0, 0,
6,  1,  6,  7,  -1,  428, 914,  108.0,  21,  Nuc26084,  1770,  0, 0, 0, , 0, 0, 0, 0, 0,
7,  1,  7,  8,  -1,  473, 927,  106.0,  21,  Nuc28677,  1663,  0, 0, 0, , 0, 0, 0, 0, 0,
8,  1,  8,  9,  -1,  771, 891,  93.0,  21,  Nuc29671,  1750,  0, 0, 0, , 0, 0, 0, 0, 0,
9,  1,  9,  10,  -1,  725, 906,  100.0,  21,  Nuc34357,  1883,  0, 0, 0, , 0, 0, 0, 0, 0,
10,  1,  10,  11,  -1,  673, 894,  112.0,  21,  Nuc37582,  1912,  0, 0, 0, , 0, 0, 0, 0, 0,
11,  1,  11,  12,  -1,  646, 847,  112.0,  21,  Nuc40145,  2360,  0, 0, 0, , 0, 0, 0, 0, 0,
12,  1,  12,  13,  -1,  623, 908,  103.0,  23,  Nuc47886,  1921,  0, 0, 0, , 0, 0, 0, 0, 0,
13,  1,  13,  14,  -1,  596, 940,  98.0,  21,  Nuc49704,  1404,  0, 0, 0, , 0, 0, 0, 0, 0,
14,  1,  14,  15,  -1,  690, 934,  87.0,  23,  Nuc51557,  1466,  0, 0, 0, , 0, 0, 0, 0, 0,
15,  1,  15,  16,  -1,  634, 955,  84.0,  21,  Nuc61176,  1433,  0, 0, 0, , 0, 0, 0, 0, 0,
16,  1,  16,  17,  -1,  603, 831,  124.0,  23,  Nuc63983,  2704,  0, 0, 0, , 0, 0, 0, 0, 0,
17,  1,  17,  18,  -1,  626, 866,  131.0,  23,  Nuc64003,  2411,  0, 0, 0, , 0, 0, 0, 0, 0,
18,  1,  18,  19,  -1,  549, 816,  130.0,  21,  Nuc65775,  1892,  0, 0, 0, , 0, 0, 0, 0, 0,
19,  1,  19,  20,  -1,  522, 920,  104.0,  21,  Nuc69344,  2593,  0, 0, 0, , 0, 0, 0, 0, 0,
20,  1,  20,  21,  -1,  534, 875,  103.0,  23,  Nuc70670,  2539,  0, 0, 0, , 0, 0, 0, 0, 0,
21,  1,  21,  22,  -1,  558, 818,  114.0,  25,  Nuc73727,  2214,  0, 0, 0, , 0, 0, 0, 0, 0,
22,  1,  22,  23,  -1,  562, 871,  115.0,  21,  Nuc76196,  2996,  0, 0, 0, , 0, 0, 0, 0, 0,
23,  1,  23,  24,  -1,  593, 915,  114.0,  21,  Nuc88080,  1883,  0, 0, 0, , 0, 0, 0, 0, 0,
24,  1,  24,  25,  -1,  502, 779,  116.0,  23,  Nuc90595,  1900,  0, 0, 0, , 0, 0, 0, 0, 0,
25,  1,  25,  26,  27,  432, 780,  124.0,  21,  Nuc102442,  1190,  0, 0, 0, , 0, 0, 0, 0, 0,
26,  1,  26,  28,  -1,  481, 822,  126.0,  21,  Nuc102460,  2445,  0, 0, 0, , 0, 0, 0, 0, 0,
27,  1,  27,  29,  -1,  499, 856,  116.0,  23,  Nuc144317,  2281,  0, 0, 0, , 0, 0, 0, 0, 0,
28,  1,  28,  30,  -1,  537, 902,  122.0,  21,  Nuc146050,  2111,  0, 0, 0, , 0, 0, 0, 0, 0,
29,  1,  29,  31,  -1,  452, 895,  119.0,  21,  Nuc146850,  2703,  0, 0, 0, , 0, 0, 0, 0, 0,
30,  1,  30,  32,  -1,  483, 874,  131.0,  21,  Nuc148361,  2833,  0, 0, 0, , 0, 0, 0, 0, 0,
31,  1,  31,  33,  -1,  303, 290,  150.0,  21,  Nuc152821,  1912,  0, 0, 0, , 0, 0, 0, 0, 0,
32,  1,  32,  34,  -1,  644, 782,  124.0,  21,  Nuc152910,  3034,  0, 0, 0, , 0, 0, 0, 0, 0,
33,  1,  33,  35,  -1,  687, 739,  130.0,  21,  Nuc170120,  3232,  0, 0, 0, , 0, 0, 0, 0, 0,
34,  1,  34,  36,  -1,  678, 852,  123.0,  21,  Nuc173383,  3256,  0, 0, 0, , 0, 0, 0, 0, 0,
35,  1,  35,  37,  -1,  721, 817,  129.0,  21,  Nuc182357,  3354,  0, 0, 0, , 0, 0, 0, 0, 0,
36,  1,  36,  38,  -1,  708, 771,  144.0,  23,  Nuc190565,  3624,  0, 0, 0, , 0, 0, 0, 0, 0,
37,  1,  37,  39,  -1,  650, 746,  149.0,  21,  Nuc200244,  3738,  0, 0, 0, , 0, 0, 0, 0, 0,
38,  1,  38,  40,  -1,  667, 826,  139.0,  21,  Nuc205698,  3297,  0, 0, 0, , 0, 0, 0, 0, 0,
39,  1,  39,  41,  -1,  607, 802,  141.0,  21,  Nuc208531,  3429,  0, 0, 0, , 0, 0, 0, 0, 0,
40,  1,  40,  42,  -1,  808, 752,  117.0,  21,  Nuc209763,  2325,  0, 0, 0, , 0, 0, 0, 0, 0,
41,  1,  41,  43,  -1,  852, 777,  114.0,  23,  Nuc214930,  2292,  0, 0, 0, , 0, 0, 0, 0, 0,
42,  1,  42,  44,  -1,  873, 795,  95.0,  23,  Nuc215659,  2016,  0, 0, 0, , 0, 0, 0, 0, 0,
43,  1,  43,  45,  -1,  841, 836,  98.0,  23,  Nuc220662,  2333,  0, 0, 0, , 0, 0, 0, 0, 0,
44,  1,  44,  46,  -1,  781, 806,  124.0,  23,  Nuc230378,  2927,  0, 0, 0, , 0, 0, 0, 0, 0,
45,  1,  45,  47,  -1,  734, 776,  119.0,  21,  Nuc230675,  2652,  0, 0, 0, , 0, 0, 0, 0, 0,
46,  1,  46,  48,  -1,  735, 858,  114.0,  23,  Nuc248273,  2821,  0, 0, 0, , 0, 0, 0, 0, 0,
47,  1,  47,  49,  -1,  788, 838,  111.0,  21,  Nuc249174,  2784,  0, 0, 0, , 0, 0, 0, 0, 0,
48,  1,  48,  50,  -1,  776, 194,  106.0,  21,  Nuc251884,  1942,  0, 0, 0, , 0, 0, 0, 0, 0,
49,  1,  49,  51,  -1,  826, 224,  99.0,  21,  Nuc255959,  1961,  0, 0, 0, , 0, 0, 0, 0, 0,
50,  1,  50,  52,  -1,  641, 211,  111.0,  21,  Nuc260713,  1855,  0, 0, 0, , 0, 0, 0, 0, 0,
51,  1,  51,  53,  -1,  704, 165,  105.0,  21,  Nuc261256,  1858,  0, 0, 0, , 0, 0, 0, 0, 0,
52,  1,  52,  54,  -1,  683, 214,  134.0,  21,  Nuc264757,  2367,  0, 0, 0, , 0, 0, 0, 0, 0,
53,  1,  53,  55,  -1,  633, 238,  126.0,  21,  Nuc268197,  3165,  0, 0, 0, , 0, 0, 0, 0, 0,
54,  1,  54,  56,  -1,  626, 179,  125.0,  21,  Nuc271238,  2328,  0, 0, 0, , 0, 0, 0, 0, 0,
55,  1,  55,  57,  -1,  710, 197,  123.0,  21,  Nuc272781,  1817,  0, 0, 0, , 0, 0, 0, 0, 0,
56,  1,  56,  58,  -1,  580, 287,  131.0,  21,  Nuc274985,  1940,  0, 0, 0, , 0, 0, 0, 0, 0,
57,  1,  57,  59,  -1,  535, 243,  134.0,  21,  Nuc280420,  2163,  0, 0, 0, , 0, 0, 0, 0, 0,
58,  1,  58,  60,  -1,  596, 199,  139.0,  21,  Nuc283131,  2277,  0, 0, 0, , 0, 0, 0, 0, 0,
59,  1,  59,  61,  -1,  614, 258,  144.0,  21,  Nuc285939,  3002,  0, 0, 0, , 0, 0, 0, 0, 0,
60,  1,  60,  62,  -1,  547, 213,  117.0,  21,  Nuc293757,  1946,  0, 0, 0, , 0, 0, 0, 0, 0,
61,  1,  61,  63,  -1,  553, 173,  128.0,  21,  Nuc293843,  1973,  0, 0, 0, , 0, 0, 0, 0, 0,
62,  1,  62,  64,  -1,  622, 140,  111.0,  21,  Nuc306833,  1509,  0, 0, 0, , 0, 0, 0, 0, 0,
63,  1,  63,  65,  -1,  579, 126,  109.0,  21,  Nuc310951,  1976,  0, 0, 0, , 0, 0, 0, 0, 0,
64,  1,  64,  66,  -1,  851, 293,  111.0,  23,  Nuc314323,  1834,  0, 0, 0, , 0, 0, 0, 0, 0,
65,  1,  65,  67,  -1,  905, 313,  102.0,  21,  Nuc317262,  2260,  0, 0, 0, , 0, 0, 0, 0, 0,
66,  1,  66,  68,  -1,  942, 450,  104.0,  21,  Nuc326409,  2356,  0, 0, 0, , 0, 0, 0, 0, 0,
67,  1,  67,  69,  -1,  939, 386,  109.0,  21,  Nuc330207,  2342,  0, 0, 0, , 0, 0, 0, 0, 0,
68,  1,  68,  70,  -1,  807, 270,  118.0,  21,  Nuc343675,  2439,  0, 0, 0, , 0, 0, 0, 0, 0,
69,  1,  69,  71,  -1,  777, 317,  127.0,  21,  Nuc348454,  2828,  0, 0, 0, , 0, 0, 0, 0, 0,
70,  1,  70,  72,  -1,  857, 341,  128.0,  21,  Nuc359686,  2629,  0, 0, 0, , 0, 0, 0, 0, 0,
71,  1,  71,  73,  -1,  815, 363,  122.0,  21,  Nuc361724,  2919,  0, 0, 0, , 0, 0, 0, 0, 0,
72,  1,  72,  74,  -1,  801, 369,  142.0,  21,  Nuc370607,  3268,  0, 0, 0, , 0, 0, 0, 0, 0,
73,  1,  73,  75,  -1,  743, 331,  150.0,  21,  Nuc382945,  3260,  0, 0, 0, , 0, 0, 0, 0, 0,
74,  1,  74,  76,  -1,  722, 366,  143.0,  21,  Nuc386085,  3119,  0, 0, 0, , 0, 0, 0, 0, 0,
75,  1,  75,  77,  -1,  730, 349,  126.0,  23,  Nuc391873,  3123,  0, 0, 0, , 0, 0, 0, 0, 0,
76,  1,  76,  78,  -1,  675, 285,  138.0,  23,  Nuc406974,  2546,  0, 0, 0, , 0, 0, 0, 0, 0,
77,  1,  77,  79,  -1,  705, 265,  122.0,  21,  Nuc424201,  3014,  0, 0, 0, , 0, 0, 0, 0, 0,
78,  1,  78,  80,  -1,  753, 275,  138.0,  21,  Nuc441244,  2862,  0, 0, 0, , 0, 0, 0, 0, 0,
79,  1,  79,  81,  -1,  767, 239,  121.0,  21,  Nuc442511,  2590,  0, 0, 0, , 0, 0, 0, 0, 0,
80,  1,  80,  82,  -1,  398, 136,  109.0,  21,  Nuc445515,  1905,  0, 0, 0, , 0, 0, 0, 0, 0,
81,  1,  81,  -1,  -1,  421, 210,  118.0,  21,  Nuc450555,  249,  0, 0, 0, , 0, 0, 0, 0, 0,
82,  1,  81,  83,  -1,  400, 163,  124.0,  21,  Nuc450556,  2045,  0, 0, 0, , 0, 0, 0, 0, 0,
83,  1,  82,  84,  -1,  368, 210,  137.0,  21,  Nuc451858,  2307,  0, 0, 0, , 0, 0, 0, 0, 0,
84,  1,  83,  85,  -1,  417, 314,  128.0,  21,  Nuc452168,  1423,  0, 0, 0, , 0, 0, 0, 0, 0,
85,  1,  84,  86,  -1,  324, 263,  124.0,  21,  Nuc452182,  469,  0, 0, 0, , 0, 0, 0, 0, 0,
86,  1,  84,  87,  88,  386, 271,  124.0,  21,  Nuc452201,  1154,  0, 0, 0, , 0, 0, 0, 0, 0,
87,  1,  85,  89,  -1,  416, 261,  138.0,  21,  Nuc452221,  2375,  0, 0, 0, , 0, 0, 0, 0, 0,
88,  1,  86,  90,  -1,  464, 126,  109.0,  21,  Nuc454678,  1839,  0, 0, 0, , 0, 0, 0, 0, 0,
89,  1,  87,  91,  -1,  512, 131,  113.0,  21,  Nuc454939,  1931,  0, 0, 0, , 0, 0, 0, 0, 0,
90,  1,  88,  92,  -1,  474, 163,  124.0,  21,  Nuc457654,  2180,  0, 0, 0, , 0, 0, 0, 0, 0,
91,  1,  89,  93,  -1,  476, 271,  141.0,  21,  Nuc460154,  2183,  0, 0, 0, , 0, 0, 0, 0, 0,
92,  1,  90,  94,  -1,  443, 222,  127.0,  21,  Nuc462228,  237,  0, 0, 0, , 0, 0, 0, 0, 0,
93,  1,  90,  95,  -1,  482, 262,  126.0,  23,  Nuc462348,  2093,  0, 0, 0, , 0, 0, 0, 0, 0,
94,  1,  91,  96,  -1,  456, 185,  136.0,  21,  Nuc462384,  2174,  0, 0, 0, , 0, 0, 0, 0, 0,
95,  1,  92,  97,  -1,  509, 188,  139.0,  21,  Nuc465725,  1861,  0, 0, 0, , 0, 0, 0, 0, 0,
96,  1,  93,  98,  -1,  907, 634,  127.0,  23,  Nuc466296,  2749,  0, 0, 0, , 0, 0, 0, 0, 0,
97,  1,  94,  99,  -1,  869, 634,  121.0,  21,  Nuc466605,  2635,  0, 0, 0, , 0, 0, 0, 0, 0,
98,  1,  95,  100,  -1,  940, 676,  105.0,  21,  Nuc478789,  2624,  0, 0, 0, , 0, 0, 0, 0, 0,
99,  1,  96,  101,  -1,  957, 609,  109.0,  21,  Nuc487382,  2560,  0, 0, 0, , 0, 0, 0, 0, 0,
100,  1,  97,  102,  -1,  855, 712,  128.0,  21,  Nuc497662,  2830,  0, 0, 0, , 0, 0, 0, 0, 0,
101,  1,  98,  103,  -1,  799, 677,  126.0,  21,  Nuc500821,  2503,  0, 0, 0, , 0, 0, 0, 0, 0,
102,  1,  99,  104,  -1,  887, 705,  118.0,  21,  Nuc541241,  2563,  0, 0, 0, , 0, 0, 0, 0, 0,
103,  1,  100,  105,  -1,  906, 740,  107.0,  21,  Nuc543591,  2160,  0, 0, 0, , 0, 0, 0, 0, 0,
104,  1,  101,  106,  -1,  816, 684,  141.0,  21,  Nuc546722,  3589,  0, 0, 0, , 0, 0, 0, 0, 0,
105,  1,  102,  107,  -1,  781, 766,  133.0,  21,  Nuc574120,  3691,  0, 0, 0, , 0, 0, 0, 0, 0,
106,  1,  103,  108,  -1,  737, 704,  129.0,  21,  Nuc578597,  3267,  0, 0, 0, , 0, 0, 0, 0, 0,
107,  1,  104,  109,  -1,  756, 639,  133.0,  23,  Nuc590736,  4244,  0, 0, 0, , 0, 0, 0, 0, 0,
108,  1,  105,  110,  -1,  704, 672,  143.0,  23,  Nuc606136,  2773,  0, 0, 0, , 0, 0, 0, 0, 0,
109,  1,  106,  111,  -1,  659, 673,  156.0,  23,  Nuc633994,  4819,  0, 0, 0, , 0, 0, 0, 0, 0,
110,  1,  107,  112,  -1,  759, 727,  146.0,  23,  Nuc668715,  3946,  0, 0, 0, , 0, 0, 0, 0, 0,
111,  1,  108,  113,  -1,  712, 709,  157.0,  23,  Nuc673184,  4142,  0, 0, 0, , 0, 0, 0, 0, 0,
112,  1,  109,  114,  -1,  337, 767,  150.0,  21,  Nuc682057,  2202,  0, 0, 0, , 0, 0, 0, 0, 0,
113,  1,  110,  115,  -1,  387, 726,  151.0,  21,  Nuc682068,  1598,  0, 0, 0, , 0, 0, 0, 0, 0,
114,  1,  111,  116,  -1,  417, 786,  148.0,  21,  Nuc685633,  1961,  0, 0, 0, , 0, 0, 0, 0, 0,
115,  1,  112,  117,  -1,  380, 824,  140.0,  21,  Nuc685657,  1865,  0, 0, 0, , 0, 0, 0, 0, 0,
116,  1,  113,  118,  -1,  431, 825,  136.0,  21,  Nuc686917,  1542,  0, 0, 0, , 0, 0, 0, 0, 0,
117,  1,  114,  119,  -1,  426, 866,  133.0,  21,  Nuc694110,  2676,  0, 0, 0, , 0, 0, 0, 0, 0,
118,  1,  115,  120,  -1,  365, 774,  124.0,  21,  Nuc694427,  804,  0, 0, 0, , 0, 0, 0, 0, 0,
119,  1,  116,  121,  -1,  334, 798,  130.0,  21,  Nuc694437,  1767,  0, 0, 0, , 0, 0, 0, 0, 0,
120,  1,  117,  122,  -1,  343, 838,  125.0,  21,  Nuc695085,  2391,  0, 0, 0, , 0, 0, 0, 0, 0,
121,  1,  118,  123,  -1,  895, 392,  121.0,  21,  Nuc701810,  3097,  0, 0, 0, , 0, 0, 0, 0, 0,
122,  1,  119,  124,  -1,  905, 446,  124.0,  21,  Nuc726376,  2726,  0, 0, 0, , 0, 0, 0, 0, 0,
123,  1,  120,  125,  -1,  892, 501,  124.0,  21,  Nuc727164,  2998,  0, 0, 0, , 0, 0, 0, 0, 0,
124,  1,  121,  126,  -1,  950, 484,  120.0,  21,  Nuc733892,  2894,  0, 0, 0, , 0, 0, 0, 0, 0,
125,  1,  122,  127,  -1,  835, 413,  126.0,  21,  Nuc736772,  2843,  0, 0, 0, , 0, 0, 0, 0, 0,
126,  1,  123,  128,  -1,  863, 418,  141.0,  23,  Nuc740817,  3319,  0, 0, 0, , 0, 0, 0, 0, 0,
127,  1,  124,  129,  -1,  838, 478,  136.0,  21,  Nuc744073,  2401,  0, 0, 0, , 0, 0, 0, 0, 0,
128,  1,  125,  130,  -1,  868, 513,  146.0,  23,  Nuc755980,  4025,  0, 0, 0, , 0, 0, 0, 0, 0,
129,  1,  126,  131,  -1,  763, 417,  133.0,  21,  Nuc765555,  3196,  0, 0, 0, , 0, 0, 0, 0, 0,
130,  1,  127,  132,  -1,  783, 472,  129.0,  21,  Nuc767132,  2657,  0, 0, 0, , 0, 0, 0, 0, 0,
131,  1,  128,  133,  -1,  716, 508,  147.0,  23,  Nuc777272,  2799,  0, 0, 0, , 0, 0, 0, 0, 0,
132,  1,  129,  134,  -1,  774, 528,  141.0,  21,  Nuc781774,  3339,  0, 0, 0, , 0, 0, 0, 0, 0,
133,  1,  130,  135,  -1,  781, 493,  158.0,  21,  Nuc781827,  3868,  0, 0, 0, , 0, 0, 0, 0, 0,
134,  1,  131,  136,  -1,  819, 448,  151.0,  21,  Nuc786035,  3718,  0, 0, 0, , 0, 0, 0, 0, 0,
135,  1,  132,  137,  -1,  753, 414,  158.0,  21,  Nuc787822,  4443,  0, 0, 0, , 0, 0, 0, 0, 0,
136,  1,  133,  138,  -1,  707, 447,  156.0,  21,  Nuc795084,  4216,  0, 0, 0, , 0, 0, 0, 0, 0,
137,  1,  134,  139,  -1,  809, 565,  135.0,  21,  Nuc799526,  4363,  0, 0, 0, , 0, 0, 0, 0, 0,
138,  1,  135,  140,  -1,  785, 609,  145.0,  21,  Nuc842571,  4434,  0, 0, 0, , 0, 0, 0, 0, 0,
139,  1,  136,  141,  -1,  861, 635,  139.0,  21,  Nuc846755,  3737,  0, 0, 0, , 0, 0, 0, 0, 0,
140,  1,  137,  142,  -1,  878, 565,  140.0,  21,  Nuc851356,  3291,  0, 0, 0, , 0, 0, 0, 0, 0,
141,  1,  138,  143,  -1,  836, 592,  127.0,  21,  Nuc855290,  2585,  0, 0, 0, , 0, 0, 0, 0, 0,
142,  1,  139,  144,  -1,  845, 528,  125.0,  23,  Nuc886395,  3051,  0, 0, 0, , 0, 0, 0, 0, 0,
143,  1,  140,  145,  -1,  908, 568,  120.0,  21,  Nuc895737,  2995,  0, 0, 0, , 0, 0, 0, 0, 0,
144,  1,  141,  146,  -1,  929, 564,  130.0,  21,  Nuc902812,  3228,  0, 0, 0, , 0, 0, 0, 0, 0,
145,  1,  142,  147,  -1,  973, 542,  111.0,  21,  Nuc906520,  2590,  0, 0, 0, , 0, 0, 0, 0, 0,
146,  1,  143,  148,  -1,  946, 507,  109.0,  21,  Nuc907620,  2539,  0, 0, 0, , 0, 0, 0, 0, 0,
147,  1,  144,  149,  -1,  738, 574,  131.0,  23,  Nuc911901,  2895,  0, 0, 0, , 0, 0, 0, 0, 0,
148,  1,  145,  150,  -1,  708, 588,  141.0,  23,  Nuc938592,  2780,  0, 0, 0, , 0, 0, 0, 0, 0,
149,  1,  146,  151,  -1,  767, 653,  157.0,  21,  Nuc953000,  4396,  0, 0, 0, , 0, 0, 0, 0, 0,
150,  1,  147,  152,  -1,  742, 595,  169.0,  21,  Nuc954595,  3104,  0, 0, 0, , 0, 0, 0, 0, 0,
151,  1,  148,  153,  -1,  729, 607,  155.0,  21,  Nuc956964,  4382,  0, 0, 0, , 0, 0, 0, 0, 0,
152,  1,  149,  154,  -1,  828, 599,  153.0,  21,  Nuc966764,  3818,  0, 0, 0, , 0, 0, 0, 0, 0,
153,  1,  150,  155,  -1,  797, 548,  159.0,  21,  Nuc967913,  4049,  0, 0, 0, , 0, 0, 0, 0, 0,
154,  1,  151,  156,  -1,  521, 572,  145.0,  21,  Nuc1024119,  2317,  0, 0, 0, , 0, 0, 0, 0, 0,
155,  1,  152,  157,  -1,  477, 594,  147.0,  21,  Nuc1056915,  1950,  0, 0, 0, , 0, 0, 0, 0, 0,
156,  1,  153,  158,  -1,  287, 770,  120.0,  21,  Nuc1057050,  1233,  0, 0, 0, , 0, 0, 0, 0, 0,
157,  1,  154,  159,  -1,  307, 767,  131.0,  21,  Nuc1057282,  1521,  0, 0, 0, , 0, 0, 0, 0, 0,
158,  1,  155,  160,  -1,  482, 717,  124.0,  23,  Nuc1057340,  2374,  0, 0, 0, , 0, 0, 0, 0, 0,
159,  1,  156,  161,  -1,  371, 740,  135.0,  23,  Nuc1057651,  2099,  0, 0, 0, , 0, 0, 0, 0, 0,
160,  1,  157,  162,  -1,  436, 688,  138.0,  23,  Nuc1057671,  2378,  0, 0, 0, , 0, 0, 0, 0, 0,
161,  1,  157,  163,  -1,  456, 746,  138.0,  21,  Nuc1057673,  2307,  0, 0, 0, , 0, 0, 0, 0, 0,
162,  1,  158,  164,  -1,  435, 690,  145.0,  21,  Nuc1057738,  3543,  0, 0, 0, , 0, 0, 0, 0, 0,
163,  1,  159,  165,  -1,  479, 715,  150.0,  21,  Nuc1057756,  2967,  0, 0, 0, , 0, 0, 0, 0, 0,
164,  1,  160,  166,  167,  576, 638,  129.0,  23,  Nuc1057908,  3319,  0, 0, 0, , 0, 0, 0, 0, 0,
165,  1,  161,  168,  -1,  556, 653,  147.0,  21,  Nuc1062364,  2330,  0, 0, 0, , 0, 0, 0, 0, 0,
166,  1,  162,  169,  -1,  537, 694,  137.0,  21,  Nuc1091585,  3115,  0, 0, 0, , 0, 0, 0, 0, 0,
167,  1,  163,  170,  -1,  542, 696,  125.0,  23,  Nuc1092028,  2834,  0, 0, 0, , 0, 0, 0, 0, 0,
168,  1,  164,  -1,  -1,  619, 635,  148.0,  21,  Nuc1102211,  272,  0, 0, 0, , 0, 0, 0, 0, 0,
169,  1,  164,  171,  -1,  613, 693,  143.0,  23,  Nuc1102212,  4686,  0, 0, 0, , 0, 0, 0, 0, 0,
170,  1,  165,  172,  -1,  628, 692,  129.0,  23,  Nuc1129016,  3326,  0, 0, 0, , 0, 0, 0, 0, 0,
171,  1,  166,  173,  -1,  585, 750,  122.0,  23,  Nuc1145045,  3009,  0, 0, 0, , 0, 0, 0, 0, 0,
172,  1,  167,  174,  -1,  603, 753,  134.0,  23,  Nuc1145218,  2396,  0, 0, 0, , 0, 0, 0, 0, 0,
173,  1,  168,  175,  176,  449, 522,  130.0,  23,  Nuc1208199,  1445,  0, 0, 0, , 0, 0, 0, 0, 0,
174,  1,  169,  177,  -1,  502, 510,  129.0,  23,  Nuc1208675,  1233,  0, 0, 0, , 0, 0, 0, 0, 0,
175,  1,  170,  178,  -1,  561, 738,  149.0,  21,  Nuc1210616,  2364,  0, 0, 0, , 0, 0, 0, 0, 0,
176,  1,  171,  179,  -1,  559, 814,  150.0,  23,  Nuc1231745,  2762,  0, 0, 0, , 0, 0, 0, 0, 0,
177,  1,  172,  180,  -1,  545, 863,  136.0,  23,  Nuc1234864,  2924,  0, 0, 0, , 0, 0, 0, 0, 0,
178,  1,  173,  181,  -1,  463, 824,  150.0,  23,  Nuc1247454,  3086,  0, 0, 0, , 0, 0, 0, 0, 0,
179,  1,  174,  182,  -1,  479, 802,  141.0,  21,  Nuc1248919,  1957,  0, 0, 0, , 0, 0, 0, 0, 0,
180,  1,  175,  183,  -1,  506, 761,  155.0,  23,  Nuc1262373,  2945,  0, 0, 0, , 0, 0, 0, 0, 0,
181,  1,  176,  184,  -1,  470, 769,  163.0,  23,  Nuc1270018,  3565,  0, 0, 0, , 0, 0, 0, 0, 0,
182,  1,  177,  185,  -1,  664, 573,  133.0,  23,  Nuc1272767,  2568,  0, 0, 0, , 0, 0, 0, 0, 0,
183,  1,  178,  186,  -1,  659, 634,  133.0,  21,  Nuc1330325,  2180,  0, 0, 0, , 0, 0, 0, 0, 0,
184,  1,  179,  187,  -1,  653, 601,  152.0,  21,  Nuc1335657,  3071,  0, 0, 0, , 0, 0, 0, 0, 0,
185,  1,  180,  188,  -1,  589, 587,  140.0,  23,  Nuc1336675,  2815,  0, 0, 0, , 0, 0, 0, 0, 0,
186,  1,  181,  189,  -1,  547, 545,  134.0,  23,  Nuc1344444,  2337,  0, 0, 0, , 0, 0, 0, 0, 0,
187,  1,  182,  190,  -1,  607, 526,  137.0,  23,  Nuc1390590,  2023,  0, 0, 0, , 0, 0, 0, 0, 0,
188,  1,  183,  191,  -1,  663, 496,  132.0,  21,  Nuc1418345,  4016,  0, 0, 0, , 0, 0, 0, 0, 0,
189,  1,  184,  192,  -1,  479, 394,  147.0,  23,  Nuc1418786,  2965,  0, 0, 0, , 0, 0, 0, 0, 0,
190,  1,  185,  193,  -1,  415, 572,  155.0,  21,  Nuc1418866,  2312,  0, 0, 0, , 0, 0, 0, 0, 0,
191,  1,  186,  194,  -1,  410, 516,  152.0,  21,  Nuc1419065,  2760,  0, 0, 0, , 0, 0, 0, 0, 0,
192,  1,  187,  195,  -1,  425, 528,  179.0,  21,  Nuc1419097,  3292,  0, 0, 0, , 0, 0, 0, 0, 0,
193,  1,  188,  196,  -1,  434, 555,  168.0,  21,  Nuc1419543,  2536,  0, 0, 0, , 0, 0, 0, 0, 0,
194,  1,  189,  197,  -1,  502, 438,  127.0,  23,  Nuc1426678,  3231,  0, 0, 0, , 0, 0, 0, 0, 0,
195,  1,  190,  198,  -1,  454, 457,  128.0,  23,  Nuc1426691,  2461,  0, 0, 0, , 0, 0, 0, 0, 0,
196,  1,  191,  199,  -1,  615, 458,  131.0,  21,  Nuc1431512,  3084,  0, 0, 0, , 0, 0, 0, 0, 0,
197,  1,  192,  200,  -1,  551, 463,  131.0,  23,  Nuc1453050,  3202,  0, 0, 0, , 0, 0, 0, 0, 0,
198,  1,  193,  201,  202,  468, 515,  151.0,  21,  Nuc1468261,  2364,  0, 0, 0, , 0, 0, 0, 0, 0,
199,  1,  194,  203,  -1,  494, 537,  143.0,  21,  Nuc1476755,  2736,  0, 0, 0, , 0, 0, 0, 0, 0,
200,  1,  195,  204,  -1,  472, 457,  147.0,  21,  Nuc1476772,  1398,  0, 0, 0, , 0, 0, 0, 0, 0,
201,  1,  196,  205,  -1,  511, 473,  141.0,  21,  Nuc1483135,  2194,  0, 0, 0, , 0, 0, 0, 0, 0,
202,  1,  197,  206,  -1,  373, 379,  166.0,  21,  Nuc1483231,  2159,  0, 0, 0, , 0, 0, 0, 0, 0,
203,  1,  198,  207,  -1,  333, 365,  169.0,  21,  Nuc1492367,  3022,  0, 0, 0, , 0, 0, 0, 0, 0,
204,  1,  199,  208,  -1,  307, 473,  166.0,  21,  Nuc1492474,  670,  0, 0, 0, , 0, 0, 0, 0, 0,
205,  1,  200,  209,  -1,  284, 437,  170.0,  21,  Nuc1492485,  943,  0, 0, 0, , 0, 0, 0, 0, 0,
206,  1,  201,  210,  -1,  412, 383,  175.0,  21,  Nuc1493009,  4814,  0, 0, 0, , 0, 0, 0, 0, 0,
207,  1,  202,  211,  -1,  412, 470,  157.0,  21,  Nuc1493159,  1573,  0, 0, 0, , 0, 0, 0, 0, 0,
208,  1,  203,  212,  -1,  328, 405,  158.0,  21,  Nuc1493179,  2033,  0, 0, 0, , 0, 0, 0, 0, 0,
209,  1,  204,  213,  -1,  386, 424,  157.0,  21,  Nuc1493189,  2393,  0, 0, 0, , 0, 0, 0, 0, 0,
210,  1,  205,  214,  -1,  462, 295,  165.0,  23,  Nuc1493231,  2543,  0, 0, 0, , 0, 0, 0, 0, 0,
211,  1,  206,  215,  -1,  286, 356,  157.0,  21,  Nuc1493602,  1498,  0, 0, 0, , 0, 0, 0, 0, 0,
212,  1,  207,  216,  -1,  344, 331,  160.0,  21,  Nuc1493612,  2391,  0, 0, 0, , 0, 0, 0, 0, 0,
213,  1,  208,  217,  -1,  396, 318,  164.0,  21,  Nuc1493771,  3330,  0, 0, 0, , 0, 0, 0, 0, 0,
214,  1,  209,  218,  -1,  423, 372,  156.0,  21,  Nuc1494673,  1828,  0, 0, 0, , 0, 0, 0, 0, 0,
215,  1,  210,  219,  -1,  341, 271,  137.0,  21,  Nuc1494727,  2051,  0, 0, 0, , 0, 0, 0, 0, 0,
216,  1,  211,  220,  -1,  359, 265,  150.0,  21,  Nuc1496170,  2704,  0, 0, 0, , 0, 0, 0, 0, 0,
217,  1,  212,  221,  -1,  395, 321,  143.0,  21,  Nuc1496183,  2786,  0, 0, 0, , 0, 0, 0, 0, 0,
218,  1,  213,  222,  -1,  434, 263,  156.0,  21,  Nuc1496373,  2375,  0, 0, 0, , 0, 0, 0, 0, 0,
219,  1,  214,  223,  -1,  418, 216,  146.0,  21,  Nuc1497059,  2709,  0, 0, 0, , 0, 0, 0, 0, 0,
220,  1,  215,  224,  -1,  664, 300,  152.0,  23,  Nuc1500733,  3261,  0, 0, 0, , 0, 0, 0, 0, 0,
221,  1,  216,  225,  -1,  632, 350,  164.0,  21,  Nuc1503364,  3428,  0, 0, 0, , 0, 0, 0, 0, 0,
222,  1,  217,  226,  -1,  614, 403,  155.0,  21,  Nuc1508344,  1933,  0, 0, 0, , 0, 0, 0, 0, 0,
223,  1,  218,  227,  -1,  663, 369,  141.0,  23,  Nuc1510129,  2591,  0, 0, 0, , 0, 0, 0, 0, 0,
224,  1,  219,  228,  -1,  602, 399,  132.0,  23,  Nuc1514876,  1991,  0, 0, 0, , 0, 0, 0, 0, 0,
225,  1,  220,  229,  -1,  540, 402,  141.0,  23,  Nuc1514897,  2822,  0, 0, 0, , 0, 0, 0, 0, 0,
226,  1,  221,  230,  -1,  649, 329,  126.0,  21,  Nuc1545769,  2402,  0, 0, 0, , 0, 0, 0, 0, 0,
227,  1,  222,  231,  -1,  599, 333,  144.0,  21,  Nuc1551433,  2669,  0, 0, 0, , 0, 0, 0, 0, 0,
228,  1,  223,  232,  -1,  471, 322,  152.0,  21,  Nuc1553369,  1909,  0, 0, 0, , 0, 0, 0, 0, 0,
229,  1,  224,  233,  -1,  535, 321,  140.0,  21,  Nuc1560736,  1648,  0, 0, 0, , 0, 0, 0, 0, 0,
230,  1,  225,  234,  -1,  544, 271,  151.0,  23,  Nuc1572637,  3341,  0, 0, 0, , 0, 0, 0, 0, 0,
231,  1,  226,  235,  -1,  498, 230,  152.0,  21,  Nuc1575659,  2593,  0, 0, 0, , 0, 0, 0, 0, 0,
232,  1,  227,  236,  -1,  592, 279,  158.0,  21,  Nuc1577621,  3332,  0, 0, 0, , 0, 0, 0, 0, 0,
233,  1,  228,  237,  -1,  575, 331,  166.0,  21,  Nuc1581754,  3100,  0, 0, 0, , 0, 0, 0, 0, 0,
234,  1,  229,  238,  -1,  466, 363,  171.0,  21,  Nuc1584291,  2789,  0, 0, 0, , 0, 0, 0, 0, 0,
235,  1,  230,  239,  -1,  511, 320,  168.0,  23,  Nuc1584416,  3953,  0, 0, 0, , 0, 0, 0, 0, 0,
236,  1,  231,  240,  -1,  646, 461,  154.0,  21,  Nuc1584590,  4114,  0, 0, 0, , 0, 0, 0, 0, 0,
237,  1,  232,  241,  -1,  654, 438,  140.0,  21,  Nuc1602914,  3105,  0, 0, 0, , 0, 0, 0, 0, 0,
238,  1,  233,  242,  -1,  714, 432,  131.0,  21,  Nuc1622762,  3572,  0, 0, 0, , 0, 0, 0, 0, 0,
239,  1,  234,  243,  -1,  670, 405,  128.0,  21,  Nuc1639846,  3399,  0, 0, 0, , 0, 0, 0, 0, 0,
240,  1,  235,  244,  -1,  641, 528,  166.0,  21,  Nuc1640581,  4290,  0, 0, 0, , 0, 0, 0, 0, 0,
241,  1,  236,  245,  -1,  653, 499,  144.0,  21,  Nuc1643528,  4284,  0, 0, 0, , 0, 0, 0, 0, 0,
242,  1,  237,  246,  -1,  629, 526,  149.0,  21,  Nuc1647659,  2482,  0, 0, 0, , 0, 0, 0, 0, 0,
243,  1,  238,  247,  -1,  689, 577,  157.0,  21,  Nuc1703098,  4530,  0, 0, 0, , 0, 0, 0, 0, 0,
244,  1,  239,  248,  -1,  670, 543,  157.0,  21,  Nuc1707825,  3154,  0, 0, 0, , 0, 0, 0, 0, 0,
245,  1,  240,  249,  -1,  653, 555,  146.0,  21,  Nuc1707959,  3130,  0, 0, 0, , 0, 0, 0, 0, 0,
246,  1,  241,  250,  -1,  682, 539,  138.0,  21,  Nuc1738822,  2769,  0, 0, 0, , 0, 0, 0, 0, 0,
247,  1,  242,  251,  -1,  506, 495,  155.0,  21,  Nuc1740623,  3256,  0, 0, 0, , 0, 0, 0, 0, 0,
248,  1,  243,  252,  -1,  525, 534,  158.0,  21,  Nuc1750711,  3541,  0, 0, 0, , 0, 0, 0, 0, 0,
249,  1,  244,  253,  -1,  569, 530,  148.0,  21,  Nuc1754961,  2524,  0, 0, 0, , 0, 0, 0, 0, 0,
250,  1,  245,  254,  -1,  549, 580,  153.0,  21,  Nuc1755551,  4107,  0, 0, 0, , 0, 0, 0, 0, 0,
251,  1,  246,  255,  -1,  522, 519,  172.0,  21,  Nuc1759768,  3555,  0, 0, 0, , 0, 0, 0, 0, 0,
252,  1,  247,  256,  -1,  531, 474,  173.0,  21,  Nuc1762238,  2738,  0, 0, 0, , 0, 0, 0, 0, 0,
253,  1,  248,  257,  -1,  481, 507,  177.0,  21,  Nuc1763419,  3485,  0, 0, 0, , 0, 0, 0, 0, 0,
254,  1,  249,  258,  -1,  439, 481,  174.0,  19,  Nuc1763564,  1023,  0, 0, 0, , 0, 0, 0, 0, 0,
255,  1,  250,  259,  -1,  490, 441,  169.0,  21,  Nuc1763584,  4592,  0, 0, 0, , 0, 0, 0, 0, 0,
256,  1,  251,  260,  -1,  438, 420,  165.0,  21,  Nuc1765087,  3221,  0, 0, 0, , 0, 0, 0, 0, 0,
257,  1,  252,  261,  -1,  499, 489,  166.0,  21,  Nuc1772021,  2086,  0, 0, 0, , 0, 0, 0, 0, 0,
258,  1,  253,  262,  -1,  477, 572,  157.0,  21,  Nuc1773076,  2547,  0, 0, 0, , 0, 0, 0, 0, 0,
259,  1,  254,  263,  -1,  427, 728,  167.0,  21,  Nuc1773182,  3900,  0, 0, 0, , 0, 0, 0, 0, 0,
260,  1,  255,  264,  -1,  404, 672,  159.0,  21,  Nuc1783539,  3746,  0, 0, 0, , 0, 0, 0, 0, 0,
261,  1,  256,  265,  -1,  333, 583,  161.0,  21,  Nuc1784084,  3249,  0, 0, 0, , 0, 0, 0, 0, 0,
262,  1,  257,  266,  -1,  357, 701,  168.0,  21,  Nuc1784117,  1657,  0, 0, 0, , 0, 0, 0, 0, 0,
263,  1,  258,  -1,  -1,  358, 702,  162.0,  21,  Nuc1784496,  1158,  0, 0, 0, , 0, 0, 0, 0, 0,
264,  1,  258,  267,  -1,  311, 700,  158.0,  21,  Nuc1784497,  2104,  0, 0, 0, , 0, 0, 0, 0, 0,
265,  1,  259,  268,  -1,  352, 649,  157.0,  21,  Nuc1785270,  1244,  0, 0, 0, , 0, 0, 0, 0, 0,
266,  1,  261,  269,  -1,  427, 615,  172.0,  21,  Nuc1787980,  2706,  0, 0, 0, , 0, 0, 0, 0, 0,
267,  1,  262,  270,  -1,  352, 604,  175.0,  21,  Nuc1793844,  3460,  0, 0, 0, , 0, 0, 0, 0, 0,
268,  1,  263,  271,  -1,  375, 659,  175.0,  23,  Nuc1793859,  3081,  0, 0, 0, , 0, 0, 0, 0, 0,
269,  1,  264,  272,  -1,  470, 423,  181.0,  23,  Nuc1794125,  3874,  0, 0, 0, , 0, 0, 0, 0, 0,
270,  1,  265,  273,  -1,  547, 423,  177.0,  23,  Nuc1794468,  4524,  0, 0, 0, , 0, 0, 0, 0, 0,
271,  1,  266,  274,  -1,  527, 367,  174.0,  21,  Nuc1795181,  4571,  0, 0, 0, , 0, 0, 0, 0, 0,
272,  1,  267,  275,  -1,  624, 465,  169.0,  21,  Nuc1800333,  6023,  0, 0, 0, , 0, 0, 0, 0, 0,
273,  1,  268,  276,  -1,  615, 409,  174.0,  23,  Nuc1842024,  4651,  0, 0, 0, , 0, 0, 0, 0, 0,
274,  1,  269,  277,  -1,  700, 372,  160.0,  21,  Nuc1848877,  3630,  0, 0, 0, , 0, 0, 0, 0, 0,
275,  1,  270,  278,  -1,  679, 418,  168.0,  21,  Nuc1849843,  4037,  0, 0, 0, , 0, 0, 0, 0, 0,
276,  1,  271,  279,  -1,  653, 506,  177.0,  21,  Nuc1850307,  5256,  0, 0, 0, , 0, 0, 0, 0, 0,
277,  1,  272,  280,  -1,  679, 466,  174.0,  21,  Nuc1850853,  4235,  0, 0, 0, , 0, 0, 0, 0, 0,
278,  1,  273,  281,  -1,  742, 476,  168.0,  21,  Nuc1851811,  3135,  0, 0, 0, , 0, 0, 0, 0, 0,
279,  1,  274,  282,  -1,  687, 506,  167.0,  21,  Nuc1854170,  5005,  0, 0, 0, , 0, 0, 0, 0, 0,
280,  1,  275,  283,  -1,  740, 515,  169.0,  21,  Nuc1858789,  3136,  0, 0, 0, , 0, 0, 0, 0, 0,
281,  1,  276,  284,  -1,  631, 586,  168.0,  21,  Nuc1862221,  4049,  0, 0, 0, , 0, 0, 0, 0, 0,
282,  1,  277,  285,  -1,  687, 572,  172.0,  23,  Nuc1863107,  4354,  0, 0, 0, , 0, 0, 0, 0, 0,
283,  1,  278,  286,  -1,  746, 550,  158.0,  21,  Nuc1867433,  3086,  0, 0, 0, , 0, 0, 0, 0, 0,
284,  1,  279,  287,  -1,  708, 537,  163.0,  19,  Nuc1867564,  2673,  0, 0, 0, , 0, 0, 0, 0, 0,
285,  1,  280,  288,  -1,  739, 560,  171.0,  21,  Nuc1868199,  2786,  0, 0, 0, , 0, 0, 0, 0, 0,
286,  1,  281,  289,  -1,  470, 684,  178.0,  21,  Nuc1869395,  2627,  0, 0, 0, , 0, 0, 0, 0, 0,
287,  1,  282,  290,  -1,  418, 675,  177.0,  21,  Nuc1869772,  3388,  0, 0, 0, , 0, 0, 0, 0, 0,
288,  1,  283,  291,  -1,  631, 709,  168.0,  23,  Nuc1870002,  4663,  0, 0, 0, , 0, 0, 0, 0, 0,
289,  1,  284,  292,  -1,  590, 689,  158.0,  21,  Nuc1871457,  4639,  0, 0, 0, , 0, 0, 0, 0, 0,
290,  1,  285,  293,  -1,  618, 778,  156.0,  21,  Nuc1876962,  3816,  0, 0, 0, , 0, 0, 0, 0, 0,
291,  1,  286,  294,  -1,  567, 755,  162.0,  23,  Nuc1880448,  4739,  0, 0, 0, , 0, 0, 0, 0, 0,
292,  1,  287,  295,  -1,  512, 660,  179.0,  23,  Nuc1883046,  4114,  0, 0, 0, , 0, 0, 0, 0, 0,
293,  1,  288,  296,  -1,  563, 663,  171.0,  21,  Nuc1886231,  4677,  0, 0, 0, , 0, 0, 0, 0, 0,
294,  1,  289,  297,  -1,  491, 720,  171.0,  21,  Nuc1889461,  4241,  0, 0, 0, , 0, 0, 0, 0, 0,
295,  1,  290,  298,  -1,  549, 719,  169.0,  21,  Nuc1890968,  4423,  0, 0, 0, , 0, 0, 0, 0, 0,
296,  1,  291,  299,  -1,  624, 645,  172.0,  23,  Nuc1892158,  4150,  0, 0, 0, , 0, 0, 0, 0, 0,
297,  1,  292,  300,  -1,  690, 651,  168.0,  23,  Nuc1918896,  4655,  0, 0, 0, , 0, 0, 0, 0, 0,
298,  1,  293,  301,  -1,  570, 620,  179.0,  21,  Nuc1921287,  4619,  0, 0, 0, , 0, 0, 0, 0, 0,
299,  1,  294,  302,  -1,  575, 568,  180.0,  21,  Nuc1921410,  3172,  0, 0, 0, , 0, 0, 0, 0, 0,
300,  1,  295,  303,  -1,  576, 459,  181.0,  21,  Nuc1922085,  4086,  0, 0, 0, , 0, 0, 0, 0, 0,
301,  1,  296,  304,  -1,  624, 551,  178.0,  21,  Nuc1922185,  4562,  0, 0, 0, , 0, 0, 0, 0, 0,
302,  1,  297,  305,  -1,  502, 601,  184.0,  21,  Nuc1923301,  3240,  0, 0, 0, , 0, 0, 0, 0, 0,
303,  1,  298,  306,  -1,  454, 633,  181.0,  23,  Nuc1924240,  3354,  0, 0, 0, , 0, 0, 0, 0, 0,
304,  1,  299,  307,  -1,  441, 581,  182.0,  21,  Nuc1934134,  1799,  0, 0, 0, , 0, 0, 0, 0, 0,
305,  1,  300,  308,  -1,  470, 665,  166.0,  21,  Nuc1934275,  2883,  0, 0, 0, , 0, 0, 0, 0, 0,
306,  1,  301,  309,  -1,  516, 621,  157.0,  21,  Nuc1942130,  2346,  0, 0, 0, , 0, 0, 0, 0, 0,
307,  1,  302,  310,  -1,  458, 637,  154.0,  23,  Nuc1943194,  3647,  0, 0, 0, , 0, 0, 0, 0, 0,
308,  1,  303,  311,  -1,  517, 690,  159.0,  23,  Nuc1943228,  3143,  0, 0, 0, , 0, 0, 0, 0, 0,
309,  1,  304,  312,  -1,  532, 584,  167.0,  21,  Nuc1950061,  2311,  0, 0, 0, , 0, 0, 0, 0, 0,
310,  1,  305,  313,  -1,  483, 539,  169.0,  21,  Nuc1950327,  2561,  0, 0, 0, , 0, 0, 0, 0, 0,
311,  1,  306,  314,  -1,  482, 596,  172.0,  21,  Nuc1953389,  3807,  0, 0, 0, , 0, 0, 0, 0, 0,
312,  1,  307,  315,  -1,  406, 535,  186.0,  23,  Nuc1953739,  1781,  0, 0, 0, , 0, 0, 0, 0, 0,
313,  1,  308,  316,  -1,  398, 449,  183.0,  21,  Nuc1954710,  2648,  0, 0, 0, , 0, 0, 0, 0, 0,
314,  1,  309,  317,  -1,  495, 531,  185.0,  21,  Nuc1954944,  3300,  0, 0, 0, , 0, 0, 0, 0, 0,
315,  1,  310,  318,  -1,  571, 516,  182.0,  23,  Nuc1955381,  4248,  0, 0, 0, , 0, 0, 0, 0, 0,
316,  1,  311,  319,  -1,  534, 551,  181.0,  21,  Nuc1967351,  3838,  0, 0, 0, , 0, 0, 0, 0, 0,
317,  1,  312,  320,  -1,  509, 465,  184.0,  23,  Nuc1968443,  3189,  0, 0, 0, , 0, 0, 0, 0, 0,
318,  1,  313,  321,  -1,  446, 494,  186.0,  23,  Nuc1968605,  3390,  0, 0, 0, , 0, 0, 0, 0, 0,
319,  1,  314,  322,  -1,  579, 617,  160.0,  21,  Nuc1968842,  3049,  0, 0, 0, , 0, 0, 0, 0, 0,
320,  1,  315,  323,  -1,  587, 522,  171.0,  21,  Nuc2004966,  4478,  0, 0, 0, , 0, 0, 0, 0, 0,
321,  1,  317,  324,  -1,  592, 555,  158.0,  21,  Nuc2006238,  4096,  0, 0, 0, , 0, 0, 0, 0, 0,
322,  1,  318,  325,  -1,  399, 762,  161.0,  23,  Nuc2009250,  3254,  0, 0, 0, , 0, 0, 0, 0, 0,
323,  1,  319,  326,  -1,  549, 494,  162.0,  21,  Nuc2012790,  2806,  0, 0, 0, , 0, 0, 0, 0, 0,
324,  1,  320,  327,  -1,  527, 365,  156.0,  23,  Nuc2021749,  3386,  0, 0, 0, , 0, 0, 0, 0, 0,
325,  1,  321,  328,  -1,  568, 402,  165.0,  23,  Nuc2024302,  3946,  0, 0, 0, , 0, 0, 0, 0, 0,
326,  1,  322,  329,  -1,  521, 440,  157.0,  21,  Nuc2034647,  3457,  0, 0, 0, , 0, 0, 0, 0, 0,
327,  1,  323,  330,  -1,  576, 456,  164.0,  21,  Nuc2034690,  3431,  0, 0, 0, , 0, 0, 0, 0, 0,
328,  1,  324,  331,  -1,  664, 505,  158.0,  21,  Nuc2034837,  2111,  0, 0, 0, , 0, 0, 0, 0, 0,
329,  1,  325,  332,  -1,  604, 495,  155.0,  21,  Nuc2054041,  4073,  0, 0, 0, , 0, 0, 0, 0, 0,
330,  1,  326,  333,  -1,  289, 453,  153.0,  21,  Nuc2064302,  1571,  0, 0, 0, , 0, 0, 0, 0, 0,
331,  1,  327,  334,  -1,  346, 472,  150.0,  21,  Nuc2064465,  2497,  0, 0, 0, , 0, 0, 0, 0, 0,
332,  1,  328,  335,  -1,  246, 651,  143.0,  21,  Nuc2064579,  735,  0, 0, 0, , 0, 0, 0, 0, 0,
333,  1,  328,  336,  -1,  250, 628,  153.0,  19,  Nuc2064581,  1069,  0, 0, 0, , 0, 0, 0, 0, 0,
334,  1,  330,  337,  -1,  303, 657,  147.0,  21,  Nuc2064662,  735,  0, 0, 0, , 0, 0, 0, 0, 0,
335,  1,  330,  338,  -1,  322, 709,  142.0,  21,  Nuc2064672,  1421,  0, 0, 0, , 0, 0, 0, 0, 0,
336,  1,  331,  339,  -1,  442, 352,  137.0,  21,  Nuc2064821,  2131,  0, 0, 0, , 0, 0, 0, 0, 0,
337,  1,  332,  340,  -1,  476, 332,  128.0,  23,  Nuc2064896,  1882,  0, 0, 0, , 0, 0, 0, 0, 0,
338,  1,  333,  341,  -1,  378, 387,  142.0,  21,  Nuc2070288,  1709,  0, 0, 0, , 0, 0, 0, 0, 0,
339,  1,  336,  342,  -1,  393, 368,  126.0,  23,  Nuc2070316,  2199,  0, 0, 0, , 0, 0, 0, 0, 0,
340,  1,  337,  343,  -1,  350, 550,  179.0,  21,  Nuc2070372,  1901,  0, 0, 0, , 0, 0, 0, 0, 0,
341,  1,  338,  344,  -1,  350, 551,  175.0,  21,  Nuc2070505,  1901,  0, 0, 0, , 0, 0, 0, 0, 0,
342,  1,  339,  345,  -1,  301, 564,  168.0,  21,  Nuc2070514,  1871,  0, 0, 0, , 0, 0, 0, 0, 0,
343,  1,  340,  346,  -1,  375, 889,  107.0,  21,  Nuc2070788,  1912,  0, 0, 0, , 0, 0, 0, 0, 0,
344,  1,  341,  347,  -1,  380, 914,  96.0,  21,  Nuc2080670,  1163,  0, 0, 0, , 0, 0, 0, 0, 0,
345,  1,  342,  348,  349,  417, 631,  142.0,  23,  Nuc2080730,  2584,  0, 0, 0, , 0, 0, 0, 0, 0,
346,  1,  344,  350,  -1,  371, 681,  139.0,  21,  Nuc2080771,  1367,  0, 0, 0, , 0, 0, 0, 0, 0,
347,  1,  345,  351,  -1,  249, 340,  148.0,  21,  Nuc2080842,  2134,  0, 0, 0, , 0, 0, 0, 0, 0,
348,  1,  348,  352,  -1,  300, 509,  172.0,  21,  Nuc2081068,  2562,  0, 0, 0, , 0, 0, 0, 0, 0,
349,  1,  349,  353,  354,  374, 537,  168.0,  21,  Nuc2081296,  2122,  0, 0, 0, , 0, 0, 0, 0, 0,
350,  1,  350,  355,  -1,  360, 488,  161.0,  21,  Nuc2084621,  1595,  0, 0, 0, , 0, 0, 0, 0, 0,
351,  1,  351,  356,  -1,  416, 848,  121.0,  21,  Nuc2084905,  1283,  0, 0, 0, , 0, 0, 0, 0, 0,
352,  1,  352,  357,  -1,  377, 873,  118.0,  21,  Nuc2087962,  1912,  0, 0, 0, , 0, 0, 0, 0, 0,
353,  1,  353,  358,  -1,  343, 494,  178.0,  21,  Nuc2088516,  1882,  0, 0, 0, , 0, 0, 0, 0, 0,
354,  1,  354,  359,  -1,  357, 439,  175.0,  21,  Nuc2088536,  2323,  0, 0, 0, , 0, 0, 0, 0, 0,
355,  1,  356,  360,  -1,  423, 689,  125.0,  23,  Nuc2088790,  2068,  0, 0, 0, , 0, 0, 0, 0, 0,
356,  1,  357,  361,  -1,  523, 769,  134.0,  23,  Nuc2088809,  1765,  0, 0, 0, , 0, 0, 0, 0, 0,
357,  1,  358,  362,  -1,  274, 556,  142.0,  21,  Nuc2132782,  1371,  0, 0, 0, , 0, 0, 0, 0, 0,
358,  1,  359,  363,  364,  326, 573,  144.0,  21,  Nuc2132815,  1498,  0, 0, 0, , 0, 0, 0, 0, 0,
359,  1,  360,  365,  366,  381, 495,  140.0,  21,  Nuc2132844,  1166,  0, 0, 0, , 0, 0, 0, 0, 0,
360,  1,  362,  367,  -1,  361, 545,  142.0,  21,  Nuc2132872,  2136,  0, 0, 0, , 0, 0, 0, 0, 0,
361,  1,  363,  368,  369,  282, 510,  156.0,  21,  Nuc2132891,  2060,  0, 0, 0, , 0, 0, 0, 0, 0,
362,  1,  364,  370,  -1,  234, 484,  155.0,  21,  Nuc2134969,  669,  0, 0, 0, , 0, 0, 0, 0, 0,
363,  1,  365,  371,  -1,  500, 658,  138.0,  23,  Nuc2134986,  1455,  0, 0, 0, , 0, 0, 0, 0, 0,
364,  1,  366,  372,  -1,  463, 642,  128.0,  23,  Nuc2160195,  1618,  0, 0, 0, , 0, 0, 0, 0, 0,
365,  1,  367,  373,  374,  379, 436,  141.0,  21,  Nuc2160212,  1016,  0, 0, 0, , 0, 0, 0, 0, 0,
366,  1,  368,  375,  376,  328, 407,  141.0,  21,  Nuc2160224,  1516,  0, 0, 0, , 0, 0, 0, 0, 0,
367,  1,  369,  377,  -1,  330, 344,  145.0,  21,  Nuc2160607,  2253,  0, 0, 0, , 0, 0, 0, 0, 0,
368,  1,  370,  378,  -1,  452, 395,  125.0,  23,  Nuc2161846,  2286,  0, 0, 0, , 0, 0, 0, 0, 0,
369,  1,  371,  379,  -1,  511, 369,  128.0,  23,  Nuc2161861,  1861,  0, 0, 0, , 0, 0, 0, 0, 0,
370,  1,  372,  380,  -1,  553, 490,  144.0,  23,  Nuc2161869,  2193,  0, 0, 0, , 0, 0, 0, 0, 0,
371,  1,  373,  381,  -1,  592, 453,  146.0,  21,  Nuc2161881,  2436,  0, 0, 0, , 0, 0, 0, 0, 0,
372,  1,  374,  382,  -1,  305, 176,  113.0,  21,  Nuc2161894,  911,  0, 0, 0, , 0, 0, 0, 0, 0,
373,  1,  375,  383,  -1,  301, 234,  135.0,  21,  Nuc2162695,  695,  0, 0, 0, , 0, 0, 0, 0, 0,
374,  1,  375,  384,  -1,  330, 210,  128.0,  21,  Nuc2162707,  1398,  0, 0, 0, , 0, 0, 0, 0, 0,
375,  1,  377,  385,  -1,  282, 495,  141.0,  21,  Nuc2162722,  737,  0, 0, 0, , 0, 0, 0, 0, 0,
376,  1,  -1,  386,  -1,  269, 354,  124.0,  21,  Nuc2162912,  1137,  0, 0, 0, , 0, 0, 0, 0, 0,
377,  1,  -1,  387,  -1,  241, 282,  132.0,  21,  Nuc2163343,  706,  0, 0, 0, , 0, 0, 0, 0, 0,
