1,  1,  1,  1,  -1,  545, 965,  84.0,  21,  Nuc65,  1412,  0, 0, 0, , 0, 0, 0, 0, 0,
2,  1,  2,  2,  -1,  495, 933,  92.0,  23,  Nuc5281,  1600,  0, 0, 0, , 0, 0, 0, 0, 0,
3,  1,  3,  3,  -1,  445, 951,  83.0,  21,  Nuc7234,  1608,  0, 0, 0, , 0, 0, 0, 0, 0,
4,  1,  4,  4,  -1,  452, 811,  113.0,  23,  Nuc9523,  806,  0, 0, 0, , 0, 0, 0, 0, 0,
5,  1,  4,  5,  -1,  431, 846,  109.0,  23,  Nuc24128,  1087,  0, 0, 0, , 0, 0, 0, 0, 0,
6,  1,  5,  6,  -1,  473, 876,  103.0,  21,  Nuc24148,  1828,  0, 0, 0, , 0, 0, 0, 0, 0,
7,  1,  6,  7,  -1,  427, 912,  108.0,  21,  Nuc26085,  1843,  0, 0, 0, , 0, 0, 0, 0, 0,
8,  1,  7,  8,  -1,  476, 926,  106.0,  21,  Nuc28678,  1841,  0, 0, 0, , 0, 0, 0, 0, 0,
9,  1,  8,  9,  -1,  772, 889,  94.0,  21,  Nuc29672,  2142,  0, 0, 0, , 0, 0, 0, 0, 0,
10,  1,  9,  10,  -1,  723, 904,  100.0,  21,  Nuc34358,  2018,  0, 0, 0, , 0, 0, 0, 0, 0,
11,  1,  10,  11,  -1,  672, 895,  112.0,  23,  Nuc37583,  2421,  0, 0, 0, , 0, 0, 0, 0, 0,
12,  1,  11,  12,  -1,  648, 846,  112.0,  23,  Nuc40146,  2438,  0, 0, 0, , 0, 0, 0, 0, 0,
13,  1,  12,  13,  -1,  623, 906,  103.0,  23,  Nuc47887,  2161,  0, 0, 0, , 0, 0, 0, 0, 0,
14,  1,  13,  14,  -1,  591, 938,  98.0,  23,  Nuc49705,  1776,  0, 0, 0, , 0, 0, 0, 0, 0,
15,  1,  14,  15,  -1,  694, 932,  87.0,  21,  Nuc51558,  1814,  0, 0, 0, , 0, 0, 0, 0, 0,
16,  1,  15,  16,  -1,  630, 955,  83.0,  21,  Nuc61177,  1463,  0, 0, 0, , 0, 0, 0, 0, 0,
17,  1,  16,  17,  -1,  604, 830,  124.0,  23,  Nuc63984,  3123,  0, 0, 0, , 0, 0, 0, 0, 0,
18,  1,  17,  18,  -1,  625, 864,  132.0,  23,  Nuc64004,  2603,  0, 0, 0, , 0, 0, 0, 0, 0,
19,  1,  18,  19,  -1,  550, 816,  130.0,  23,  Nuc65776,  2287,  0, 0, 0, , 0, 0, 0, 0, 0,
20,  1,  19,  20,  -1,  522, 919,  104.0,  21,  Nuc69345,  2853,  0, 0, 0, , 0, 0, 0, 0, 0,
21,  1,  20,  21,  -1,  533, 875,  103.0,  23,  Nuc70671,  3200,  0, 0, 0, , 0, 0, 0, 0, 0,
22,  1,  21,  22,  -1,  557, 820,  113.0,  25,  Nuc73728,  2331,  0, 0, 0, , 0, 0, 0, 0, 0,
23,  1,  22,  23,  -1,  564, 871,  115.0,  21,  Nuc76197,  3425,  0, 0, 0, , 0, 0, 0, 0, 0,
24,  1,  23,  24,  -1,  593, 915,  114.0,  21,  Nuc88081,  2392,  0, 0, 0, , 0, 0, 0, 0, 0,
25,  1,  24,  25,  -1,  501, 780,  117.0,  23,  Nuc90596,  1862,  0, 0, 0, , 0, 0, 0, 0, 0,
26,  1,  25,  26,  -1,  401, 773,  134.0,  21,  Nuc102443,  942,  0, 0, 0, , 0, 0, 0, 0, 0,
27,  1,  25,  27,  -1,  431, 780,  124.0,  23,  Nuc102451,  894,  0, 0, 0, , 0, 0, 0, 0, 0,
28,  1,  26,  28,  -1,  480, 821,  127.0,  21,  Nuc102461,  2411,  0, 0, 0, , 0, 0, 0, 0, 0,
29,  1,  27,  29,  -1,  499, 856,  116.0,  23,  Nuc144318,  2654,  0, 0, 0, , 0, 0, 0, 0, 0,
30,  1,  28,  30,  -1,  537, 900,  122.0,  21,  Nuc146051,  2388,  0, 0, 0, , 0, 0, 0, 0, 0,
31,  1,  29,  31,  -1,  451, 894,  119.0,  21,  Nuc146851,  3415,  0, 0, 0, , 0, 0, 0, 0, 0,
32,  1,  30,  32,  -1,  482, 872,  132.0,  21,  Nuc148362,  2995,  0, 0, 0, , 0, 0, 0, 0, 0,
33,  1,  31,  33,  -1,  304, 288,  150.0,  21,  Nuc152822,  2262,  0, 0, 0, , 0, 0, 0, 0, 0,
34,  1,  32,  34,  -1,  645, 781,  124.0,  23,  Nuc152911,  3102,  0, 0, 0, , 0, 0, 0, 0, 0,
35,  1,  33,  35,  -1,  689, 737,  130.0,  23,  Nuc170121,  3372,  0, 0, 0, , 0, 0, 0, 0, 0,
36,  1,  34,  36,  -1,  677, 851,  123.0,  23,  Nuc173384,  3393,  0, 0, 0, , 0, 0, 0, 0, 0,
37,  1,  35,  37,  -1,  720, 815,  129.0,  23,  Nuc182358,  3673,  0, 0, 0, , 0, 0, 0, 0, 0,
38,  1,  36,  38,  -1,  708, 770,  144.0,  23,  Nuc190566,  3788,  0, 0, 0, , 0, 0, 0, 0, 0,
39,  1,  37,  39,  -1,  649, 744,  149.0,  23,  Nuc200245,  3906,  0, 0, 0, , 0, 0, 0, 0, 0,
40,  1,  38,  40,  -1,  668, 826,  139.0,  23,  Nuc205699,  3629,  0, 0, 0, , 0, 0, 0, 0, 0,
41,  1,  39,  41,  -1,  606, 800,  141.0,  21,  Nuc208532,  3604,  0, 0, 0, , 0, 0, 0, 0, 0,
42,  1,  40,  42,  -1,  811, 750,  117.0,  21,  Nuc209764,  2476,  0, 0, 0, , 0, 0, 0, 0, 0,
43,  1,  41,  43,  -1,  853, 776,  114.0,  21,  Nuc214931,  2857,  0, 0, 0, , 0, 0, 0, 0, 0,
44,  1,  42,  44,  -1,  874, 794,  94.0,  23,  Nuc215660,  2099,  0, 0, 0, , 0, 0, 0, 0, 0,
45,  1,  43,  45,  -1,  837, 837,  97.0,  23,  Nuc220663,  2192,  0, 0, 0, , 0, 0, 0, 0, 0,
46,  1,  44,  46,  -1,  781, 806,  124.0,  21,  Nuc230379,  2967,  0, 0, 0, , 0, 0, 0, 0, 0,
47,  1,  45,  47,  -1,  735, 775,  119.0,  23,  Nuc230676,  2849,  0, 0, 0, , 0, 0, 0, 0, 0,
48,  1,  46,  48,  -1,  734, 857,  114.0,  23,  Nuc248274,  3176,  0, 0, 0, , 0, 0, 0, 0, 0,
49,  1,  47,  49,  -1,  788, 835,  111.0,  23,  Nuc249175,  2886,  0, 0, 0, , 0, 0, 0, 0, 0,
50,  1,  48,  50,  -1,  774, 193,  106.0,  21,  Nuc251885,  2111,  0, 0, 0, , 0, 0, 0, 0, 0,
51,  1,  49,  51,  -1,  827, 224,  99.0,  21,  Nuc255960,  2121,  0, 0, 0, , 0, 0, 0, 0, 0,
52,  1,  50,  52,  -1,  636, 213,  112.0,  21,  Nuc260714,  1965,  0, 0, 0, , 0, 0, 0, 0, 0,
53,  1,  51,  53,  -1,  707, 165,  105.0,  21,  Nuc261257,  1943,  0, 0, 0, , 0, 0, 0, 0, 0,
54,  1,  52,  54,  -1,  681, 214,  134.0,  21,  Nuc264758,  2189,  0, 0, 0, , 0, 0, 0, 0, 0,
55,  1,  53,  55,  -1,  630, 238,  127.0,  21,  Nuc268198,  3226,  0, 0, 0, , 0, 0, 0, 0, 0,
56,  1,  54,  56,  -1,  626, 177,  124.0,  23,  Nuc271239,  2436,  0, 0, 0, , 0, 0, 0, 0, 0,
57,  1,  55,  57,  -1,  710, 196,  123.0,  21,  Nuc272782,  2089,  0, 0, 0, , 0, 0, 0, 0, 0,
58,  1,  56,  58,  -1,  580, 287,  130.0,  21,  Nuc274986,  2109,  0, 0, 0, , 0, 0, 0, 0, 0,
59,  1,  57,  59,  -1,  535, 242,  134.0,  21,  Nuc280421,  2384,  0, 0, 0, , 0, 0, 0, 0, 0,
60,  1,  58,  60,  -1,  595, 197,  139.0,  23,  Nuc283132,  2893,  0, 0, 0, , 0, 0, 0, 0, 0,
61,  1,  59,  61,  -1,  614, 258,  144.0,  21,  Nuc285940,  3151,  0, 0, 0, , 0, 0, 0, 0, 0,
62,  1,  60,  62,  -1,  545, 213,  116.0,  21,  Nuc293758,  2628,  0, 0, 0, , 0, 0, 0, 0, 0,
63,  1,  61,  63,  -1,  551, 171,  128.0,  21,  Nuc293844,  2423,  0, 0, 0, , 0, 0, 0, 0, 0,
64,  1,  62,  64,  -1,  619, 140,  111.0,  21,  Nuc306834,  1839,  0, 0, 0, , 0, 0, 0, 0, 0,
65,  1,  63,  65,  -1,  579, 126,  109.0,  21,  Nuc310952,  2089,  0, 0, 0, , 0, 0, 0, 0, 0,
66,  1,  64,  66,  -1,  851, 291,  112.0,  23,  Nuc314324,  2232,  0, 0, 0, , 0, 0, 0, 0, 0,
67,  1,  65,  67,  -1,  906, 313,  101.0,  21,  Nuc317263,  2463,  0, 0, 0, , 0, 0, 0, 0, 0,
68,  1,  66,  68,  -1,  941, 449,  104.0,  23,  Nuc326410,  2605,  0, 0, 0, , 0, 0, 0, 0, 0,
69,  1,  67,  69,  -1,  938, 383,  109.0,  21,  Nuc330208,  2476,  0, 0, 0, , 0, 0, 0, 0, 0,
70,  1,  68,  70,  -1,  808, 268,  118.0,  21,  Nuc343676,  2573,  0, 0, 0, , 0, 0, 0, 0, 0,
71,  1,  69,  71,  -1,  777, 317,  127.0,  21,  Nuc348455,  2772,  0, 0, 0, , 0, 0, 0, 0, 0,
72,  1,  70,  72,  -1,  857, 339,  127.0,  21,  Nuc359687,  2868,  0, 0, 0, , 0, 0, 0, 0, 0,
73,  1,  71,  73,  -1,  815, 362,  122.0,  21,  Nuc361725,  2991,  0, 0, 0, , 0, 0, 0, 0, 0,
74,  1,  72,  74,  -1,  801, 368,  141.0,  21,  Nuc370608,  3794,  0, 0, 0, , 0, 0, 0, 0, 0,
75,  1,  73,  75,  -1,  742, 329,  150.0,  21,  Nuc382946,  3477,  0, 0, 0, , 0, 0, 0, 0, 0,
76,  1,  74,  76,  -1,  723, 366,  143.0,  23,  Nuc386086,  3344,  0, 0, 0, , 0, 0, 0, 0, 0,
77,  1,  75,  77,  -1,  729, 348,  126.0,  23,  Nuc391874,  3117,  0, 0, 0, , 0, 0, 0, 0, 0,
78,  1,  76,  78,  -1,  676, 285,  137.0,  23,  Nuc406975,  2714,  0, 0, 0, , 0, 0, 0, 0, 0,
79,  1,  77,  79,  -1,  702, 263,  122.0,  23,  Nuc424202,  3275,  0, 0, 0, , 0, 0, 0, 0, 0,
80,  1,  78,  80,  -1,  752, 274,  138.0,  23,  Nuc441245,  3138,  0, 0, 0, , 0, 0, 0, 0, 0,
81,  1,  79,  81,  -1,  766, 237,  121.0,  23,  Nuc442512,  2898,  0, 0, 0, , 0, 0, 0, 0, 0,
82,  1,  80,  82,  -1,  398, 135,  109.0,  21,  Nuc445516,  1796,  0, 0, 0, , 0, 0, 0, 0, 0,
83,  1,  82,  83,  84,  406, 165,  124.0,  21,  Nuc450557,  2039,  0, 0, 0, , 0, 0, 0, 0, 0,
84,  1,  83,  85,  -1,  368, 210,  137.0,  21,  Nuc451859,  2454,  0, 0, 0, , 0, 0, 0, 0, 0,
85,  1,  84,  86,  -1,  420, 314,  128.0,  23,  Nuc452169,  1957,  0, 0, 0, , 0, 0, 0, 0, 0,
86,  1,  85,  87,  -1,  326, 267,  124.0,  21,  Nuc452183,  502,  0, 0, 0, , 0, 0, 0, 0, 0,
87,  1,  86,  88,  -1,  419, 316,  121.0,  25,  Nuc452202,  590,  0, 0, 0, , 0, 0, 0, 0, 0,
88,  1,  86,  89,  -1,  387, 274,  124.0,  21,  Nuc452205,  1004,  0, 0, 0, , 0, 0, 0, 0, 0,
89,  1,  87,  90,  -1,  416, 262,  138.0,  21,  Nuc452222,  2654,  0, 0, 0, , 0, 0, 0, 0, 0,
90,  1,  88,  91,  -1,  464, 125,  109.0,  21,  Nuc454679,  2087,  0, 0, 0, , 0, 0, 0, 0, 0,
91,  1,  89,  92,  -1,  513, 130,  113.0,  21,  Nuc454940,  1878,  0, 0, 0, , 0, 0, 0, 0, 0,
92,  1,  90,  93,  -1,  476, 163,  124.0,  21,  Nuc457655,  2389,  0, 0, 0, , 0, 0, 0, 0, 0,
93,  1,  91,  94,  -1,  475, 272,  142.0,  21,  Nuc460155,  2260,  0, 0, 0, , 0, 0, 0, 0, 0,
94,  1,  92,  95,  -1,  444, 223,  127.0,  21,  Nuc462229,  1044,  0, 0, 0, , 0, 0, 0, 0, 0,
95,  1,  93,  96,  -1,  484, 262,  126.0,  21,  Nuc462349,  1822,  0, 0, 0, , 0, 0, 0, 0, 0,
96,  1,  94,  97,  -1,  455, 185,  136.0,  21,  Nuc462385,  2466,  0, 0, 0, , 0, 0, 0, 0, 0,
97,  1,  95,  98,  -1,  511, 187,  139.0,  21,  Nuc465726,  1992,  0, 0, 0, , 0, 0, 0, 0, 0,
98,  1,  96,  99,  -1,  909, 632,  127.0,  23,  Nuc466297,  2987,  0, 0, 0, , 0, 0, 0, 0, 0,
99,  1,  97,  100,  -1,  873, 634,  120.0,  23,  Nuc466606,  2980,  0, 0, 0, , 0, 0, 0, 0, 0,
100,  1,  98,  101,  -1,  941, 676,  105.0,  21,  Nuc478790,  2769,  0, 0, 0, , 0, 0, 0, 0, 0,
101,  1,  99,  102,  -1,  957, 607,  108.0,  21,  Nuc487383,  2722,  0, 0, 0, , 0, 0, 0, 0, 0,
102,  1,  100,  103,  -1,  856, 711,  128.0,  23,  Nuc497663,  3509,  0, 0, 0, , 0, 0, 0, 0, 0,
103,  1,  101,  104,  -1,  802, 678,  125.0,  21,  Nuc500822,  3115,  0, 0, 0, , 0, 0, 0, 0, 0,
104,  1,  102,  105,  -1,  887, 702,  117.0,  21,  Nuc541242,  2656,  0, 0, 0, , 0, 0, 0, 0, 0,
105,  1,  103,  106,  -1,  908, 740,  106.0,  21,  Nuc543592,  2741,  0, 0, 0, , 0, 0, 0, 0, 0,
106,  1,  104,  107,  -1,  817, 682,  141.0,  23,  Nuc546723,  4242,  0, 0, 0, , 0, 0, 0, 0, 0,
107,  1,  105,  108,  -1,  781, 765,  133.0,  21,  Nuc574121,  3823,  0, 0, 0, , 0, 0, 0, 0, 0,
108,  1,  106,  109,  -1,  741, 703,  129.0,  23,  Nuc578598,  3565,  0, 0, 0, , 0, 0, 0, 0, 0,
109,  1,  107,  110,  -1,  758, 637,  133.0,  23,  Nuc590737,  3815,  0, 0, 0, , 0, 0, 0, 0, 0,
110,  1,  108,  111,  -1,  704, 673,  143.0,  23,  Nuc606137,  3242,  0, 0, 0, , 0, 0, 0, 0, 0,
111,  1,  109,  112,  -1,  659, 672,  156.0,  23,  Nuc633995,  5117,  0, 0, 0, , 0, 0, 0, 0, 0,
112,  1,  110,  113,  -1,  760, 725,  146.0,  23,  Nuc668716,  4361,  0, 0, 0, , 0, 0, 0, 0, 0,
113,  1,  111,  114,  -1,  713, 708,  157.0,  23,  Nuc673185,  4444,  0, 0, 0, , 0, 0, 0, 0, 0,
114,  1,  112,  115,  -1,  338, 765,  151.0,  21,  Nuc682058,  2093,  0, 0, 0, , 0, 0, 0, 0, 0,
115,  1,  113,  116,  -1,  385, 725,  150.0,  23,  Nuc682069,  1919,  0, 0, 0, , 0, 0, 0, 0, 0,
116,  1,  114,  117,  -1,  417, 784,  148.0,  21,  Nuc685634,  2222,  0, 0, 0, , 0, 0, 0, 0, 0,
117,  1,  115,  118,  -1,  379, 823,  139.0,  21,  Nuc685658,  2384,  0, 0, 0, , 0, 0, 0, 0, 0,
118,  1,  116,  119,  -1,  430, 826,  136.0,  21,  Nuc686918,  1648,  0, 0, 0, , 0, 0, 0, 0, 0,
119,  1,  117,  120,  -1,  426, 866,  133.0,  21,  Nuc694111,  2621,  0, 0, 0, , 0, 0, 0, 0, 0,
120,  1,  118,  121,  -1,  364, 773,  124.0,  21,  Nuc694428,  981,  0, 0, 0, , 0, 0, 0, 0, 0,
121,  1,  119,  122,  -1,  333, 797,  130.0,  21,  Nuc694438,  2010,  0, 0, 0, , 0, 0, 0, 0, 0,
122,  1,  120,  123,  -1,  341, 836,  125.0,  21,  Nuc695086,  2316,  0, 0, 0, , 0, 0, 0, 0, 0,
123,  1,  121,  124,  -1,  895, 388,  121.0,  21,  Nuc701811,  2985,  0, 0, 0, , 0, 0, 0, 0, 0,
124,  1,  122,  125,  -1,  905, 443,  124.0,  23,  Nuc726377,  2880,  0, 0, 0, , 0, 0, 0, 0, 0,
125,  1,  123,  126,  -1,  894, 499,  123.0,  21,  Nuc727165,  3450,  0, 0, 0, , 0, 0, 0, 0, 0,
126,  1,  124,  127,  -1,  951, 482,  120.0,  21,  Nuc733893,  2801,  0, 0, 0, , 0, 0, 0, 0, 0,
127,  1,  125,  128,  -1,  836, 413,  126.0,  25,  Nuc736773,  2964,  0, 0, 0, , 0, 0, 0, 0, 0,
128,  1,  126,  129,  -1,  863, 416,  141.0,  23,  Nuc740818,  3575,  0, 0, 0, , 0, 0, 0, 0, 0,
129,  1,  127,  130,  -1,  841, 477,  136.0,  23,  Nuc744074,  2708,  0, 0, 0, , 0, 0, 0, 0, 0,
130,  1,  128,  131,  -1,  868, 512,  146.0,  23,  Nuc755981,  4341,  0, 0, 0, , 0, 0, 0, 0, 0,
131,  1,  129,  132,  -1,  764, 415,  133.0,  21,  Nuc765556,  3845,  0, 0, 0, , 0, 0, 0, 0, 0,
132,  1,  130,  133,  -1,  785, 471,  129.0,  21,  Nuc767133,  3171,  0, 0, 0, , 0, 0, 0, 0, 0,
133,  1,  131,  134,  -1,  717, 508,  147.0,  23,  Nuc777273,  2809,  0, 0, 0, , 0, 0, 0, 0, 0,
134,  1,  132,  135,  -1,  777, 529,  141.0,  21,  Nuc781775,  3163,  0, 0, 0, , 0, 0, 0, 0, 0,
135,  1,  133,  136,  -1,  781, 491,  158.0,  23,  Nuc781828,  4206,  0, 0, 0, , 0, 0, 0, 0, 0,
136,  1,  134,  137,  -1,  818, 446,  151.0,  21,  Nuc786036,  4038,  0, 0, 0, , 0, 0, 0, 0, 0,
137,  1,  135,  138,  -1,  754, 412,  157.0,  21,  Nuc787823,  4213,  0, 0, 0, , 0, 0, 0, 0, 0,
138,  1,  136,  139,  -1,  709, 445,  155.0,  21,  Nuc795085,  5007,  0, 0, 0, , 0, 0, 0, 0, 0,
139,  1,  137,  140,  -1,  811, 566,  135.0,  23,  Nuc799527,  4136,  0, 0, 0, , 0, 0, 0, 0, 0,
140,  1,  138,  141,  -1,  785, 607,  146.0,  21,  Nuc842572,  4331,  0, 0, 0, , 0, 0, 0, 0, 0,
141,  1,  139,  142,  -1,  860, 634,  139.0,  21,  Nuc846756,  3673,  0, 0, 0, , 0, 0, 0, 0, 0,
142,  1,  140,  143,  -1,  878, 563,  140.0,  21,  Nuc851357,  4094,  0, 0, 0, , 0, 0, 0, 0, 0,
143,  1,  141,  144,  -1,  839, 594,  127.0,  21,  Nuc855291,  3045,  0, 0, 0, , 0, 0, 0, 0, 0,
144,  1,  142,  145,  -1,  847, 524,  124.0,  23,  Nuc886396,  2642,  0, 0, 0, , 0, 0, 0, 0, 0,
145,  1,  143,  146,  -1,  909, 567,  119.0,  21,  Nuc895738,  3704,  0, 0, 0, , 0, 0, 0, 0, 0,
146,  1,  144,  147,  -1,  929, 564,  129.0,  23,  Nuc902813,  3610,  0, 0, 0, , 0, 0, 0, 0, 0,
147,  1,  145,  148,  -1,  972, 544,  111.0,  21,  Nuc906521,  2719,  0, 0, 0, , 0, 0, 0, 0, 0,
148,  1,  146,  149,  -1,  948, 505,  108.0,  23,  Nuc907621,  2736,  0, 0, 0, , 0, 0, 0, 0, 0,
149,  1,  147,  150,  -1,  741, 572,  131.0,  23,  Nuc911902,  2732,  0, 0, 0, , 0, 0, 0, 0, 0,
150,  1,  148,  151,  -1,  710, 587,  142.0,  23,  Nuc938593,  3103,  0, 0, 0, , 0, 0, 0, 0, 0,
151,  1,  149,  152,  -1,  767, 653,  157.0,  23,  Nuc953001,  4785,  0, 0, 0, , 0, 0, 0, 0, 0,
152,  1,  150,  153,  -1,  745, 594,  168.0,  21,  Nuc954596,  3351,  0, 0, 0, , 0, 0, 0, 0, 0,
153,  1,  151,  154,  -1,  729, 605,  155.0,  23,  Nuc956965,  4722,  0, 0, 0, , 0, 0, 0, 0, 0,
154,  1,  152,  155,  -1,  829, 599,  153.0,  21,  Nuc966765,  3997,  0, 0, 0, , 0, 0, 0, 0, 0,
155,  1,  153,  156,  -1,  797, 547,  159.0,  21,  Nuc967914,  4560,  0, 0, 0, , 0, 0, 0, 0, 0,
156,  1,  154,  157,  -1,  521, 573,  145.0,  21,  Nuc1024120,  2661,  0, 0, 0, , 0, 0, 0, 0, 0,
157,  1,  155,  158,  -1,  476, 593,  147.0,  21,  Nuc1056916,  2726,  0, 0, 0, , 0, 0, 0, 0, 0,
158,  1,  156,  159,  -1,  287, 767,  120.0,  21,  Nuc1057051,  1282,  0, 0, 0, , 0, 0, 0, 0, 0,
159,  1,  157,  160,  -1,  308, 763,  131.0,  21,  Nuc1057283,  1516,  0, 0, 0, , 0, 0, 0, 0, 0,
160,  1,  158,  161,  -1,  484, 717,  124.0,  23,  Nuc1057341,  2521,  0, 0, 0, , 0, 0, 0, 0, 0,
161,  1,  159,  162,  -1,  370, 741,  135.0,  21,  Nuc1057652,  2365,  0, 0, 0, , 0, 0, 0, 0, 0,
162,  1,  160,  -1,  -1,  433, 688,  138.0,  23,  Nuc1057672,  2642,  0, 0, 0, , 0, 0, 0, 0, 0,
163,  1,  161,  163,  -1,  455, 749,  138.0,  23,  Nuc1057674,  2296,  0, 0, 0, , 0, 0, 0, 0, 0,
164,  1,  162,  164,  -1,  433, 690,  145.0,  21,  Nuc1057739,  3827,  0, 0, 0, , 0, 0, 0, 0, 0,
165,  1,  163,  165,  -1,  478, 712,  150.0,  21,  Nuc1057757,  2778,  0, 0, 0, , 0, 0, 0, 0, 0,
166,  1,  164,  166,  -1,  535, 601,  134.0,  23,  Nuc1057909,  265,  0, 0, 0, , 0, 0, 0, 0, 0,
167,  1,  164,  167,  -1,  577, 638,  130.0,  23,  Nuc1058189,  3755,  0, 0, 0, , 0, 0, 0, 0, 0,
168,  1,  165,  168,  -1,  556, 653,  147.0,  21,  Nuc1062365,  2681,  0, 0, 0, , 0, 0, 0, 0, 0,
169,  1,  166,  169,  -1,  536, 693,  138.0,  23,  Nuc1091586,  3718,  0, 0, 0, , 0, 0, 0, 0, 0,
170,  1,  167,  170,  171,  544, 696,  125.0,  23,  Nuc1092029,  2841,  0, 0, 0, , 0, 0, 0, 0, 0,
171,  1,  169,  172,  173,  614, 693,  143.0,  23,  Nuc1102213,  4441,  0, 0, 0, , 0, 0, 0, 0, 0,
172,  1,  170,  174,  -1,  630, 693,  128.0,  23,  Nuc1129017,  3352,  0, 0, 0, , 0, 0, 0, 0, 0,
173,  1,  171,  175,  -1,  586, 751,  122.0,  23,  Nuc1145046,  3506,  0, 0, 0, , 0, 0, 0, 0, 0,
174,  1,  172,  176,  -1,  605, 750,  134.0,  23,  Nuc1145219,  2941,  0, 0, 0, , 0, 0, 0, 0, 0,
175,  1,  173,  177,  178,  401, 554,  135.0,  21,  Nuc1208200,  806,  0, 0, 0, , 0, 0, 0, 0, 0,
176,  1,  173,  179,  -1,  450, 523,  130.0,  23,  Nuc1208661,  2388,  0, 0, 0, , 0, 0, 0, 0, 0,
177,  1,  174,  180,  181,  504, 511,  129.0,  23,  Nuc1208676,  1877,  0, 0, 0, , 0, 0, 0, 0, 0,
178,  1,  175,  182,  -1,  562, 737,  149.0,  21,  Nuc1210617,  2766,  0, 0, 0, , 0, 0, 0, 0, 0,
179,  1,  176,  183,  -1,  558, 812,  150.0,  23,  Nuc1231746,  3025,  0, 0, 0, , 0, 0, 0, 0, 0,
180,  1,  177,  184,  -1,  543, 862,  136.0,  23,  Nuc1234865,  3177,  0, 0, 0, , 0, 0, 0, 0, 0,
181,  1,  178,  185,  -1,  462, 822,  150.0,  23,  Nuc1247455,  3375,  0, 0, 0, , 0, 0, 0, 0, 0,
182,  1,  179,  186,  -1,  479, 803,  141.0,  23,  Nuc1248920,  2119,  0, 0, 0, , 0, 0, 0, 0, 0,
183,  1,  180,  187,  -1,  503, 757,  155.0,  23,  Nuc1262374,  2684,  0, 0, 0, , 0, 0, 0, 0, 0,
184,  1,  181,  188,  -1,  468, 768,  163.0,  23,  Nuc1270019,  3408,  0, 0, 0, , 0, 0, 0, 0, 0,
185,  1,  182,  189,  -1,  666, 572,  134.0,  23,  Nuc1272768,  2880,  0, 0, 0, , 0, 0, 0, 0, 0,
186,  1,  183,  190,  -1,  660, 635,  133.0,  23,  Nuc1330326,  2487,  0, 0, 0, , 0, 0, 0, 0, 0,
187,  1,  184,  191,  -1,  652, 598,  153.0,  21,  Nuc1335658,  3436,  0, 0, 0, , 0, 0, 0, 0, 0,
188,  1,  185,  192,  -1,  591, 586,  140.0,  23,  Nuc1336676,  2876,  0, 0, 0, , 0, 0, 0, 0, 0,
189,  1,  186,  193,  -1,  550, 544,  134.0,  23,  Nuc1344445,  2890,  0, 0, 0, , 0, 0, 0, 0, 0,
190,  1,  187,  194,  -1,  608, 525,  137.0,  23,  Nuc1390591,  1685,  0, 0, 0, , 0, 0, 0, 0, 0,
191,  1,  188,  195,  -1,  667, 494,  132.0,  21,  Nuc1418346,  4225,  0, 0, 0, , 0, 0, 0, 0, 0,
192,  1,  189,  196,  -1,  479, 392,  147.0,  23,  Nuc1418787,  2615,  0, 0, 0, , 0, 0, 0, 0, 0,
193,  1,  190,  197,  198,  416, 570,  154.0,  23,  Nuc1418867,  2281,  0, 0, 0, , 0, 0, 0, 0, 0,
194,  1,  191,  199,  -1,  411, 517,  152.0,  21,  Nuc1419066,  2927,  0, 0, 0, , 0, 0, 0, 0, 0,
195,  1,  192,  200,  -1,  425, 527,  179.0,  21,  Nuc1419098,  3642,  0, 0, 0, , 0, 0, 0, 0, 0,
196,  1,  193,  201,  -1,  434, 555,  168.0,  21,  Nuc1419544,  2571,  0, 0, 0, , 0, 0, 0, 0, 0,
197,  1,  194,  202,  203,  503, 439,  127.0,  23,  Nuc1426679,  3359,  0, 0, 0, , 0, 0, 0, 0, 0,
198,  1,  195,  204,  -1,  456, 461,  128.0,  23,  Nuc1426692,  2846,  0, 0, 0, , 0, 0, 0, 0, 0,
199,  1,  196,  205,  -1,  619, 459,  131.0,  21,  Nuc1431513,  2780,  0, 0, 0, , 0, 0, 0, 0, 0,
200,  1,  197,  206,  -1,  552, 463,  130.0,  23,  Nuc1453051,  3415,  0, 0, 0, , 0, 0, 0, 0, 0,
201,  1,  198,  207,  -1,  456, 502,  160.0,  21,  Nuc1468262,  1048,  0, 0, 0, , 0, 0, 0, 0, 0,
202,  1,  198,  208,  -1,  468, 514,  152.0,  21,  Nuc1468871,  2512,  0, 0, 0, , 0, 0, 0, 0, 0,
203,  1,  199,  209,  -1,  495, 536,  145.0,  21,  Nuc1476756,  3167,  0, 0, 0, , 0, 0, 0, 0, 0,
204,  1,  200,  210,  -1,  472, 456,  149.0,  21,  Nuc1476773,  1388,  0, 0, 0, , 0, 0, 0, 0, 0,
205,  1,  201,  211,  -1,  512, 475,  141.0,  21,  Nuc1483136,  2073,  0, 0, 0, , 0, 0, 0, 0, 0,
206,  1,  202,  212,  -1,  374, 376,  165.0,  21,  Nuc1483232,  2439,  0, 0, 0, , 0, 0, 0, 0, 0,
207,  1,  203,  213,  -1,  333, 365,  169.0,  21,  Nuc1492368,  3094,  0, 0, 0, , 0, 0, 0, 0, 0,
208,  1,  204,  214,  -1,  306, 472,  166.0,  21,  Nuc1492475,  1516,  0, 0, 0, , 0, 0, 0, 0, 0,
209,  1,  205,  215,  -1,  284, 436,  169.0,  21,  Nuc1492486,  1437,  0, 0, 0, , 0, 0, 0, 0, 0,
210,  1,  206,  216,  -1,  412, 382,  175.0,  21,  Nuc1493010,  5389,  0, 0, 0, , 0, 0, 0, 0, 0,
211,  1,  207,  217,  -1,  413, 471,  157.0,  23,  Nuc1493160,  2064,  0, 0, 0, , 0, 0, 0, 0, 0,
212,  1,  208,  218,  -1,  327, 402,  158.0,  21,  Nuc1493180,  1835,  0, 0, 0, , 0, 0, 0, 0, 0,
213,  1,  209,  219,  -1,  385, 424,  157.0,  21,  Nuc1493190,  2874,  0, 0, 0, , 0, 0, 0, 0, 0,
214,  1,  210,  220,  -1,  461, 294,  165.0,  21,  Nuc1493232,  2821,  0, 0, 0, , 0, 0, 0, 0, 0,
215,  1,  211,  221,  -1,  288, 356,  157.0,  21,  Nuc1493603,  2168,  0, 0, 0, , 0, 0, 0, 0, 0,
216,  1,  212,  222,  -1,  343, 331,  161.0,  21,  Nuc1493613,  2256,  0, 0, 0, , 0, 0, 0, 0, 0,
217,  1,  213,  223,  -1,  395, 318,  165.0,  23,  Nuc1493772,  3489,  0, 0, 0, , 0, 0, 0, 0, 0,
218,  1,  214,  224,  225,  422, 371,  156.0,  21,  Nuc1494674,  2125,  0, 0, 0, , 0, 0, 0, 0, 0,
219,  1,  215,  226,  -1,  340, 271,  137.0,  21,  Nuc1494728,  1854,  0, 0, 0, , 0, 0, 0, 0, 0,
220,  1,  216,  227,  -1,  360, 262,  153.0,  21,  Nuc1496171,  2598,  0, 0, 0, , 0, 0, 0, 0, 0,
221,  1,  217,  228,  -1,  393, 320,  143.0,  21,  Nuc1496184,  3070,  0, 0, 0, , 0, 0, 0, 0, 0,
222,  1,  218,  229,  -1,  432, 262,  156.0,  21,  Nuc1496374,  2926,  0, 0, 0, , 0, 0, 0, 0, 0,
223,  1,  219,  230,  -1,  417, 215,  146.0,  23,  Nuc1497060,  2897,  0, 0, 0, , 0, 0, 0, 0, 0,
224,  1,  220,  231,  -1,  664, 299,  152.0,  23,  Nuc1500734,  3347,  0, 0, 0, , 0, 0, 0, 0, 0,
225,  1,  221,  232,  -1,  632, 350,  164.0,  23,  Nuc1503365,  3256,  0, 0, 0, , 0, 0, 0, 0, 0,
226,  1,  222,  233,  -1,  615, 394,  154.0,  25,  Nuc1508345,  2376,  0, 0, 0, , 0, 0, 0, 0, 0,
227,  1,  223,  234,  -1,  663, 368,  140.0,  23,  Nuc1510130,  3286,  0, 0, 0, , 0, 0, 0, 0, 0,
228,  1,  224,  235,  -1,  604, 398,  132.0,  23,  Nuc1514877,  2313,  0, 0, 0, , 0, 0, 0, 0, 0,
229,  1,  225,  236,  -1,  541, 401,  141.0,  23,  Nuc1514898,  2648,  0, 0, 0, , 0, 0, 0, 0, 0,
230,  1,  226,  237,  -1,  651, 328,  126.0,  23,  Nuc1545770,  2457,  0, 0, 0, , 0, 0, 0, 0, 0,
231,  1,  227,  238,  -1,  597, 332,  145.0,  23,  Nuc1551434,  2937,  0, 0, 0, , 0, 0, 0, 0, 0,
232,  1,  228,  239,  -1,  470, 322,  151.0,  21,  Nuc1553370,  2150,  0, 0, 0, , 0, 0, 0, 0, 0,
233,  1,  229,  240,  -1,  537, 321,  140.0,  21,  Nuc1560737,  1861,  0, 0, 0, , 0, 0, 0, 0, 0,
234,  1,  230,  241,  -1,  543, 270,  151.0,  23,  Nuc1572638,  3472,  0, 0, 0, , 0, 0, 0, 0, 0,
235,  1,  231,  242,  -1,  498, 229,  152.0,  23,  Nuc1575660,  2699,  0, 0, 0, , 0, 0, 0, 0, 0,
236,  1,  232,  243,  -1,  592, 278,  158.0,  23,  Nuc1577622,  3659,  0, 0, 0, , 0, 0, 0, 0, 0,
237,  1,  233,  244,  -1,  573, 330,  166.0,  23,  Nuc1581755,  3984,  0, 0, 0, , 0, 0, 0, 0, 0,
238,  1,  234,  245,  -1,  466, 363,  171.0,  21,  Nuc1584292,  2911,  0, 0, 0, , 0, 0, 0, 0, 0,
239,  1,  235,  246,  -1,  511, 320,  168.0,  23,  Nuc1584417,  3850,  0, 0, 0, , 0, 0, 0, 0, 0,
240,  1,  236,  247,  -1,  648, 461,  154.0,  23,  Nuc1584591,  4277,  0, 0, 0, , 0, 0, 0, 0, 0,
241,  1,  237,  248,  -1,  657, 438,  140.0,  23,  Nuc1602915,  3522,  0, 0, 0, , 0, 0, 0, 0, 0,
242,  1,  238,  249,  -1,  716, 434,  131.0,  23,  Nuc1622763,  3653,  0, 0, 0, , 0, 0, 0, 0, 0,
243,  1,  239,  250,  -1,  669, 405,  128.0,  23,  Nuc1639847,  3360,  0, 0, 0, , 0, 0, 0, 0, 0,
244,  1,  240,  251,  -1,  641, 527,  166.0,  21,  Nuc1640582,  5809,  0, 0, 0, , 0, 0, 0, 0, 0,
245,  1,  241,  252,  -1,  656, 497,  144.0,  21,  Nuc1643529,  4269,  0, 0, 0, , 0, 0, 0, 0, 0,
246,  1,  242,  253,  -1,  632, 526,  150.0,  21,  Nuc1647660,  2962,  0, 0, 0, , 0, 0, 0, 0, 0,
247,  1,  243,  254,  -1,  689, 575,  157.0,  21,  Nuc1703099,  5165,  0, 0, 0, , 0, 0, 0, 0, 0,
248,  1,  244,  255,  -1,  670, 542,  157.0,  21,  Nuc1707826,  3598,  0, 0, 0, , 0, 0, 0, 0, 0,
249,  1,  245,  256,  -1,  654, 554,  145.0,  21,  Nuc1707960,  3243,  0, 0, 0, , 0, 0, 0, 0, 0,
250,  1,  246,  257,  -1,  685, 539,  138.0,  21,  Nuc1738823,  2481,  0, 0, 0, , 0, 0, 0, 0, 0,
251,  1,  247,  258,  -1,  506, 491,  154.0,  23,  Nuc1740624,  2849,  0, 0, 0, , 0, 0, 0, 0, 0,
252,  1,  248,  259,  -1,  525, 533,  158.0,  21,  Nuc1750712,  4307,  0, 0, 0, , 0, 0, 0, 0, 0,
253,  1,  249,  260,  -1,  570, 529,  148.0,  21,  Nuc1754962,  2868,  0, 0, 0, , 0, 0, 0, 0, 0,
254,  1,  250,  261,  -1,  551, 579,  153.0,  21,  Nuc1755552,  4342,  0, 0, 0, , 0, 0, 0, 0, 0,
255,  1,  251,  262,  -1,  522, 519,  172.0,  21,  Nuc1759769,  3802,  0, 0, 0, , 0, 0, 0, 0, 0,
256,  1,  252,  263,  -1,  530, 473,  172.0,  21,  Nuc1762239,  3797,  0, 0, 0, , 0, 0, 0, 0, 0,
257,  1,  253,  264,  -1,  483, 506,  177.0,  23,  Nuc1763420,  3851,  0, 0, 0, , 0, 0, 0, 0, 0,
258,  1,  254,  265,  -1,  440, 480,  174.0,  19,  Nuc1763565,  875,  0, 0, 0, , 0, 0, 0, 0, 0,
259,  1,  255,  266,  -1,  489, 440,  169.0,  21,  Nuc1763585,  4420,  0, 0, 0, , 0, 0, 0, 0, 0,
260,  1,  256,  267,  -1,  438, 419,  166.0,  21,  Nuc1765088,  3373,  0, 0, 0, , 0, 0, 0, 0, 0,
261,  1,  257,  268,  -1,  500, 488,  167.0,  21,  Nuc1772022,  2340,  0, 0, 0, , 0, 0, 0, 0, 0,
262,  1,  258,  269,  -1,  477, 571,  156.0,  21,  Nuc1773077,  3150,  0, 0, 0, , 0, 0, 0, 0, 0,
263,  1,  259,  270,  -1,  428, 727,  166.0,  21,  Nuc1773183,  4790,  0, 0, 0, , 0, 0, 0, 0, 0,
264,  1,  260,  271,  -1,  403, 671,  159.0,  21,  Nuc1783540,  4223,  0, 0, 0, , 0, 0, 0, 0, 0,
265,  1,  261,  272,  -1,  335, 583,  160.0,  21,  Nuc1784085,  3536,  0, 0, 0, , 0, 0, 0, 0, 0,
266,  1,  262,  273,  -1,  358, 701,  168.0,  21,  Nuc1784118,  1531,  0, 0, 0, , 0, 0, 0, 0, 0,
267,  1,  264,  274,  -1,  311, 701,  158.0,  21,  Nuc1784498,  2270,  0, 0, 0, , 0, 0, 0, 0, 0,
268,  1,  265,  275,  276,  350, 648,  157.0,  21,  Nuc1785271,  1314,  0, 0, 0, , 0, 0, 0, 0, 0,
269,  1,  266,  277,  -1,  426, 613,  171.0,  21,  Nuc1787981,  2909,  0, 0, 0, , 0, 0, 0, 0, 0,
270,  1,  267,  278,  -1,  351, 603,  174.0,  21,  Nuc1793845,  4132,  0, 0, 0, , 0, 0, 0, 0, 0,
271,  1,  268,  279,  -1,  374, 657,  176.0,  21,  Nuc1793860,  3042,  0, 0, 0, , 0, 0, 0, 0, 0,
272,  1,  269,  280,  -1,  470, 422,  181.0,  23,  Nuc1794126,  3504,  0, 0, 0, , 0, 0, 0, 0, 0,
273,  1,  270,  281,  -1,  546, 420,  177.0,  23,  Nuc1794469,  4771,  0, 0, 0, , 0, 0, 0, 0, 0,
274,  1,  271,  282,  -1,  526, 366,  174.0,  23,  Nuc1795182,  3995,  0, 0, 0, , 0, 0, 0, 0, 0,
275,  1,  272,  283,  -1,  623, 464,  169.0,  23,  Nuc1800334,  6021,  0, 0, 0, , 0, 0, 0, 0, 0,
276,  1,  273,  284,  -1,  617, 408,  174.0,  23,  Nuc1842025,  4779,  0, 0, 0, , 0, 0, 0, 0, 0,
277,  1,  274,  285,  -1,  699, 373,  161.0,  21,  Nuc1848878,  3904,  0, 0, 0, , 0, 0, 0, 0, 0,
278,  1,  275,  286,  -1,  679, 416,  168.0,  21,  Nuc1849844,  4613,  0, 0, 0, , 0, 0, 0, 0, 0,
279,  1,  276,  287,  -1,  654, 504,  177.0,  23,  Nuc1850308,  5603,  0, 0, 0, , 0, 0, 0, 0, 0,
280,  1,  277,  288,  -1,  677, 463,  174.0,  21,  Nuc1850854,  4506,  0, 0, 0, , 0, 0, 0, 0, 0,
281,  1,  278,  289,  -1,  743, 474,  168.0,  21,  Nuc1851812,  3624,  0, 0, 0, , 0, 0, 0, 0, 0,
282,  1,  279,  290,  -1,  689, 506,  167.0,  21,  Nuc1854171,  5071,  0, 0, 0, , 0, 0, 0, 0, 0,
283,  1,  280,  291,  -1,  740, 515,  169.0,  21,  Nuc1858790,  3761,  0, 0, 0, , 0, 0, 0, 0, 0,
284,  1,  281,  292,  -1,  631, 584,  168.0,  21,  Nuc1862222,  3721,  0, 0, 0, , 0, 0, 0, 0, 0,
285,  1,  282,  293,  -1,  686, 569,  172.0,  23,  Nuc1863108,  4717,  0, 0, 0, , 0, 0, 0, 0, 0,
286,  1,  283,  294,  -1,  747, 547,  158.0,  21,  Nuc1867434,  3246,  0, 0, 0, , 0, 0, 0, 0, 0,
287,  1,  284,  295,  -1,  709, 535,  163.0,  21,  Nuc1867565,  2875,  0, 0, 0, , 0, 0, 0, 0, 0,
288,  1,  285,  296,  -1,  738, 559,  171.0,  21,  Nuc1868200,  3063,  0, 0, 0, , 0, 0, 0, 0, 0,
289,  1,  286,  297,  -1,  472, 683,  177.0,  21,  Nuc1869396,  3345,  0, 0, 0, , 0, 0, 0, 0, 0,
290,  1,  287,  298,  -1,  418, 674,  177.0,  23,  Nuc1869773,  3954,  0, 0, 0, , 0, 0, 0, 0, 0,
291,  1,  288,  299,  -1,  631, 708,  168.0,  23,  Nuc1870003,  4668,  0, 0, 0, , 0, 0, 0, 0, 0,
292,  1,  289,  300,  -1,  591, 688,  158.0,  23,  Nuc1871458,  5035,  0, 0, 0, , 0, 0, 0, 0, 0,
293,  1,  290,  301,  -1,  618, 778,  155.0,  21,  Nuc1876963,  4009,  0, 0, 0, , 0, 0, 0, 0, 0,
294,  1,  291,  302,  -1,  568, 756,  162.0,  23,  Nuc1880449,  4779,  0, 0, 0, , 0, 0, 0, 0, 0,
295,  1,  292,  303,  -1,  514, 656,  179.0,  23,  Nuc1883047,  4424,  0, 0, 0, , 0, 0, 0, 0, 0,
296,  1,  293,  304,  -1,  563, 662,  171.0,  21,  Nuc1886232,  5017,  0, 0, 0, , 0, 0, 0, 0, 0,
297,  1,  294,  305,  -1,  491, 720,  171.0,  23,  Nuc1889462,  4824,  0, 0, 0, , 0, 0, 0, 0, 0,
298,  1,  295,  306,  -1,  550, 719,  169.0,  21,  Nuc1890969,  4464,  0, 0, 0, , 0, 0, 0, 0, 0,
299,  1,  296,  307,  -1,  624, 644,  172.0,  23,  Nuc1892159,  5026,  0, 0, 0, , 0, 0, 0, 0, 0,
300,  1,  297,  308,  -1,  691, 648,  167.0,  23,  Nuc1918897,  4680,  0, 0, 0, , 0, 0, 0, 0, 0,
301,  1,  298,  309,  -1,  570, 618,  179.0,  23,  Nuc1921288,  5143,  0, 0, 0, , 0, 0, 0, 0, 0,
302,  1,  299,  310,  -1,  574, 568,  180.0,  21,  Nuc1921411,  3467,  0, 0, 0, , 0, 0, 0, 0, 0,
303,  1,  300,  311,  -1,  576, 456,  180.0,  23,  Nuc1922086,  4481,  0, 0, 0, , 0, 0, 0, 0, 0,
304,  1,  301,  312,  -1,  624, 550,  178.0,  21,  Nuc1922186,  5824,  0, 0, 0, , 0, 0, 0, 0, 0,
305,  1,  302,  313,  -1,  503, 600,  184.0,  21,  Nuc1923302,  3675,  0, 0, 0, , 0, 0, 0, 0, 0,
306,  1,  303,  314,  -1,  455, 632,  181.0,  23,  Nuc1924241,  3635,  0, 0, 0, , 0, 0, 0, 0, 0,
307,  1,  304,  315,  -1,  442, 582,  182.0,  21,  Nuc1934135,  2155,  0, 0, 0, , 0, 0, 0, 0, 0,
308,  1,  305,  316,  -1,  468, 664,  166.0,  23,  Nuc1934276,  2977,  0, 0, 0, , 0, 0, 0, 0, 0,
309,  1,  306,  317,  -1,  516, 622,  157.0,  23,  Nuc1942131,  2894,  0, 0, 0, , 0, 0, 0, 0, 0,
310,  1,  307,  318,  -1,  458, 635,  154.0,  23,  Nuc1943195,  3679,  0, 0, 0, , 0, 0, 0, 0, 0,
311,  1,  308,  319,  -1,  517, 688,  158.0,  23,  Nuc1943229,  3747,  0, 0, 0, , 0, 0, 0, 0, 0,
312,  1,  309,  320,  -1,  532, 584,  167.0,  21,  Nuc1950062,  2051,  0, 0, 0, , 0, 0, 0, 0, 0,
313,  1,  310,  321,  -1,  483, 538,  169.0,  21,  Nuc1950328,  2189,  0, 0, 0, , 0, 0, 0, 0, 0,
314,  1,  311,  322,  -1,  483, 595,  172.0,  21,  Nuc1953390,  3939,  0, 0, 0, , 0, 0, 0, 0, 0,
315,  1,  312,  323,  -1,  406, 534,  187.0,  23,  Nuc1953740,  1868,  0, 0, 0, , 0, 0, 0, 0, 0,
316,  1,  313,  324,  -1,  398, 449,  184.0,  21,  Nuc1954711,  2391,  0, 0, 0, , 0, 0, 0, 0, 0,
317,  1,  314,  325,  -1,  495, 529,  185.0,  21,  Nuc1954945,  4397,  0, 0, 0, , 0, 0, 0, 0, 0,
318,  1,  315,  326,  -1,  571, 516,  182.0,  21,  Nuc1955382,  4411,  0, 0, 0, , 0, 0, 0, 0, 0,
319,  1,  316,  327,  -1,  535, 551,  181.0,  23,  Nuc1967352,  4125,  0, 0, 0, , 0, 0, 0, 0, 0,
320,  1,  317,  328,  -1,  510, 465,  184.0,  23,  Nuc1968444,  4116,  0, 0, 0, , 0, 0, 0, 0, 0,
321,  1,  318,  329,  -1,  445, 495,  186.0,  23,  Nuc1968606,  3634,  0, 0, 0, , 0, 0, 0, 0, 0,
322,  1,  319,  330,  -1,  581, 617,  160.0,  21,  Nuc1968843,  3943,  0, 0, 0, , 0, 0, 0, 0, 0,
323,  1,  320,  331,  -1,  587, 521,  171.0,  21,  Nuc2004967,  6478,  0, 0, 0, , 0, 0, 0, 0, 0,
324,  1,  321,  332,  -1,  593, 557,  158.0,  23,  Nuc2006239,  4603,  0, 0, 0, , 0, 0, 0, 0, 0,
325,  1,  322,  333,  -1,  400, 762,  160.0,  23,  Nuc2009251,  3731,  0, 0, 0, , 0, 0, 0, 0, 0,
326,  1,  323,  334,  -1,  549, 495,  162.0,  21,  Nuc2012791,  2674,  0, 0, 0, , 0, 0, 0, 0, 0,
327,  1,  324,  335,  -1,  526, 365,  156.0,  23,  Nuc2021750,  3612,  0, 0, 0, , 0, 0, 0, 0, 0,
328,  1,  325,  336,  -1,  569, 402,  165.0,  23,  Nuc2024303,  4275,  0, 0, 0, , 0, 0, 0, 0, 0,
329,  1,  326,  337,  -1,  522, 440,  156.0,  23,  Nuc2034648,  3345,  0, 0, 0, , 0, 0, 0, 0, 0,
330,  1,  327,  338,  -1,  576, 454,  164.0,  21,  Nuc2034691,  3464,  0, 0, 0, , 0, 0, 0, 0, 0,
331,  1,  328,  339,  -1,  667, 502,  157.0,  21,  Nuc2034838,  2677,  0, 0, 0, , 0, 0, 0, 0, 0,
332,  1,  329,  340,  -1,  606, 496,  155.0,  23,  Nuc2054042,  4277,  0, 0, 0, , 0, 0, 0, 0, 0,
333,  1,  330,  341,  342,  289, 455,  152.0,  23,  Nuc2064303,  2236,  0, 0, 0, , 0, 0, 0, 0, 0,
334,  1,  331,  343,  -1,  346, 471,  149.0,  21,  Nuc2064466,  2234,  0, 0, 0, , 0, 0, 0, 0, 0,
335,  1,  332,  -1,  -1,  245, 650,  143.0,  23,  Nuc2064580,  259,  0, 0, 0, , 0, 0, 0, 0, 0,
336,  1,  333,  344,  -1,  251, 627,  154.0,  21,  Nuc2064582,  922,  0, 0, 0, , 0, 0, 0, 0, 0,
337,  1,  334,  345,  -1,  303, 656,  146.0,  21,  Nuc2064663,  1747,  0, 0, 0, , 0, 0, 0, 0, 0,
338,  1,  335,  346,  -1,  321, 709,  142.0,  21,  Nuc2064673,  1383,  0, 0, 0, , 0, 0, 0, 0, 0,
339,  1,  336,  347,  -1,  442, 352,  138.0,  21,  Nuc2064822,  2257,  0, 0, 0, , 0, 0, 0, 0, 0,
340,  1,  337,  348,  -1,  479, 333,  127.0,  23,  Nuc2064897,  2218,  0, 0, 0, , 0, 0, 0, 0, 0,
341,  1,  338,  349,  -1,  377, 388,  143.0,  23,  Nuc2070289,  2126,  0, 0, 0, , 0, 0, 0, 0, 0,
342,  1,  339,  350,  -1,  394, 370,  126.0,  23,  Nuc2070317,  1847,  0, 0, 0, , 0, 0, 0, 0, 0,
343,  1,  340,  351,  -1,  349, 548,  179.0,  21,  Nuc2070373,  2613,  0, 0, 0, , 0, 0, 0, 0, 0,
344,  1,  341,  352,  -1,  348, 552,  174.0,  21,  Nuc2070506,  2137,  0, 0, 0, , 0, 0, 0, 0, 0,
345,  1,  342,  353,  -1,  300, 563,  167.0,  21,  Nuc2070515,  1994,  0, 0, 0, , 0, 0, 0, 0, 0,
346,  1,  343,  354,  355,  375, 888,  106.0,  21,  Nuc2070789,  1867,  0, 0, 0, , 0, 0, 0, 0, 0,
347,  1,  344,  356,  -1,  380, 912,  96.0,  21,  Nuc2080671,  1240,  0, 0, 0, , 0, 0, 0, 0, 0,
348,  1,  345,  357,  -1,  373, 604,  140.0,  23,  Nuc2080731,  591,  0, 0, 0, , 0, 0, 0, 0, 0,
349,  1,  345,  358,  -1,  419, 630,  143.0,  23,  Nuc2080735,  2694,  0, 0, 0, , 0, 0, 0, 0, 0,
350,  1,  346,  359,  -1,  371, 680,  139.0,  21,  Nuc2080772,  1380,  0, 0, 0, , 0, 0, 0, 0, 0,
351,  1,  347,  360,  -1,  249, 338,  149.0,  21,  Nuc2080843,  2007,  0, 0, 0, , 0, 0, 0, 0, 0,
352,  1,  348,  361,  -1,  300, 508,  171.0,  21,  Nuc2081069,  2471,  0, 0, 0, , 0, 0, 0, 0, 0,
353,  1,  349,  -1,  -1,  394, 492,  170.0,  21,  Nuc2081297,  228,  0, 0, 0, , 0, 0, 0, 0, 0,
354,  1,  349,  362,  -1,  374, 536,  168.0,  21,  Nuc2081298,  2748,  0, 0, 0, , 0, 0, 0, 0, 0,
355,  1,  350,  363,  -1,  359, 487,  162.0,  21,  Nuc2084622,  1881,  0, 0, 0, , 0, 0, 0, 0, 0,
356,  1,  351,  364,  -1,  415, 845,  122.0,  21,  Nuc2084906,  1628,  0, 0, 0, , 0, 0, 0, 0, 0,
357,  1,  352,  365,  -1,  374, 870,  118.0,  21,  Nuc2087963,  2130,  0, 0, 0, , 0, 0, 0, 0, 0,
358,  1,  353,  366,  -1,  342, 493,  178.0,  23,  Nuc2088517,  1630,  0, 0, 0, , 0, 0, 0, 0, 0,
359,  1,  354,  367,  -1,  356, 438,  176.0,  23,  Nuc2088537,  2126,  0, 0, 0, , 0, 0, 0, 0, 0,
360,  1,  355,  368,  -1,  424, 690,  125.0,  23,  Nuc2088791,  1882,  0, 0, 0, , 0, 0, 0, 0, 0,
361,  1,  356,  369,  -1,  524, 769,  134.0,  23,  Nuc2088810,  2298,  0, 0, 0, , 0, 0, 0, 0, 0,
362,  1,  357,  370,  371,  272, 556,  142.0,  21,  Nuc2132783,  1306,  0, 0, 0, , 0, 0, 0, 0, 0,
363,  1,  358,  372,  -1,  373, 602,  146.0,  23,  Nuc2132816,  278,  0, 0, 0, , 0, 0, 0, 0, 0,
364,  1,  358,  373,  -1,  327, 574,  144.0,  21,  Nuc2132826,  1564,  0, 0, 0, , 0, 0, 0, 0, 0,
365,  1,  359,  374,  -1,  440, 487,  140.0,  23,  Nuc2132845,  280,  0, 0, 0, , 0, 0, 0, 0, 0,
366,  1,  359,  375,  -1,  383, 496,  141.0,  21,  Nuc2132852,  1660,  0, 0, 0, , 0, 0, 0, 0, 0,
367,  1,  360,  376,  -1,  361, 544,  142.0,  21,  Nuc2132873,  2635,  0, 0, 0, , 0, 0, 0, 0, 0,
368,  1,  361,  377,  -1,  285, 564,  156.0,  21,  Nuc2132892,  464,  0, 0, 0, , 0, 0, 0, 0, 0,
369,  1,  361,  378,  -1,  281, 510,  155.0,  21,  Nuc2134942,  1888,  0, 0, 0, , 0, 0, 0, 0, 0,
370,  1,  362,  379,  -1,  234, 484,  156.0,  21,  Nuc2134970,  1507,  0, 0, 0, , 0, 0, 0, 0, 0,
371,  1,  363,  380,  -1,  500, 655,  138.0,  21,  Nuc2134987,  1802,  0, 0, 0, , 0, 0, 0, 0, 0,
372,  1,  364,  381,  -1,  464, 642,  128.0,  23,  Nuc2160196,  1805,  0, 0, 0, , 0, 0, 0, 0, 0,
373,  1,  365,  382,  -1,  429, 426,  143.0,  21,  Nuc2160213,  1029,  0, 0, 0, , 0, 0, 0, 0, 0,
374,  1,  365,  383,  -1,  378, 438,  143.0,  21,  Nuc2160216,  472,  0, 0, 0, , 0, 0, 0, 0, 0,
375,  1,  366,  384,  385,  285, 416,  136.0,  21,  Nuc2160225,  232,  0, 0, 0, , 0, 0, 0, 0, 0,
376,  1,  366,  386,  -1,  327, 408,  141.0,  21,  Nuc2160241,  1421,  0, 0, 0, , 0, 0, 0, 0, 0,
377,  1,  367,  387,  -1,  328, 343,  145.0,  21,  Nuc2160608,  2602,  0, 0, 0, , 0, 0, 0, 0, 0,
378,  1,  368,  388,  389,  453, 395,  124.0,  23,  Nuc2161847,  2384,  0, 0, 0, , 0, 0, 0, 0, 0,
379,  1,  369,  390,  -1,  513, 367,  129.0,  23,  Nuc2161862,  1909,  0, 0, 0, , 0, 0, 0, 0, 0,
380,  1,  370,  391,  -1,  554, 490,  143.0,  23,  Nuc2161870,  2036,  0, 0, 0, , 0, 0, 0, 0, 0,
381,  1,  371,  392,  -1,  593, 451,  146.0,  21,  Nuc2161882,  2199,  0, 0, 0, , 0, 0, 0, 0, 0,
382,  1,  372,  393,  -1,  304, 175,  114.0,  21,  Nuc2161895,  690,  0, 0, 0, , 0, 0, 0, 0, 0,
383,  1,  373,  394,  -1,  300, 233,  134.0,  21,  Nuc2162696,  642,  0, 0, 0, , 0, 0, 0, 0, 0,
384,  1,  374,  395,  -1,  332, 209,  128.0,  21,  Nuc2162708,  1638,  0, 0, 0, , 0, 0, 0, 0, 0,
385,  1,  375,  396,  -1,  280, 497,  141.0,  21,  Nuc2162723,  990,  0, 0, 0, , 0, 0, 0, 0, 0,
386,  1,  376,  397,  -1,  268, 357,  126.0,  21,  Nuc2162913,  1491,  0, 0, 0, , 0, 0, 0, 0, 0,
387,  1,  377,  398,  399,  243, 278,  132.0,  21,  Nuc2163344,  1532,  0, 0, 0, , 0, 0, 0, 0, 0,
388,  1,  -1,  400,  401,  345, 701,  125.0,  23,  Nuc2163368,  588,  0, 0, 0, , 0, 0, 0, 0, 0,
389,  1,  -1,  402,  403,  280, 702,  129.0,  21,  Nuc2163384,  230,  0, 0, 0, , 0, 0, 0, 0, 0,
