1,  1,  1,  1,  -1,  546, 965,  84.0,  23,  Nuc66,  1614,  0, 0, 0, , 0, 0, 0, 0, 0,
2,  1,  2,  2,  -1,  495, 930,  93.0,  23,  Nuc5282,  2343,  0, 0, 0, , 0, 0, 0, 0, 0,
3,  1,  3,  3,  -1,  446, 953,  83.0,  21,  Nuc7235,  1720,  0, 0, 0, , 0, 0, 0, 0, 0,
4,  1,  4,  4,  -1,  451, 810,  113.0,  23,  Nuc9524,  892,  0, 0, 0, , 0, 0, 0, 0, 0,
5,  1,  5,  5,  -1,  429, 843,  109.0,  23,  Nuc24129,  1867,  0, 0, 0, , 0, 0, 0, 0, 0,
6,  1,  6,  6,  7,  471, 876,  103.0,  21,  Nuc24149,  1610,  0, 0, 0, , 0, 0, 0, 0, 0,
7,  1,  7,  8,  -1,  425, 909,  109.0,  21,  Nuc26086,  2703,  0, 0, 0, , 0, 0, 0, 0, 0,
8,  1,  8,  9,  -1,  478, 925,  106.0,  21,  Nuc28679,  2285,  0, 0, 0, , 0, 0, 0, 0, 0,
9,  1,  9,  10,  -1,  773, 889,  94.0,  21,  Nuc29673,  2374,  0, 0, 0, , 0, 0, 0, 0, 0,
10,  1,  10,  11,  -1,  719, 903,  100.0,  23,  Nuc34359,  2296,  0, 0, 0, , 0, 0, 0, 0, 0,
11,  1,  11,  12,  -1,  672, 896,  112.0,  23,  Nuc37584,  2380,  0, 0, 0, , 0, 0, 0, 0, 0,
12,  1,  12,  13,  -1,  649, 846,  112.0,  23,  Nuc40147,  2756,  0, 0, 0, , 0, 0, 0, 0, 0,
13,  1,  13,  14,  -1,  622, 904,  103.0,  23,  Nuc47888,  2065,  0, 0, 0, , 0, 0, 0, 0, 0,
14,  1,  14,  15,  -1,  587, 935,  98.0,  23,  Nuc49706,  2006,  0, 0, 0, , 0, 0, 0, 0, 0,
15,  1,  15,  16,  -1,  695, 930,  87.0,  23,  Nuc51559,  2029,  0, 0, 0, , 0, 0, 0, 0, 0,
16,  1,  16,  17,  -1,  628, 956,  83.0,  23,  Nuc61178,  1595,  0, 0, 0, , 0, 0, 0, 0, 0,
17,  1,  17,  18,  -1,  604, 830,  124.0,  23,  Nuc63985,  3521,  0, 0, 0, , 0, 0, 0, 0, 0,
18,  1,  18,  19,  -1,  624, 864,  131.0,  23,  Nuc64005,  3293,  0, 0, 0, , 0, 0, 0, 0, 0,
19,  1,  19,  20,  -1,  549, 812,  131.0,  21,  Nuc65777,  2152,  0, 0, 0, , 0, 0, 0, 0, 0,
20,  1,  20,  21,  -1,  522, 918,  104.0,  23,  Nuc69346,  3322,  0, 0, 0, , 0, 0, 0, 0, 0,
21,  1,  21,  22,  -1,  531, 874,  103.0,  23,  Nuc70672,  3511,  0, 0, 0, , 0, 0, 0, 0, 0,
22,  1,  22,  23,  -1,  560, 819,  113.0,  25,  Nuc73729,  2450,  0, 0, 0, , 0, 0, 0, 0, 0,
23,  1,  23,  24,  -1,  565, 871,  116.0,  21,  Nuc76198,  3593,  0, 0, 0, , 0, 0, 0, 0, 0,
24,  1,  24,  25,  -1,  594, 914,  114.0,  23,  Nuc88082,  2383,  0, 0, 0, , 0, 0, 0, 0, 0,
25,  1,  25,  26,  -1,  502, 781,  117.0,  23,  Nuc90597,  2217,  0, 0, 0, , 0, 0, 0, 0, 0,
26,  1,  26,  27,  -1,  400, 771,  136.0,  21,  Nuc102444,  1526,  0, 0, 0, , 0, 0, 0, 0, 0,
27,  1,  27,  28,  -1,  432, 778,  125.0,  21,  Nuc102452,  1158,  0, 0, 0, , 0, 0, 0, 0, 0,
28,  1,  28,  29,  -1,  479, 820,  127.0,  23,  Nuc102462,  2815,  0, 0, 0, , 0, 0, 0, 0, 0,
29,  1,  29,  30,  -1,  499, 857,  117.0,  23,  Nuc144319,  3128,  0, 0, 0, , 0, 0, 0, 0, 0,
30,  1,  30,  31,  -1,  536, 899,  122.0,  23,  Nuc146052,  2932,  0, 0, 0, , 0, 0, 0, 0, 0,
31,  1,  31,  32,  -1,  451, 894,  119.0,  21,  Nuc146852,  4125,  0, 0, 0, , 0, 0, 0, 0, 0,
32,  1,  32,  33,  -1,  479, 872,  132.0,  21,  Nuc148363,  3454,  0, 0, 0, , 0, 0, 0, 0, 0,
33,  1,  33,  34,  -1,  304, 287,  150.0,  21,  Nuc152823,  2628,  0, 0, 0, , 0, 0, 0, 0, 0,
34,  1,  34,  35,  -1,  645, 782,  124.0,  23,  Nuc152912,  3926,  0, 0, 0, , 0, 0, 0, 0, 0,
35,  1,  35,  36,  -1,  691, 737,  130.0,  23,  Nuc170122,  4117,  0, 0, 0, , 0, 0, 0, 0, 0,
36,  1,  36,  37,  -1,  679, 854,  123.0,  25,  Nuc173385,  3552,  0, 0, 0, , 0, 0, 0, 0, 0,
37,  1,  37,  38,  -1,  720, 816,  129.0,  23,  Nuc182359,  4005,  0, 0, 0, , 0, 0, 0, 0, 0,
38,  1,  38,  39,  -1,  708, 769,  144.0,  23,  Nuc190567,  4169,  0, 0, 0, , 0, 0, 0, 0, 0,
39,  1,  39,  40,  -1,  650, 743,  149.0,  23,  Nuc200246,  4385,  0, 0, 0, , 0, 0, 0, 0, 0,
40,  1,  40,  41,  -1,  668, 826,  139.0,  23,  Nuc205700,  3487,  0, 0, 0, , 0, 0, 0, 0, 0,
41,  1,  41,  42,  -1,  605, 801,  141.0,  23,  Nuc208533,  4139,  0, 0, 0, , 0, 0, 0, 0, 0,
42,  1,  42,  43,  -1,  812, 748,  118.0,  23,  Nuc209765,  2853,  0, 0, 0, , 0, 0, 0, 0, 0,
43,  1,  43,  44,  -1,  855, 774,  113.0,  23,  Nuc214932,  2845,  0, 0, 0, , 0, 0, 0, 0, 0,
44,  1,  44,  45,  -1,  875, 793,  94.0,  23,  Nuc215661,  2355,  0, 0, 0, , 0, 0, 0, 0, 0,
45,  1,  45,  46,  -1,  835, 837,  97.0,  23,  Nuc220664,  2451,  0, 0, 0, , 0, 0, 0, 0, 0,
46,  1,  46,  47,  -1,  782, 806,  124.0,  23,  Nuc230380,  3594,  0, 0, 0, , 0, 0, 0, 0, 0,
47,  1,  47,  48,  -1,  736, 775,  119.0,  23,  Nuc230677,  3296,  0, 0, 0, , 0, 0, 0, 0, 0,
48,  1,  48,  49,  -1,  732, 857,  114.0,  23,  Nuc248275,  3577,  0, 0, 0, , 0, 0, 0, 0, 0,
49,  1,  49,  50,  -1,  788, 834,  111.0,  23,  Nuc249176,  3234,  0, 0, 0, , 0, 0, 0, 0, 0,
50,  1,  50,  51,  -1,  772, 191,  106.0,  21,  Nuc251886,  2368,  0, 0, 0, , 0, 0, 0, 0, 0,
51,  1,  51,  52,  -1,  829, 224,  98.0,  23,  Nuc255961,  2396,  0, 0, 0, , 0, 0, 0, 0, 0,
52,  1,  52,  53,  -1,  632, 216,  112.0,  21,  Nuc260715,  1672,  0, 0, 0, , 0, 0, 0, 0, 0,
53,  1,  53,  54,  -1,  707, 165,  105.0,  23,  Nuc261258,  2233,  0, 0, 0, , 0, 0, 0, 0, 0,
54,  1,  54,  55,  -1,  681, 215,  135.0,  23,  Nuc264759,  2925,  0, 0, 0, , 0, 0, 0, 0, 0,
55,  1,  55,  56,  -1,  629, 238,  127.0,  23,  Nuc268199,  3592,  0, 0, 0, , 0, 0, 0, 0, 0,
56,  1,  56,  57,  -1,  625, 178,  124.0,  23,  Nuc271240,  3262,  0, 0, 0, , 0, 0, 0, 0, 0,
57,  1,  57,  58,  -1,  709, 195,  122.0,  21,  Nuc272783,  2206,  0, 0, 0, , 0, 0, 0, 0, 0,
58,  1,  58,  59,  -1,  579, 286,  130.0,  21,  Nuc274987,  2597,  0, 0, 0, , 0, 0, 0, 0, 0,
59,  1,  59,  60,  -1,  536, 242,  135.0,  21,  Nuc280422,  2567,  0, 0, 0, , 0, 0, 0, 0, 0,
60,  1,  60,  61,  -1,  595, 198,  139.0,  23,  Nuc283133,  3200,  0, 0, 0, , 0, 0, 0, 0, 0,
61,  1,  61,  62,  -1,  613, 256,  144.0,  21,  Nuc285941,  3606,  0, 0, 0, , 0, 0, 0, 0, 0,
62,  1,  62,  63,  -1,  544, 214,  115.0,  21,  Nuc293759,  2545,  0, 0, 0, , 0, 0, 0, 0, 0,
63,  1,  63,  64,  -1,  549, 172,  128.0,  21,  Nuc293845,  2331,  0, 0, 0, , 0, 0, 0, 0, 0,
64,  1,  64,  65,  -1,  617, 140,  111.0,  23,  Nuc306835,  2031,  0, 0, 0, , 0, 0, 0, 0, 0,
65,  1,  65,  66,  -1,  579, 127,  109.0,  21,  Nuc310953,  2415,  0, 0, 0, , 0, 0, 0, 0, 0,
66,  1,  66,  67,  -1,  851, 289,  112.0,  23,  Nuc314325,  2481,  0, 0, 0, , 0, 0, 0, 0, 0,
67,  1,  67,  68,  -1,  906, 312,  101.0,  21,  Nuc317264,  2751,  0, 0, 0, , 0, 0, 0, 0, 0,
68,  1,  68,  69,  -1,  940, 445,  103.0,  23,  Nuc326411,  2587,  0, 0, 0, , 0, 0, 0, 0, 0,
69,  1,  69,  70,  -1,  937, 380,  108.0,  21,  Nuc330209,  2855,  0, 0, 0, , 0, 0, 0, 0, 0,
70,  1,  70,  71,  -1,  807, 266,  117.0,  23,  Nuc343677,  2889,  0, 0, 0, , 0, 0, 0, 0, 0,
71,  1,  71,  72,  -1,  775, 316,  128.0,  21,  Nuc348456,  3072,  0, 0, 0, , 0, 0, 0, 0, 0,
72,  1,  72,  73,  -1,  859, 340,  127.0,  23,  Nuc359688,  3565,  0, 0, 0, , 0, 0, 0, 0, 0,
73,  1,  73,  74,  -1,  814, 362,  122.0,  23,  Nuc361726,  3490,  0, 0, 0, , 0, 0, 0, 0, 0,
74,  1,  74,  75,  -1,  799, 367,  141.0,  23,  Nuc370609,  4156,  0, 0, 0, , 0, 0, 0, 0, 0,
75,  1,  75,  76,  -1,  743, 326,  150.0,  23,  Nuc382947,  3961,  0, 0, 0, , 0, 0, 0, 0, 0,
76,  1,  76,  77,  -1,  723, 364,  143.0,  23,  Nuc386087,  3809,  0, 0, 0, , 0, 0, 0, 0, 0,
77,  1,  77,  78,  -1,  730, 349,  126.0,  23,  Nuc391875,  3214,  0, 0, 0, , 0, 0, 0, 0, 0,
78,  1,  78,  79,  -1,  675, 284,  138.0,  23,  Nuc406976,  3010,  0, 0, 0, , 0, 0, 0, 0, 0,
79,  1,  79,  80,  -1,  702, 262,  122.0,  23,  Nuc424203,  3733,  0, 0, 0, , 0, 0, 0, 0, 0,
80,  1,  80,  81,  -1,  752, 275,  138.0,  23,  Nuc441246,  3538,  0, 0, 0, , 0, 0, 0, 0, 0,
81,  1,  81,  82,  -1,  765, 236,  120.0,  23,  Nuc442513,  3113,  0, 0, 0, , 0, 0, 0, 0, 0,
82,  1,  82,  83,  -1,  398, 134,  109.0,  21,  Nuc445517,  1945,  0, 0, 0, , 0, 0, 0, 0, 0,
83,  1,  83,  84,  85,  380, 216,  123.0,  21,  Nuc450558,  869,  0, 0, 0, , 0, 0, 0, 0, 0,
84,  1,  83,  86,  -1,  407, 166,  124.0,  21,  Nuc450578,  2745,  0, 0, 0, , 0, 0, 0, 0, 0,
85,  1,  84,  87,  -1,  368, 210,  137.0,  21,  Nuc451860,  2734,  0, 0, 0, , 0, 0, 0, 0, 0,
86,  1,  85,  88,  -1,  422, 316,  128.0,  23,  Nuc452170,  1677,  0, 0, 0, , 0, 0, 0, 0, 0,
87,  1,  86,  89,  90,  327, 271,  123.0,  21,  Nuc452184,  483,  0, 0, 0, , 0, 0, 0, 0, 0,
88,  1,  87,  91,  -1,  422, 316,  121.0,  23,  Nuc452203,  313,  0, 0, 0, , 0, 0, 0, 0, 0,
89,  1,  88,  92,  -1,  390, 278,  124.0,  21,  Nuc452206,  1671,  0, 0, 0, , 0, 0, 0, 0, 0,
90,  1,  89,  93,  -1,  415, 262,  138.0,  23,  Nuc452223,  3082,  0, 0, 0, , 0, 0, 0, 0, 0,
91,  1,  90,  94,  -1,  464, 125,  109.0,  23,  Nuc454680,  2499,  0, 0, 0, , 0, 0, 0, 0, 0,
92,  1,  91,  95,  -1,  514, 130,  113.0,  21,  Nuc454941,  2124,  0, 0, 0, , 0, 0, 0, 0, 0,
93,  1,  92,  96,  -1,  476, 164,  124.0,  21,  Nuc457656,  2901,  0, 0, 0, , 0, 0, 0, 0, 0,
94,  1,  93,  97,  -1,  476, 272,  142.0,  23,  Nuc460156,  2375,  0, 0, 0, , 0, 0, 0, 0, 0,
95,  1,  94,  98,  -1,  444, 223,  128.0,  21,  Nuc462230,  1413,  0, 0, 0, , 0, 0, 0, 0, 0,
96,  1,  95,  99,  -1,  484, 263,  127.0,  23,  Nuc462350,  1921,  0, 0, 0, , 0, 0, 0, 0, 0,
97,  1,  96,  100,  -1,  455, 185,  136.0,  21,  Nuc462386,  2800,  0, 0, 0, , 0, 0, 0, 0, 0,
98,  1,  97,  101,  -1,  510, 187,  139.0,  21,  Nuc465727,  2442,  0, 0, 0, , 0, 0, 0, 0, 0,
99,  1,  98,  102,  -1,  909, 632,  127.0,  23,  Nuc466298,  3359,  0, 0, 0, , 0, 0, 0, 0, 0,
100,  1,  99,  103,  -1,  876, 631,  120.0,  23,  Nuc466607,  3783,  0, 0, 0, , 0, 0, 0, 0, 0,
101,  1,  100,  104,  -1,  941, 674,  104.0,  23,  Nuc478791,  3135,  0, 0, 0, , 0, 0, 0, 0, 0,
102,  1,  101,  105,  -1,  959, 606,  108.0,  21,  Nuc487384,  3092,  0, 0, 0, , 0, 0, 0, 0, 0,
103,  1,  102,  106,  -1,  856, 711,  127.0,  23,  Nuc497664,  3840,  0, 0, 0, , 0, 0, 0, 0, 0,
104,  1,  103,  107,  -1,  805, 676,  125.0,  23,  Nuc500823,  3459,  0, 0, 0, , 0, 0, 0, 0, 0,
105,  1,  104,  108,  -1,  887, 700,  117.0,  23,  Nuc541243,  3003,  0, 0, 0, , 0, 0, 0, 0, 0,
106,  1,  105,  109,  -1,  910, 739,  104.0,  23,  Nuc543593,  3063,  0, 0, 0, , 0, 0, 0, 0, 0,
107,  1,  106,  110,  -1,  817, 680,  142.0,  23,  Nuc546724,  4259,  0, 0, 0, , 0, 0, 0, 0, 0,
108,  1,  107,  111,  -1,  780, 763,  133.0,  23,  Nuc574122,  4468,  0, 0, 0, , 0, 0, 0, 0, 0,
109,  1,  108,  112,  -1,  743, 700,  129.0,  23,  Nuc578599,  3923,  0, 0, 0, , 0, 0, 0, 0, 0,
110,  1,  109,  113,  -1,  760, 637,  133.0,  23,  Nuc590738,  4042,  0, 0, 0, , 0, 0, 0, 0, 0,
111,  1,  110,  114,  -1,  703, 675,  143.0,  25,  Nuc606138,  3372,  0, 0, 0, , 0, 0, 0, 0, 0,
112,  1,  111,  115,  -1,  659, 671,  156.0,  23,  Nuc633996,  5447,  0, 0, 0, , 0, 0, 0, 0, 0,
113,  1,  112,  116,  -1,  763, 726,  146.0,  23,  Nuc668717,  4869,  0, 0, 0, , 0, 0, 0, 0, 0,
114,  1,  113,  117,  -1,  712, 707,  157.0,  23,  Nuc673186,  4255,  0, 0, 0, , 0, 0, 0, 0, 0,
115,  1,  114,  118,  -1,  338, 765,  151.0,  21,  Nuc682059,  2302,  0, 0, 0, , 0, 0, 0, 0, 0,
116,  1,  115,  119,  -1,  382, 722,  150.0,  23,  Nuc682070,  1620,  0, 0, 0, , 0, 0, 0, 0, 0,
117,  1,  116,  120,  -1,  415, 782,  148.0,  21,  Nuc685635,  2201,  0, 0, 0, , 0, 0, 0, 0, 0,
118,  1,  117,  121,  -1,  378, 822,  139.0,  21,  Nuc685659,  2441,  0, 0, 0, , 0, 0, 0, 0, 0,
119,  1,  118,  122,  -1,  427, 823,  137.0,  21,  Nuc686919,  1836,  0, 0, 0, , 0, 0, 0, 0, 0,
120,  1,  119,  123,  -1,  423, 865,  133.0,  21,  Nuc694112,  2835,  0, 0, 0, , 0, 0, 0, 0, 0,
121,  1,  120,  124,  -1,  365, 773,  123.0,  21,  Nuc694429,  1298,  0, 0, 0, , 0, 0, 0, 0, 0,
122,  1,  121,  125,  -1,  333, 797,  129.0,  21,  Nuc694439,  2302,  0, 0, 0, , 0, 0, 0, 0, 0,
123,  1,  122,  126,  -1,  343, 836,  125.0,  21,  Nuc695087,  2224,  0, 0, 0, , 0, 0, 0, 0, 0,
124,  1,  123,  127,  -1,  893, 385,  120.0,  23,  Nuc701812,  3720,  0, 0, 0, , 0, 0, 0, 0, 0,
125,  1,  124,  128,  -1,  904, 443,  124.0,  23,  Nuc726378,  3427,  0, 0, 0, , 0, 0, 0, 0, 0,
126,  1,  125,  129,  -1,  896, 496,  123.0,  23,  Nuc727166,  3986,  0, 0, 0, , 0, 0, 0, 0, 0,
127,  1,  126,  130,  -1,  951, 482,  120.0,  23,  Nuc733894,  3548,  0, 0, 0, , 0, 0, 0, 0, 0,
128,  1,  127,  131,  -1,  837, 415,  126.0,  23,  Nuc736774,  3980,  0, 0, 0, , 0, 0, 0, 0, 0,
129,  1,  128,  132,  -1,  863, 415,  141.0,  23,  Nuc740819,  3977,  0, 0, 0, , 0, 0, 0, 0, 0,
130,  1,  129,  133,  -1,  840, 476,  136.0,  23,  Nuc744075,  2845,  0, 0, 0, , 0, 0, 0, 0, 0,
131,  1,  130,  134,  -1,  868, 510,  146.0,  23,  Nuc755982,  4911,  0, 0, 0, , 0, 0, 0, 0, 0,
132,  1,  131,  135,  -1,  765, 415,  133.0,  23,  Nuc765557,  4660,  0, 0, 0, , 0, 0, 0, 0, 0,
133,  1,  132,  136,  -1,  787, 470,  129.0,  23,  Nuc767134,  3543,  0, 0, 0, , 0, 0, 0, 0, 0,
134,  1,  133,  137,  -1,  717, 510,  148.0,  23,  Nuc777274,  2851,  0, 0, 0, , 0, 0, 0, 0, 0,
135,  1,  134,  138,  -1,  778, 528,  141.0,  23,  Nuc781776,  3502,  0, 0, 0, , 0, 0, 0, 0, 0,
136,  1,  135,  139,  -1,  782, 489,  158.0,  23,  Nuc781829,  4661,  0, 0, 0, , 0, 0, 0, 0, 0,
137,  1,  136,  140,  -1,  818, 443,  151.0,  23,  Nuc786037,  5222,  0, 0, 0, , 0, 0, 0, 0, 0,
138,  1,  137,  141,  -1,  754, 413,  157.0,  23,  Nuc787824,  4699,  0, 0, 0, , 0, 0, 0, 0, 0,
139,  1,  138,  142,  -1,  707, 442,  156.0,  23,  Nuc795086,  4746,  0, 0, 0, , 0, 0, 0, 0, 0,
140,  1,  139,  143,  -1,  811, 565,  135.0,  23,  Nuc799528,  5203,  0, 0, 0, , 0, 0, 0, 0, 0,
141,  1,  140,  144,  -1,  784, 606,  146.0,  21,  Nuc842573,  4722,  0, 0, 0, , 0, 0, 0, 0, 0,
142,  1,  141,  145,  -1,  860, 634,  139.0,  23,  Nuc846757,  4175,  0, 0, 0, , 0, 0, 0, 0, 0,
143,  1,  142,  146,  -1,  879, 562,  140.0,  23,  Nuc851358,  4589,  0, 0, 0, , 0, 0, 0, 0, 0,
144,  1,  143,  147,  -1,  840, 590,  127.0,  23,  Nuc855292,  3333,  0, 0, 0, , 0, 0, 0, 0, 0,
145,  1,  144,  148,  -1,  848, 521,  124.0,  23,  Nuc886397,  3710,  0, 0, 0, , 0, 0, 0, 0, 0,
146,  1,  145,  149,  -1,  910, 565,  119.0,  23,  Nuc895739,  3737,  0, 0, 0, , 0, 0, 0, 0, 0,
147,  1,  146,  150,  -1,  928, 564,  129.0,  23,  Nuc902814,  4167,  0, 0, 0, , 0, 0, 0, 0, 0,
148,  1,  147,  151,  -1,  971, 544,  111.0,  21,  Nuc906522,  3020,  0, 0, 0, , 0, 0, 0, 0, 0,
149,  1,  148,  152,  -1,  948, 505,  108.0,  23,  Nuc907622,  3190,  0, 0, 0, , 0, 0, 0, 0, 0,
150,  1,  149,  153,  -1,  743, 571,  131.0,  23,  Nuc911903,  3286,  0, 0, 0, , 0, 0, 0, 0, 0,
151,  1,  150,  154,  -1,  713, 586,  142.0,  23,  Nuc938594,  3512,  0, 0, 0, , 0, 0, 0, 0, 0,
152,  1,  151,  155,  -1,  766, 653,  157.0,  23,  Nuc953002,  5266,  0, 0, 0, , 0, 0, 0, 0, 0,
153,  1,  152,  156,  -1,  746, 594,  168.0,  21,  Nuc954597,  3802,  0, 0, 0, , 0, 0, 0, 0, 0,
154,  1,  153,  157,  -1,  727, 606,  156.0,  23,  Nuc956966,  4776,  0, 0, 0, , 0, 0, 0, 0, 0,
155,  1,  154,  158,  -1,  828, 599,  153.0,  23,  Nuc966766,  4861,  0, 0, 0, , 0, 0, 0, 0, 0,
156,  1,  155,  159,  -1,  797, 546,  159.0,  23,  Nuc967915,  5823,  0, 0, 0, , 0, 0, 0, 0, 0,
157,  1,  156,  160,  -1,  521, 573,  145.0,  23,  Nuc1024121,  2920,  0, 0, 0, , 0, 0, 0, 0, 0,
158,  1,  157,  161,  -1,  475, 593,  147.0,  23,  Nuc1056917,  2561,  0, 0, 0, , 0, 0, 0, 0, 0,
159,  1,  158,  162,  163,  286, 767,  120.0,  21,  Nuc1057052,  1672,  0, 0, 0, , 0, 0, 0, 0, 0,
160,  1,  159,  164,  -1,  307, 762,  132.0,  21,  Nuc1057284,  1568,  0, 0, 0, , 0, 0, 0, 0, 0,
161,  1,  160,  165,  -1,  484, 717,  124.0,  23,  Nuc1057342,  2710,  0, 0, 0, , 0, 0, 0, 0, 0,
162,  1,  161,  166,  -1,  368, 739,  134.0,  23,  Nuc1057653,  2856,  0, 0, 0, , 0, 0, 0, 0, 0,
163,  1,  163,  167,  -1,  454, 750,  140.0,  21,  Nuc1057675,  3330,  0, 0, 0, , 0, 0, 0, 0, 0,
164,  1,  164,  168,  -1,  433, 690,  145.0,  21,  Nuc1057740,  4441,  0, 0, 0, , 0, 0, 0, 0, 0,
165,  1,  165,  169,  -1,  476, 711,  150.0,  23,  Nuc1057758,  2714,  0, 0, 0, , 0, 0, 0, 0, 0,
166,  1,  166,  170,  -1,  533, 598,  134.0,  23,  Nuc1057910,  811,  0, 0, 0, , 0, 0, 0, 0, 0,
167,  1,  167,  171,  -1,  578, 637,  129.0,  23,  Nuc1058190,  4065,  0, 0, 0, , 0, 0, 0, 0, 0,
168,  1,  168,  172,  -1,  557, 653,  147.0,  21,  Nuc1062366,  2624,  0, 0, 0, , 0, 0, 0, 0, 0,
169,  1,  169,  173,  -1,  536, 695,  139.0,  23,  Nuc1091587,  3826,  0, 0, 0, , 0, 0, 0, 0, 0,
170,  1,  170,  174,  -1,  539, 694,  132.0,  23,  Nuc1092030,  1713,  0, 0, 0, , 0, 0, 0, 0, 0,
171,  1,  170,  175,  -1,  544, 697,  124.0,  23,  Nuc1092032,  3235,  0, 0, 0, , 0, 0, 0, 0, 0,
172,  1,  171,  176,  -1,  620, 637,  148.0,  21,  Nuc1102214,  1579,  0, 0, 0, , 0, 0, 0, 0, 0,
173,  1,  171,  177,  -1,  615, 693,  142.0,  23,  Nuc1124418,  4818,  0, 0, 0, , 0, 0, 0, 0, 0,
174,  1,  172,  178,  -1,  632, 691,  128.0,  23,  Nuc1129018,  3799,  0, 0, 0, , 0, 0, 0, 0, 0,
175,  1,  173,  179,  -1,  586, 751,  122.0,  23,  Nuc1145047,  4604,  0, 0, 0, , 0, 0, 0, 0, 0,
176,  1,  174,  180,  -1,  604, 750,  134.0,  23,  Nuc1145220,  3323,  0, 0, 0, , 0, 0, 0, 0, 0,
177,  1,  175,  181,  -1,  447, 573,  138.0,  23,  Nuc1208201,  1454,  0, 0, 0, , 0, 0, 0, 0, 0,
178,  1,  175,  -1,  -1,  402, 553,  134.0,  23,  Nuc1208660,  839,  0, 0, 0, , 0, 0, 0, 0, 0,
179,  1,  176,  182,  -1,  451, 524,  129.0,  23,  Nuc1208662,  2174,  0, 0, 0, , 0, 0, 0, 0, 0,
180,  1,  177,  183,  -1,  551, 540,  126.0,  25,  Nuc1208677,  370,  0, 0, 0, , 0, 0, 0, 0, 0,
181,  1,  177,  184,  -1,  506, 510,  130.0,  23,  Nuc1208679,  2300,  0, 0, 0, , 0, 0, 0, 0, 0,
182,  1,  178,  185,  -1,  561, 735,  149.0,  23,  Nuc1210618,  2788,  0, 0, 0, , 0, 0, 0, 0, 0,
183,  1,  179,  186,  -1,  557, 811,  150.0,  23,  Nuc1231747,  3371,  0, 0, 0, , 0, 0, 0, 0, 0,
184,  1,  180,  187,  -1,  543, 862,  136.0,  23,  Nuc1234866,  3494,  0, 0, 0, , 0, 0, 0, 0, 0,
185,  1,  181,  188,  -1,  462, 822,  150.0,  23,  Nuc1247456,  3542,  0, 0, 0, , 0, 0, 0, 0, 0,
186,  1,  182,  189,  -1,  479, 805,  141.0,  23,  Nuc1248921,  2431,  0, 0, 0, , 0, 0, 0, 0, 0,
187,  1,  183,  190,  -1,  501, 757,  155.0,  23,  Nuc1262375,  3248,  0, 0, 0, , 0, 0, 0, 0, 0,
188,  1,  184,  191,  -1,  468, 767,  163.0,  23,  Nuc1270020,  3830,  0, 0, 0, , 0, 0, 0, 0, 0,
189,  1,  185,  192,  -1,  667, 573,  133.0,  23,  Nuc1272769,  3479,  0, 0, 0, , 0, 0, 0, 0, 0,
190,  1,  186,  193,  -1,  663, 634,  133.0,  23,  Nuc1330327,  2085,  0, 0, 0, , 0, 0, 0, 0, 0,
191,  1,  187,  194,  -1,  652, 596,  153.0,  21,  Nuc1335659,  4102,  0, 0, 0, , 0, 0, 0, 0, 0,
192,  1,  188,  195,  -1,  593, 586,  140.0,  23,  Nuc1336677,  3009,  0, 0, 0, , 0, 0, 0, 0, 0,
193,  1,  189,  196,  -1,  551, 543,  134.0,  23,  Nuc1344446,  3888,  0, 0, 0, , 0, 0, 0, 0, 0,
194,  1,  190,  197,  -1,  609, 524,  137.0,  23,  Nuc1390592,  1568,  0, 0, 0, , 0, 0, 0, 0, 0,
195,  1,  191,  198,  -1,  671, 494,  132.0,  23,  Nuc1418347,  4655,  0, 0, 0, , 0, 0, 0, 0, 0,
196,  1,  192,  199,  -1,  478, 392,  146.0,  23,  Nuc1418788,  3198,  0, 0, 0, , 0, 0, 0, 0, 0,
197,  1,  193,  200,  -1,  392, 612,  158.0,  21,  Nuc1418868,  836,  0, 0, 0, , 0, 0, 0, 0, 0,
198,  1,  193,  201,  -1,  413, 569,  155.0,  23,  Nuc1419054,  2576,  0, 0, 0, , 0, 0, 0, 0, 0,
199,  1,  194,  202,  -1,  410, 519,  154.0,  23,  Nuc1419067,  3406,  0, 0, 0, , 0, 0, 0, 0, 0,
200,  1,  195,  203,  -1,  423, 526,  179.0,  23,  Nuc1419099,  3753,  0, 0, 0, , 0, 0, 0, 0, 0,
201,  1,  196,  204,  -1,  432, 555,  168.0,  23,  Nuc1419545,  2928,  0, 0, 0, , 0, 0, 0, 0, 0,
202,  1,  197,  205,  -1,  504, 441,  133.0,  23,  Nuc1426680,  3189,  0, 0, 0, , 0, 0, 0, 0, 0,
203,  1,  197,  206,  -1,  504, 440,  127.0,  23,  Nuc1426685,  3229,  0, 0, 0, , 0, 0, 0, 0, 0,
204,  1,  198,  207,  -1,  457, 464,  128.0,  25,  Nuc1426693,  2478,  0, 0, 0, , 0, 0, 0, 0, 0,
205,  1,  199,  208,  -1,  621, 459,  130.0,  23,  Nuc1431514,  3013,  0, 0, 0, , 0, 0, 0, 0, 0,
206,  1,  200,  209,  -1,  554, 462,  130.0,  23,  Nuc1453052,  3525,  0, 0, 0, , 0, 0, 0, 0, 0,
207,  1,  201,  210,  -1,  456, 501,  160.0,  21,  Nuc1468263,  2113,  0, 0, 0, , 0, 0, 0, 0, 0,
208,  1,  202,  211,  -1,  466, 513,  152.0,  21,  Nuc1468872,  3210,  0, 0, 0, , 0, 0, 0, 0, 0,
209,  1,  203,  212,  213,  495, 536,  145.0,  23,  Nuc1476757,  3457,  0, 0, 0, , 0, 0, 0, 0, 0,
210,  1,  204,  214,  -1,  472, 453,  150.0,  21,  Nuc1476774,  1157,  0, 0, 0, , 0, 0, 0, 0, 0,
211,  1,  205,  215,  -1,  513, 476,  141.0,  21,  Nuc1483137,  2097,  0, 0, 0, , 0, 0, 0, 0, 0,
212,  1,  206,  216,  -1,  373, 374,  166.0,  23,  Nuc1483233,  2272,  0, 0, 0, , 0, 0, 0, 0, 0,
213,  1,  207,  217,  -1,  332, 365,  170.0,  23,  Nuc1492369,  3360,  0, 0, 0, , 0, 0, 0, 0, 0,
214,  1,  208,  218,  -1,  307, 472,  166.0,  21,  Nuc1492476,  2137,  0, 0, 0, , 0, 0, 0, 0, 0,
215,  1,  209,  219,  -1,  285, 435,  170.0,  21,  Nuc1492487,  1475,  0, 0, 0, , 0, 0, 0, 0, 0,
216,  1,  210,  220,  -1,  411, 380,  176.0,  23,  Nuc1493011,  5587,  0, 0, 0, , 0, 0, 0, 0, 0,
217,  1,  211,  221,  -1,  413, 471,  157.0,  23,  Nuc1493161,  2388,  0, 0, 0, , 0, 0, 0, 0, 0,
218,  1,  212,  222,  -1,  326, 404,  159.0,  23,  Nuc1493181,  1436,  0, 0, 0, , 0, 0, 0, 0, 0,
219,  1,  213,  223,  -1,  385, 424,  159.0,  21,  Nuc1493191,  3170,  0, 0, 0, , 0, 0, 0, 0, 0,
220,  1,  214,  224,  -1,  462, 294,  165.0,  23,  Nuc1493233,  2853,  0, 0, 0, , 0, 0, 0, 0, 0,
221,  1,  215,  225,  -1,  289, 355,  157.0,  21,  Nuc1493604,  1975,  0, 0, 0, , 0, 0, 0, 0, 0,
222,  1,  216,  226,  -1,  339, 330,  160.0,  21,  Nuc1493614,  2271,  0, 0, 0, , 0, 0, 0, 0, 0,
223,  1,  217,  227,  -1,  397, 317,  165.0,  23,  Nuc1493773,  3869,  0, 0, 0, , 0, 0, 0, 0, 0,
224,  1,  218,  228,  -1,  437, 416,  160.0,  23,  Nuc1494675,  2398,  0, 0, 0, , 0, 0, 0, 0, 0,
225,  1,  218,  229,  -1,  421, 370,  156.0,  21,  Nuc1494677,  2165,  0, 0, 0, , 0, 0, 0, 0, 0,
226,  1,  219,  230,  -1,  338, 272,  137.0,  21,  Nuc1494729,  2161,  0, 0, 0, , 0, 0, 0, 0, 0,
227,  1,  220,  231,  -1,  360, 261,  153.0,  21,  Nuc1496172,  3181,  0, 0, 0, , 0, 0, 0, 0, 0,
228,  1,  221,  232,  -1,  389, 319,  144.0,  21,  Nuc1496185,  3150,  0, 0, 0, , 0, 0, 0, 0, 0,
229,  1,  222,  233,  -1,  430, 262,  156.0,  21,  Nuc1496375,  2786,  0, 0, 0, , 0, 0, 0, 0, 0,
230,  1,  223,  234,  -1,  417, 214,  146.0,  23,  Nuc1497061,  3489,  0, 0, 0, , 0, 0, 0, 0, 0,
231,  1,  224,  235,  -1,  665, 299,  152.0,  23,  Nuc1500735,  3709,  0, 0, 0, , 0, 0, 0, 0, 0,
232,  1,  225,  236,  -1,  632, 348,  164.0,  23,  Nuc1503366,  4090,  0, 0, 0, , 0, 0, 0, 0, 0,
233,  1,  226,  237,  -1,  616, 400,  154.0,  23,  Nuc1508346,  2750,  0, 0, 0, , 0, 0, 0, 0, 0,
234,  1,  227,  238,  -1,  664, 370,  139.0,  23,  Nuc1510131,  3648,  0, 0, 0, , 0, 0, 0, 0, 0,
235,  1,  228,  239,  -1,  604, 397,  132.0,  23,  Nuc1514878,  3183,  0, 0, 0, , 0, 0, 0, 0, 0,
236,  1,  229,  240,  -1,  544, 401,  140.0,  23,  Nuc1514899,  2531,  0, 0, 0, , 0, 0, 0, 0, 0,
237,  1,  230,  241,  -1,  651, 328,  126.0,  23,  Nuc1545771,  2693,  0, 0, 0, , 0, 0, 0, 0, 0,
238,  1,  231,  242,  -1,  595, 332,  145.0,  23,  Nuc1551435,  3312,  0, 0, 0, , 0, 0, 0, 0, 0,
239,  1,  232,  243,  -1,  470, 322,  152.0,  23,  Nuc1553371,  2704,  0, 0, 0, , 0, 0, 0, 0, 0,
240,  1,  233,  244,  -1,  536, 321,  140.0,  23,  Nuc1560738,  1811,  0, 0, 0, , 0, 0, 0, 0, 0,
241,  1,  234,  245,  -1,  542, 269,  151.0,  23,  Nuc1572639,  3944,  0, 0, 0, , 0, 0, 0, 0, 0,
242,  1,  235,  246,  -1,  497, 229,  153.0,  23,  Nuc1575661,  2523,  0, 0, 0, , 0, 0, 0, 0, 0,
243,  1,  236,  247,  -1,  592, 277,  159.0,  23,  Nuc1577623,  3493,  0, 0, 0, , 0, 0, 0, 0, 0,
244,  1,  237,  248,  -1,  574, 330,  166.0,  23,  Nuc1581756,  4288,  0, 0, 0, , 0, 0, 0, 0, 0,
245,  1,  238,  249,  -1,  466, 362,  171.0,  21,  Nuc1584293,  3692,  0, 0, 0, , 0, 0, 0, 0, 0,
246,  1,  239,  250,  -1,  511, 320,  168.0,  23,  Nuc1584418,  4367,  0, 0, 0, , 0, 0, 0, 0, 0,
247,  1,  240,  251,  -1,  647, 460,  154.0,  23,  Nuc1584592,  5166,  0, 0, 0, , 0, 0, 0, 0, 0,
248,  1,  241,  252,  -1,  659, 438,  140.0,  23,  Nuc1602916,  3663,  0, 0, 0, , 0, 0, 0, 0, 0,
249,  1,  242,  253,  -1,  718, 437,  130.0,  23,  Nuc1622764,  3428,  0, 0, 0, , 0, 0, 0, 0, 0,
250,  1,  243,  254,  -1,  670, 405,  128.0,  23,  Nuc1639848,  3384,  0, 0, 0, , 0, 0, 0, 0, 0,
251,  1,  244,  255,  -1,  640, 527,  166.0,  21,  Nuc1640583,  6530,  0, 0, 0, , 0, 0, 0, 0, 0,
252,  1,  245,  256,  -1,  657, 496,  144.0,  21,  Nuc1643530,  5411,  0, 0, 0, , 0, 0, 0, 0, 0,
253,  1,  246,  257,  -1,  633, 525,  150.0,  23,  Nuc1647661,  3591,  0, 0, 0, , 0, 0, 0, 0, 0,
254,  1,  247,  258,  -1,  688, 575,  157.0,  21,  Nuc1703100,  5071,  0, 0, 0, , 0, 0, 0, 0, 0,
255,  1,  248,  259,  -1,  671, 542,  157.0,  21,  Nuc1707827,  3179,  0, 0, 0, , 0, 0, 0, 0, 0,
256,  1,  249,  260,  -1,  655, 554,  145.0,  21,  Nuc1707961,  3133,  0, 0, 0, , 0, 0, 0, 0, 0,
257,  1,  250,  261,  -1,  687, 539,  138.0,  21,  Nuc1738824,  2863,  0, 0, 0, , 0, 0, 0, 0, 0,
258,  1,  251,  262,  -1,  509, 490,  154.0,  23,  Nuc1740625,  3752,  0, 0, 0, , 0, 0, 0, 0, 0,
259,  1,  252,  263,  -1,  524, 533,  158.0,  21,  Nuc1750713,  4538,  0, 0, 0, , 0, 0, 0, 0, 0,
260,  1,  253,  264,  -1,  571, 528,  148.0,  23,  Nuc1754963,  4148,  0, 0, 0, , 0, 0, 0, 0, 0,
261,  1,  254,  265,  -1,  551, 579,  153.0,  21,  Nuc1755553,  5381,  0, 0, 0, , 0, 0, 0, 0, 0,
262,  1,  255,  266,  -1,  521, 518,  172.0,  21,  Nuc1759770,  4144,  0, 0, 0, , 0, 0, 0, 0, 0,
263,  1,  256,  267,  -1,  529, 473,  173.0,  21,  Nuc1762240,  4189,  0, 0, 0, , 0, 0, 0, 0, 0,
264,  1,  257,  268,  -1,  482, 503,  177.0,  21,  Nuc1763421,  3461,  0, 0, 0, , 0, 0, 0, 0, 0,
265,  1,  258,  269,  -1,  440, 479,  174.0,  19,  Nuc1763566,  1286,  0, 0, 0, , 0, 0, 0, 0, 0,
266,  1,  259,  270,  -1,  490, 442,  169.0,  23,  Nuc1763586,  4420,  0, 0, 0, , 0, 0, 0, 0, 0,
267,  1,  260,  271,  -1,  437, 416,  167.0,  23,  Nuc1765089,  3885,  0, 0, 0, , 0, 0, 0, 0, 0,
268,  1,  261,  272,  -1,  499, 487,  167.0,  21,  Nuc1772023,  2467,  0, 0, 0, , 0, 0, 0, 0, 0,
269,  1,  262,  273,  -1,  478, 572,  158.0,  21,  Nuc1773078,  3549,  0, 0, 0, , 0, 0, 0, 0, 0,
270,  1,  263,  274,  -1,  427, 726,  166.0,  21,  Nuc1773184,  5437,  0, 0, 0, , 0, 0, 0, 0, 0,
271,  1,  264,  275,  -1,  403, 670,  160.0,  21,  Nuc1783541,  4838,  0, 0, 0, , 0, 0, 0, 0, 0,
272,  1,  265,  276,  -1,  335, 584,  163.0,  23,  Nuc1784086,  3528,  0, 0, 0, , 0, 0, 0, 0, 0,
273,  1,  266,  277,  -1,  358, 700,  168.0,  23,  Nuc1784119,  1888,  0, 0, 0, , 0, 0, 0, 0, 0,
274,  1,  267,  278,  -1,  310, 701,  158.0,  21,  Nuc1784499,  2344,  0, 0, 0, , 0, 0, 0, 0, 0,
275,  1,  268,  279,  280,  308, 620,  157.0,  21,  Nuc1785272,  716,  0, 0, 0, , 0, 0, 0, 0, 0,
276,  1,  268,  281,  -1,  348, 650,  157.0,  23,  Nuc1787971,  1104,  0, 0, 0, , 0, 0, 0, 0, 0,
277,  1,  269,  282,  -1,  425, 613,  172.0,  21,  Nuc1787982,  3177,  0, 0, 0, , 0, 0, 0, 0, 0,
278,  1,  270,  283,  -1,  352, 603,  175.0,  21,  Nuc1793846,  4108,  0, 0, 0, , 0, 0, 0, 0, 0,
279,  1,  271,  284,  -1,  374, 656,  176.0,  23,  Nuc1793861,  3466,  0, 0, 0, , 0, 0, 0, 0, 0,
280,  1,  272,  285,  -1,  470, 422,  181.0,  23,  Nuc1794127,  4197,  0, 0, 0, , 0, 0, 0, 0, 0,
281,  1,  273,  286,  -1,  546, 420,  177.0,  23,  Nuc1794470,  5149,  0, 0, 0, , 0, 0, 0, 0, 0,
282,  1,  274,  287,  -1,  525, 365,  175.0,  23,  Nuc1795183,  4369,  0, 0, 0, , 0, 0, 0, 0, 0,
283,  1,  275,  288,  -1,  623, 464,  170.0,  23,  Nuc1800335,  6205,  0, 0, 0, , 0, 0, 0, 0, 0,
284,  1,  276,  289,  -1,  617, 407,  174.0,  23,  Nuc1842026,  5366,  0, 0, 0, , 0, 0, 0, 0, 0,
285,  1,  277,  290,  -1,  698, 371,  161.0,  23,  Nuc1848879,  5035,  0, 0, 0, , 0, 0, 0, 0, 0,
286,  1,  278,  291,  -1,  679, 415,  168.0,  23,  Nuc1849845,  5231,  0, 0, 0, , 0, 0, 0, 0, 0,
287,  1,  279,  292,  -1,  653, 505,  177.0,  23,  Nuc1850309,  6158,  0, 0, 0, , 0, 0, 0, 0, 0,
288,  1,  280,  293,  -1,  676, 463,  174.0,  21,  Nuc1850855,  5045,  0, 0, 0, , 0, 0, 0, 0, 0,
289,  1,  281,  294,  -1,  742, 472,  168.0,  21,  Nuc1851813,  4228,  0, 0, 0, , 0, 0, 0, 0, 0,
290,  1,  282,  295,  -1,  689, 506,  167.0,  21,  Nuc1854172,  5849,  0, 0, 0, , 0, 0, 0, 0, 0,
291,  1,  283,  296,  -1,  741, 516,  169.0,  21,  Nuc1858791,  4157,  0, 0, 0, , 0, 0, 0, 0, 0,
292,  1,  284,  297,  -1,  631, 583,  169.0,  23,  Nuc1862223,  4782,  0, 0, 0, , 0, 0, 0, 0, 0,
293,  1,  285,  298,  -1,  685, 568,  172.0,  23,  Nuc1863109,  5103,  0, 0, 0, , 0, 0, 0, 0, 0,
294,  1,  286,  299,  -1,  747, 546,  158.0,  21,  Nuc1867435,  3122,  0, 0, 0, , 0, 0, 0, 0, 0,
295,  1,  287,  300,  -1,  709, 535,  163.0,  21,  Nuc1867566,  3851,  0, 0, 0, , 0, 0, 0, 0, 0,
296,  1,  288,  301,  -1,  735, 557,  171.0,  21,  Nuc1868201,  3748,  0, 0, 0, , 0, 0, 0, 0, 0,
297,  1,  289,  302,  -1,  472, 683,  177.0,  21,  Nuc1869397,  3570,  0, 0, 0, , 0, 0, 0, 0, 0,
298,  1,  290,  303,  -1,  418, 673,  176.0,  21,  Nuc1869774,  4409,  0, 0, 0, , 0, 0, 0, 0, 0,
299,  1,  291,  304,  -1,  631, 709,  168.0,  23,  Nuc1870004,  5258,  0, 0, 0, , 0, 0, 0, 0, 0,
300,  1,  292,  305,  -1,  591, 688,  158.0,  23,  Nuc1871459,  5539,  0, 0, 0, , 0, 0, 0, 0, 0,
301,  1,  293,  306,  -1,  619, 779,  155.0,  23,  Nuc1876964,  4279,  0, 0, 0, , 0, 0, 0, 0, 0,
302,  1,  294,  307,  -1,  567, 755,  162.0,  23,  Nuc1880450,  4738,  0, 0, 0, , 0, 0, 0, 0, 0,
303,  1,  295,  308,  -1,  513, 654,  179.0,  23,  Nuc1883048,  4094,  0, 0, 0, , 0, 0, 0, 0, 0,
304,  1,  296,  309,  -1,  563, 662,  172.0,  23,  Nuc1886233,  6226,  0, 0, 0, , 0, 0, 0, 0, 0,
305,  1,  297,  310,  -1,  490, 718,  171.0,  23,  Nuc1889463,  5228,  0, 0, 0, , 0, 0, 0, 0, 0,
306,  1,  298,  311,  -1,  549, 719,  169.0,  23,  Nuc1890970,  4962,  0, 0, 0, , 0, 0, 0, 0, 0,
307,  1,  299,  312,  -1,  623, 643,  172.0,  23,  Nuc1892160,  4813,  0, 0, 0, , 0, 0, 0, 0, 0,
308,  1,  300,  313,  -1,  692, 646,  168.0,  23,  Nuc1918898,  5747,  0, 0, 0, , 0, 0, 0, 0, 0,
309,  1,  301,  314,  -1,  571, 617,  178.0,  23,  Nuc1921289,  4760,  0, 0, 0, , 0, 0, 0, 0, 0,
310,  1,  302,  315,  -1,  573, 565,  180.0,  21,  Nuc1921412,  4468,  0, 0, 0, , 0, 0, 0, 0, 0,
311,  1,  303,  316,  -1,  576, 456,  180.0,  23,  Nuc1922087,  4988,  0, 0, 0, , 0, 0, 0, 0, 0,
312,  1,  304,  317,  -1,  623, 548,  178.0,  23,  Nuc1922187,  6008,  0, 0, 0, , 0, 0, 0, 0, 0,
313,  1,  305,  318,  -1,  503, 600,  184.0,  23,  Nuc1923303,  4058,  0, 0, 0, , 0, 0, 0, 0, 0,
314,  1,  306,  319,  -1,  455, 631,  181.0,  23,  Nuc1924242,  4112,  0, 0, 0, , 0, 0, 0, 0, 0,
315,  1,  307,  320,  -1,  441, 581,  182.0,  23,  Nuc1934136,  2665,  0, 0, 0, , 0, 0, 0, 0, 0,
316,  1,  308,  321,  -1,  467, 664,  167.0,  23,  Nuc1934277,  3746,  0, 0, 0, , 0, 0, 0, 0, 0,
317,  1,  309,  322,  -1,  516, 623,  157.0,  23,  Nuc1942132,  2643,  0, 0, 0, , 0, 0, 0, 0, 0,
318,  1,  310,  323,  -1,  456, 635,  155.0,  23,  Nuc1943196,  3536,  0, 0, 0, , 0, 0, 0, 0, 0,
319,  1,  311,  324,  -1,  517, 688,  158.0,  23,  Nuc1943230,  3550,  0, 0, 0, , 0, 0, 0, 0, 0,
320,  1,  312,  325,  -1,  532, 585,  168.0,  21,  Nuc1950063,  2541,  0, 0, 0, , 0, 0, 0, 0, 0,
321,  1,  313,  326,  -1,  483, 537,  169.0,  21,  Nuc1950329,  2966,  0, 0, 0, , 0, 0, 0, 0, 0,
322,  1,  314,  327,  -1,  483, 593,  172.0,  21,  Nuc1953391,  4430,  0, 0, 0, , 0, 0, 0, 0, 0,
323,  1,  315,  328,  -1,  404, 535,  186.0,  23,  Nuc1953741,  1913,  0, 0, 0, , 0, 0, 0, 0, 0,
324,  1,  316,  329,  -1,  398, 449,  184.0,  23,  Nuc1954712,  2837,  0, 0, 0, , 0, 0, 0, 0, 0,
325,  1,  317,  330,  -1,  495, 529,  185.0,  21,  Nuc1954946,  4470,  0, 0, 0, , 0, 0, 0, 0, 0,
326,  1,  318,  331,  -1,  571, 514,  182.0,  23,  Nuc1955383,  6087,  0, 0, 0, , 0, 0, 0, 0, 0,
327,  1,  319,  332,  -1,  534, 550,  181.0,  23,  Nuc1967353,  5659,  0, 0, 0, , 0, 0, 0, 0, 0,
328,  1,  320,  333,  -1,  510, 465,  184.0,  23,  Nuc1968445,  3286,  0, 0, 0, , 0, 0, 0, 0, 0,
329,  1,  321,  334,  -1,  447, 495,  186.0,  23,  Nuc1968607,  3940,  0, 0, 0, , 0, 0, 0, 0, 0,
330,  1,  322,  335,  -1,  583, 616,  160.0,  21,  Nuc1968844,  4252,  0, 0, 0, , 0, 0, 0, 0, 0,
331,  1,  323,  336,  -1,  588, 519,  171.0,  23,  Nuc2004968,  6550,  0, 0, 0, , 0, 0, 0, 0, 0,
332,  1,  324,  337,  -1,  593, 557,  158.0,  23,  Nuc2006240,  5477,  0, 0, 0, , 0, 0, 0, 0, 0,
333,  1,  325,  338,  -1,  400, 761,  160.0,  23,  Nuc2009252,  4142,  0, 0, 0, , 0, 0, 0, 0, 0,
334,  1,  326,  339,  -1,  550, 497,  161.0,  21,  Nuc2012792,  3854,  0, 0, 0, , 0, 0, 0, 0, 0,
335,  1,  327,  340,  -1,  525, 366,  157.0,  25,  Nuc2021751,  4235,  0, 0, 0, , 0, 0, 0, 0, 0,
336,  1,  328,  341,  -1,  569, 400,  165.0,  23,  Nuc2024304,  4857,  0, 0, 0, , 0, 0, 0, 0, 0,
337,  1,  329,  342,  -1,  525, 440,  156.0,  23,  Nuc2034649,  3292,  0, 0, 0, , 0, 0, 0, 0, 0,
338,  1,  330,  343,  -1,  576, 454,  164.0,  21,  Nuc2034692,  4365,  0, 0, 0, , 0, 0, 0, 0, 0,
339,  1,  331,  344,  -1,  668, 500,  157.0,  21,  Nuc2034839,  3324,  0, 0, 0, , 0, 0, 0, 0, 0,
340,  1,  332,  345,  -1,  607, 495,  155.0,  21,  Nuc2054043,  3982,  0, 0, 0, , 0, 0, 0, 0, 0,
341,  1,  333,  -1,  -1,  306, 471,  161.0,  21,  Nuc2064304,  1933,  0, 0, 0, , 0, 0, 0, 0, 0,
342,  1,  333,  346,  -1,  287, 458,  153.0,  21,  Nuc2064305,  1925,  0, 0, 0, , 0, 0, 0, 0, 0,
343,  1,  334,  347,  -1,  344, 473,  150.0,  23,  Nuc2064467,  2287,  0, 0, 0, , 0, 0, 0, 0, 0,
344,  1,  336,  348,  -1,  248, 626,  155.0,  21,  Nuc2064583,  1172,  0, 0, 0, , 0, 0, 0, 0, 0,
345,  1,  337,  349,  -1,  304, 656,  145.0,  21,  Nuc2064664,  2723,  0, 0, 0, , 0, 0, 0, 0, 0,
346,  1,  338,  350,  351,  319, 710,  142.0,  21,  Nuc2064674,  1052,  0, 0, 0, , 0, 0, 0, 0, 0,
347,  1,  339,  352,  -1,  443, 353,  138.0,  21,  Nuc2064823,  2354,  0, 0, 0, , 0, 0, 0, 0, 0,
348,  1,  340,  353,  -1,  481, 334,  127.0,  23,  Nuc2064898,  2248,  0, 0, 0, , 0, 0, 0, 0, 0,
349,  1,  341,  354,  -1,  377, 387,  143.0,  23,  Nuc2070290,  2214,  0, 0, 0, , 0, 0, 0, 0, 0,
350,  1,  342,  355,  356,  395, 373,  126.0,  23,  Nuc2070318,  2264,  0, 0, 0, , 0, 0, 0, 0, 0,
351,  1,  343,  357,  -1,  348, 547,  179.0,  21,  Nuc2070374,  3099,  0, 0, 0, , 0, 0, 0, 0, 0,
352,  1,  344,  358,  -1,  348, 550,  174.0,  21,  Nuc2070507,  2354,  0, 0, 0, , 0, 0, 0, 0, 0,
353,  1,  345,  359,  -1,  298, 563,  168.0,  21,  Nuc2070516,  2016,  0, 0, 0, , 0, 0, 0, 0, 0,
354,  1,  346,  360,  -1,  385, 840,  109.0,  21,  Nuc2070790,  1079,  0, 0, 0, , 0, 0, 0, 0, 0,
355,  1,  346,  361,  -1,  374, 887,  107.0,  21,  Nuc2071268,  1789,  0, 0, 0, , 0, 0, 0, 0, 0,
356,  1,  347,  362,  -1,  379, 911,  96.0,  21,  Nuc2080672,  1547,  0, 0, 0, , 0, 0, 0, 0, 0,
357,  1,  348,  363,  -1,  372, 605,  140.0,  23,  Nuc2080732,  1195,  0, 0, 0, , 0, 0, 0, 0, 0,
358,  1,  349,  364,  -1,  416, 630,  143.0,  23,  Nuc2080736,  2871,  0, 0, 0, , 0, 0, 0, 0, 0,
359,  1,  350,  365,  -1,  371, 681,  140.0,  21,  Nuc2080773,  1732,  0, 0, 0, , 0, 0, 0, 0, 0,
360,  1,  351,  366,  -1,  249, 338,  149.0,  23,  Nuc2080844,  2069,  0, 0, 0, , 0, 0, 0, 0, 0,
361,  1,  352,  367,  -1,  299, 507,  170.0,  21,  Nuc2081070,  2764,  0, 0, 0, , 0, 0, 0, 0, 0,
362,  1,  354,  368,  369,  372, 535,  167.0,  21,  Nuc2081299,  3202,  0, 0, 0, , 0, 0, 0, 0, 0,
363,  1,  355,  370,  371,  358, 486,  161.0,  21,  Nuc2084623,  2170,  0, 0, 0, , 0, 0, 0, 0, 0,
364,  1,  356,  372,  -1,  415, 845,  122.0,  21,  Nuc2084907,  1904,  0, 0, 0, , 0, 0, 0, 0, 0,
365,  1,  357,  373,  -1,  374, 868,  118.0,  21,  Nuc2087964,  2075,  0, 0, 0, , 0, 0, 0, 0, 0,
366,  1,  358,  374,  -1,  342, 494,  179.0,  23,  Nuc2088518,  2193,  0, 0, 0, , 0, 0, 0, 0, 0,
367,  1,  359,  375,  -1,  355, 435,  175.0,  23,  Nuc2088538,  2069,  0, 0, 0, , 0, 0, 0, 0, 0,
368,  1,  360,  376,  -1,  425, 690,  125.0,  23,  Nuc2088792,  2260,  0, 0, 0, , 0, 0, 0, 0, 0,
369,  1,  361,  377,  -1,  525, 768,  134.0,  23,  Nuc2088811,  2735,  0, 0, 0, , 0, 0, 0, 0, 0,
370,  1,  362,  378,  379,  209, 554,  139.0,  21,  Nuc2132784,  989,  0, 0, 0, , 0, 0, 0, 0, 0,
371,  1,  362,  380,  -1,  270, 558,  142.0,  21,  Nuc2132801,  1525,  0, 0, 0, , 0, 0, 0, 0, 0,
372,  1,  363,  381,  -1,  372, 602,  146.0,  23,  Nuc2132817,  1226,  0, 0, 0, , 0, 0, 0, 0, 0,
373,  1,  364,  382,  383,  326, 574,  143.0,  21,  Nuc2132827,  1668,  0, 0, 0, , 0, 0, 0, 0, 0,
374,  1,  365,  384,  -1,  442, 489,  140.0,  23,  Nuc2132846,  938,  0, 0, 0, , 0, 0, 0, 0, 0,
375,  1,  366,  385,  386,  383, 496,  140.0,  21,  Nuc2132853,  2033,  0, 0, 0, , 0, 0, 0, 0, 0,
376,  1,  367,  387,  -1,  360, 545,  142.0,  21,  Nuc2132874,  3165,  0, 0, 0, , 0, 0, 0, 0, 0,
377,  1,  368,  388,  -1,  285, 564,  155.0,  21,  Nuc2132893,  455,  0, 0, 0, , 0, 0, 0, 0, 0,
378,  1,  369,  389,  390,  280, 510,  154.0,  21,  Nuc2134943,  2232,  0, 0, 0, , 0, 0, 0, 0, 0,
379,  1,  370,  391,  -1,  234, 483,  156.0,  23,  Nuc2134971,  1352,  0, 0, 0, , 0, 0, 0, 0, 0,
380,  1,  371,  392,  -1,  501, 654,  139.0,  21,  Nuc2134988,  1054,  0, 0, 0, , 0, 0, 0, 0, 0,
381,  1,  372,  393,  -1,  463, 641,  128.0,  23,  Nuc2160197,  2248,  0, 0, 0, , 0, 0, 0, 0, 0,
382,  1,  373,  394,  -1,  430, 428,  144.0,  21,  Nuc2160214,  1119,  0, 0, 0, , 0, 0, 0, 0, 0,
383,  1,  374,  395,  -1,  380, 439,  142.0,  21,  Nuc2160217,  1736,  0, 0, 0, , 0, 0, 0, 0, 0,
384,  1,  375,  396,  -1,  243, 449,  142.0,  21,  Nuc2160226,  738,  0, 0, 0, , 0, 0, 0, 0, 0,
385,  1,  375,  -1,  -1,  284, 416,  137.0,  21,  Nuc2160240,  764,  0, 0, 0, , 0, 0, 0, 0, 0,
386,  1,  376,  397,  -1,  326, 409,  141.0,  21,  Nuc2160242,  1102,  0, 0, 0, , 0, 0, 0, 0, 0,
387,  1,  377,  398,  -1,  328, 344,  145.0,  21,  Nuc2160609,  3000,  0, 0, 0, , 0, 0, 0, 0, 0,
388,  1,  378,  399,  -1,  458, 399,  130.0,  23,  Nuc2161848,  2470,  0, 0, 0, , 0, 0, 0, 0, 0,
389,  1,  378,  400,  -1,  457, 396,  125.0,  23,  Nuc2161855,  2784,  0, 0, 0, , 0, 0, 0, 0, 0,
390,  1,  379,  401,  -1,  514, 368,  129.0,  23,  Nuc2161863,  1494,  0, 0, 0, , 0, 0, 0, 0, 0,
391,  1,  380,  402,  -1,  555, 492,  144.0,  21,  Nuc2161871,  2560,  0, 0, 0, , 0, 0, 0, 0, 0,
392,  1,  381,  403,  -1,  592, 451,  147.0,  21,  Nuc2161883,  2614,  0, 0, 0, , 0, 0, 0, 0, 0,
393,  1,  382,  404,  405,  341, 173,  113.0,  25,  Nuc2161896,  265,  0, 0, 0, , 0, 0, 0, 0, 0,
394,  1,  383,  406,  -1,  299, 233,  133.0,  21,  Nuc2162697,  1161,  0, 0, 0, , 0, 0, 0, 0, 0,
395,  1,  384,  407,  -1,  331, 210,  128.0,  21,  Nuc2162709,  1777,  0, 0, 0, , 0, 0, 0, 0, 0,
396,  1,  385,  408,  409,  281, 499,  141.0,  21,  Nuc2162724,  1029,  0, 0, 0, , 0, 0, 0, 0, 0,
397,  1,  386,  410,  -1,  268, 360,  125.0,  21,  Nuc2162914,  1179,  0, 0, 0, , 0, 0, 0, 0, 0,
398,  1,  387,  411,  -1,  281, 307,  137.0,  21,  Nuc2163345,  1456,  0, 0, 0, , 0, 0, 0, 0, 0,
399,  1,  387,  412,  -1,  243, 276,  132.0,  21,  Nuc2163355,  1700,  0, 0, 0, , 0, 0, 0, 0, 0,
400,  1,  388,  413,  414,  308, 660,  128.0,  21,  Nuc2163369,  252,  0, 0, 0, , 0, 0, 0, 0, 0,
401,  1,  388,  415,  -1,  344, 704,  125.0,  23,  Nuc2163376,  591,  0, 0, 0, , 0, 0, 0, 0, 0,
402,  1,  389,  416,  -1,  250, 745,  129.0,  21,  Nuc2163385,  225,  0, 0, 0, , 0, 0, 0, 0, 0,
403,  1,  389,  -1,  -1,  278, 702,  129.0,  21,  Nuc2163387,  233,  0, 0, 0, , 0, 0, 0, 0, 0,
404,  1,  -1,  417,  418,  214, 608,  141.0,  21,  Nuc2163388,  227,  0, 0, 0, , 0, 0, 0, 0, 0,
