1,  1,  1,  1,  -1,  545, 965,  84.0,  23,  Nuc67,  1728,  0, 0, 0, , 0, 0, 0, 0, 0,
2,  1,  2,  2,  -1,  496, 927,  94.0,  23,  Nuc5283,  2174,  0, 0, 0, , 0, 0, 0, 0, 0,
3,  1,  3,  3,  -1,  447, 953,  83.0,  23,  Nuc7236,  1657,  0, 0, 0, , 0, 0, 0, 0, 0,
4,  1,  4,  4,  -1,  452, 808,  113.0,  23,  Nuc9525,  1189,  0, 0, 0, , 0, 0, 0, 0, 0,
5,  1,  5,  5,  -1,  431, 844,  108.0,  23,  Nuc24130,  1920,  0, 0, 0, , 0, 0, 0, 0, 0,
6,  1,  6,  6,  -1,  430, 899,  99.0,  23,  Nuc24150,  912,  0, 0, 0, , 0, 0, 0, 0, 0,
7,  1,  6,  7,  -1,  473, 874,  103.0,  23,  Nuc24156,  2111,  0, 0, 0, , 0, 0, 0, 0, 0,
8,  1,  7,  8,  -1,  424, 909,  109.0,  21,  Nuc26087,  3282,  0, 0, 0, , 0, 0, 0, 0, 0,
9,  1,  8,  9,  -1,  478, 925,  107.0,  21,  Nuc28680,  2620,  0, 0, 0, , 0, 0, 0, 0, 0,
10,  1,  9,  10,  -1,  773, 888,  94.0,  23,  Nuc29674,  3021,  0, 0, 0, , 0, 0, 0, 0, 0,
11,  1,  10,  11,  -1,  718, 902,  100.0,  23,  Nuc34360,  2278,  0, 0, 0, , 0, 0, 0, 0, 0,
12,  1,  11,  12,  -1,  673, 898,  112.0,  23,  Nuc37585,  2645,  0, 0, 0, , 0, 0, 0, 0, 0,
13,  1,  12,  13,  -1,  652, 847,  112.0,  23,  Nuc40148,  3263,  0, 0, 0, , 0, 0, 0, 0, 0,
14,  1,  13,  14,  -1,  623, 903,  103.0,  23,  Nuc47889,  2707,  0, 0, 0, , 0, 0, 0, 0, 0,
15,  1,  14,  15,  -1,  587, 935,  98.0,  23,  Nuc49707,  2346,  0, 0, 0, , 0, 0, 0, 0, 0,
16,  1,  15,  16,  -1,  697, 928,  87.0,  23,  Nuc51560,  2321,  0, 0, 0, , 0, 0, 0, 0, 0,
17,  1,  16,  17,  -1,  627, 956,  83.0,  23,  Nuc61179,  1786,  0, 0, 0, , 0, 0, 0, 0, 0,
18,  1,  17,  18,  -1,  606, 831,  124.0,  23,  Nuc63986,  4016,  0, 0, 0, , 0, 0, 0, 0, 0,
19,  1,  18,  19,  -1,  624, 863,  131.0,  23,  Nuc64006,  3204,  0, 0, 0, , 0, 0, 0, 0, 0,
20,  1,  19,  20,  -1,  549, 812,  131.0,  23,  Nuc65778,  2546,  0, 0, 0, , 0, 0, 0, 0, 0,
21,  1,  20,  21,  -1,  525, 919,  104.0,  23,  Nuc69347,  3776,  0, 0, 0, , 0, 0, 0, 0, 0,
22,  1,  21,  22,  -1,  534, 873,  104.0,  23,  Nuc70673,  4156,  0, 0, 0, , 0, 0, 0, 0, 0,
23,  1,  22,  23,  -1,  562, 818,  114.0,  27,  Nuc73730,  2562,  0, 0, 0, , 0, 0, 0, 0, 0,
24,  1,  23,  24,  -1,  566, 870,  116.0,  23,  Nuc76199,  3151,  0, 0, 0, , 0, 0, 0, 0, 0,
25,  1,  24,  25,  -1,  595, 914,  115.0,  23,  Nuc88083,  2572,  0, 0, 0, , 0, 0, 0, 0, 0,
26,  1,  25,  26,  -1,  503, 781,  117.0,  23,  Nuc90598,  2449,  0, 0, 0, , 0, 0, 0, 0, 0,
27,  1,  26,  27,  -1,  400, 772,  136.0,  21,  Nuc102445,  1906,  0, 0, 0, , 0, 0, 0, 0, 0,
28,  1,  27,  28,  -1,  434, 778,  124.0,  23,  Nuc102453,  962,  0, 0, 0, , 0, 0, 0, 0, 0,
29,  1,  28,  29,  -1,  480, 820,  127.0,  23,  Nuc102463,  2726,  0, 0, 0, , 0, 0, 0, 0, 0,
30,  1,  29,  30,  -1,  500, 857,  117.0,  23,  Nuc144320,  3622,  0, 0, 0, , 0, 0, 0, 0, 0,
31,  1,  30,  31,  -1,  536, 899,  122.0,  23,  Nuc146053,  3263,  0, 0, 0, , 0, 0, 0, 0, 0,
32,  1,  31,  32,  -1,  451, 893,  119.0,  23,  Nuc146853,  4505,  0, 0, 0, , 0, 0, 0, 0, 0,
33,  1,  32,  33,  -1,  481, 873,  131.0,  23,  Nuc148364,  3861,  0, 0, 0, , 0, 0, 0, 0, 0,
34,  1,  33,  34,  35,  304, 285,  149.0,  23,  Nuc152824,  2804,  0, 0, 0, , 0, 0, 0, 0, 0,
35,  1,  34,  36,  -1,  648, 783,  124.0,  23,  Nuc152913,  3925,  0, 0, 0, , 0, 0, 0, 0, 0,
36,  1,  35,  37,  -1,  694, 735,  130.0,  23,  Nuc170123,  3944,  0, 0, 0, , 0, 0, 0, 0, 0,
37,  1,  36,  38,  -1,  681, 854,  123.0,  23,  Nuc173386,  4590,  0, 0, 0, , 0, 0, 0, 0, 0,
38,  1,  37,  39,  -1,  720, 816,  129.0,  23,  Nuc182360,  4394,  0, 0, 0, , 0, 0, 0, 0, 0,
39,  1,  38,  40,  -1,  709, 768,  144.0,  23,  Nuc190568,  4604,  0, 0, 0, , 0, 0, 0, 0, 0,
40,  1,  39,  41,  -1,  651, 743,  149.0,  23,  Nuc200247,  4861,  0, 0, 0, , 0, 0, 0, 0, 0,
41,  1,  40,  42,  -1,  669, 827,  139.0,  23,  Nuc205701,  4559,  0, 0, 0, , 0, 0, 0, 0, 0,
42,  1,  41,  43,  -1,  608, 802,  141.0,  25,  Nuc208534,  4578,  0, 0, 0, , 0, 0, 0, 0, 0,
43,  1,  42,  44,  -1,  814, 749,  117.0,  23,  Nuc209766,  3283,  0, 0, 0, , 0, 0, 0, 0, 0,
44,  1,  43,  45,  -1,  857, 773,  113.0,  23,  Nuc214933,  3161,  0, 0, 0, , 0, 0, 0, 0, 0,
45,  1,  44,  46,  -1,  875, 792,  94.0,  23,  Nuc215662,  2755,  0, 0, 0, , 0, 0, 0, 0, 0,
46,  1,  45,  47,  -1,  834, 837,  97.0,  23,  Nuc220665,  2798,  0, 0, 0, , 0, 0, 0, 0, 0,
47,  1,  46,  48,  -1,  783, 805,  124.0,  23,  Nuc230381,  4230,  0, 0, 0, , 0, 0, 0, 0, 0,
48,  1,  47,  49,  -1,  740, 776,  119.0,  23,  Nuc230678,  3749,  0, 0, 0, , 0, 0, 0, 0, 0,
49,  1,  48,  50,  -1,  734, 856,  114.0,  23,  Nuc248276,  3917,  0, 0, 0, , 0, 0, 0, 0, 0,
50,  1,  49,  51,  -1,  787, 832,  112.0,  23,  Nuc249177,  3773,  0, 0, 0, , 0, 0, 0, 0, 0,
51,  1,  50,  52,  -1,  772, 192,  106.0,  23,  Nuc251887,  2730,  0, 0, 0, , 0, 0, 0, 0, 0,
52,  1,  51,  53,  -1,  829, 223,  98.0,  23,  Nuc255962,  2640,  0, 0, 0, , 0, 0, 0, 0, 0,
53,  1,  52,  54,  -1,  630, 215,  112.0,  23,  Nuc260716,  2003,  0, 0, 0, , 0, 0, 0, 0, 0,
54,  1,  53,  55,  -1,  706, 164,  105.0,  23,  Nuc261259,  2548,  0, 0, 0, , 0, 0, 0, 0, 0,
55,  1,  54,  56,  -1,  680, 215,  135.0,  23,  Nuc264760,  3342,  0, 0, 0, , 0, 0, 0, 0, 0,
56,  1,  55,  57,  -1,  628, 238,  127.0,  23,  Nuc268200,  3691,  0, 0, 0, , 0, 0, 0, 0, 0,
57,  1,  56,  58,  -1,  624, 177,  124.0,  23,  Nuc271241,  3730,  0, 0, 0, , 0, 0, 0, 0, 0,
58,  1,  57,  59,  -1,  710, 196,  123.0,  23,  Nuc272784,  2901,  0, 0, 0, , 0, 0, 0, 0, 0,
59,  1,  58,  60,  -1,  580, 288,  130.0,  21,  Nuc274988,  2831,  0, 0, 0, , 0, 0, 0, 0, 0,
60,  1,  59,  61,  -1,  536, 244,  135.0,  23,  Nuc280423,  2764,  0, 0, 0, , 0, 0, 0, 0, 0,
61,  1,  60,  62,  -1,  595, 198,  139.0,  23,  Nuc283134,  3691,  0, 0, 0, , 0, 0, 0, 0, 0,
62,  1,  61,  63,  -1,  613, 254,  144.0,  23,  Nuc285942,  3950,  0, 0, 0, , 0, 0, 0, 0, 0,
63,  1,  62,  64,  -1,  544, 217,  115.0,  23,  Nuc293760,  2344,  0, 0, 0, , 0, 0, 0, 0, 0,
64,  1,  63,  65,  -1,  549, 173,  128.0,  23,  Nuc293846,  2920,  0, 0, 0, , 0, 0, 0, 0, 0,
65,  1,  64,  66,  -1,  616, 140,  111.0,  23,  Nuc306836,  2294,  0, 0, 0, , 0, 0, 0, 0, 0,
66,  1,  65,  67,  -1,  578, 126,  109.0,  23,  Nuc310954,  3115,  0, 0, 0, , 0, 0, 0, 0, 0,
67,  1,  66,  68,  -1,  851, 289,  113.0,  23,  Nuc314326,  2790,  0, 0, 0, , 0, 0, 0, 0, 0,
68,  1,  67,  69,  -1,  905, 312,  101.0,  23,  Nuc317265,  2799,  0, 0, 0, , 0, 0, 0, 0, 0,
69,  1,  68,  70,  -1,  940, 443,  103.0,  23,  Nuc326412,  3377,  0, 0, 0, , 0, 0, 0, 0, 0,
70,  1,  69,  71,  -1,  936, 381,  108.0,  21,  Nuc330210,  3255,  0, 0, 0, , 0, 0, 0, 0, 0,
71,  1,  70,  72,  -1,  807, 265,  117.0,  23,  Nuc343678,  3426,  0, 0, 0, , 0, 0, 0, 0, 0,
72,  1,  71,  73,  -1,  775, 314,  128.0,  23,  Nuc348457,  3394,  0, 0, 0, , 0, 0, 0, 0, 0,
73,  1,  72,  74,  -1,  858, 339,  127.0,  23,  Nuc359689,  4118,  0, 0, 0, , 0, 0, 0, 0, 0,
74,  1,  73,  75,  -1,  814, 361,  122.0,  23,  Nuc361727,  4372,  0, 0, 0, , 0, 0, 0, 0, 0,
75,  1,  74,  76,  -1,  800, 366,  141.0,  23,  Nuc370610,  4550,  0, 0, 0, , 0, 0, 0, 0, 0,
76,  1,  75,  77,  -1,  744, 326,  150.0,  23,  Nuc382948,  4510,  0, 0, 0, , 0, 0, 0, 0, 0,
77,  1,  76,  78,  -1,  725, 362,  143.0,  23,  Nuc386088,  4171,  0, 0, 0, , 0, 0, 0, 0, 0,
78,  1,  77,  79,  -1,  729, 348,  126.0,  23,  Nuc391876,  3565,  0, 0, 0, , 0, 0, 0, 0, 0,
79,  1,  78,  80,  -1,  676, 283,  137.0,  23,  Nuc406977,  4304,  0, 0, 0, , 0, 0, 0, 0, 0,
80,  1,  79,  81,  -1,  701, 262,  123.0,  23,  Nuc424204,  4009,  0, 0, 0, , 0, 0, 0, 0, 0,
81,  1,  80,  82,  -1,  752, 274,  138.0,  23,  Nuc441247,  4175,  0, 0, 0, , 0, 0, 0, 0, 0,
82,  1,  81,  83,  -1,  764, 236,  120.0,  23,  Nuc442514,  3538,  0, 0, 0, , 0, 0, 0, 0, 0,
83,  1,  82,  84,  -1,  398, 135,  110.0,  21,  Nuc445518,  2419,  0, 0, 0, , 0, 0, 0, 0, 0,
84,  1,  83,  85,  -1,  436, 218,  119.0,  23,  Nuc450559,  1419,  0, 0, 0, , 0, 0, 0, 0, 0,
85,  1,  83,  86,  -1,  382, 217,  123.0,  21,  Nuc450568,  1193,  0, 0, 0, , 0, 0, 0, 0, 0,
86,  1,  84,  87,  -1,  410, 166,  124.0,  23,  Nuc450579,  3024,  0, 0, 0, , 0, 0, 0, 0, 0,
87,  1,  85,  88,  -1,  369, 211,  137.0,  23,  Nuc451861,  2688,  0, 0, 0, , 0, 0, 0, 0, 0,
88,  1,  86,  89,  -1,  426, 318,  129.0,  23,  Nuc452171,  2122,  0, 0, 0, , 0, 0, 0, 0, 0,
89,  1,  87,  90,  -1,  292, 320,  125.0,  23,  Nuc452185,  1099,  0, 0, 0, , 0, 0, 0, 0, 0,
90,  1,  87,  91,  -1,  330, 274,  123.0,  23,  Nuc452191,  761,  0, 0, 0, , 0, 0, 0, 0, 0,
91,  1,  88,  -1,  -1,  427, 317,  121.0,  25,  Nuc452204,  315,  0, 0, 0, , 0, 0, 0, 0, 0,
92,  1,  89,  92,  -1,  394, 281,  124.0,  21,  Nuc452207,  2141,  0, 0, 0, , 0, 0, 0, 0, 0,
93,  1,  90,  93,  -1,  415, 262,  138.0,  23,  Nuc452224,  3971,  0, 0, 0, , 0, 0, 0, 0, 0,
94,  1,  91,  94,  -1,  463, 125,  109.0,  23,  Nuc454681,  2776,  0, 0, 0, , 0, 0, 0, 0, 0,
95,  1,  92,  95,  -1,  513, 130,  113.0,  21,  Nuc454942,  2485,  0, 0, 0, , 0, 0, 0, 0, 0,
96,  1,  93,  96,  -1,  477, 164,  124.0,  21,  Nuc457657,  3182,  0, 0, 0, , 0, 0, 0, 0, 0,
97,  1,  94,  97,  -1,  476, 273,  142.0,  23,  Nuc460157,  2563,  0, 0, 0, , 0, 0, 0, 0, 0,
98,  1,  95,  98,  -1,  446, 224,  128.0,  23,  Nuc462231,  1684,  0, 0, 0, , 0, 0, 0, 0, 0,
99,  1,  96,  99,  -1,  486, 265,  127.0,  25,  Nuc462351,  1782,  0, 0, 0, , 0, 0, 0, 0, 0,
100,  1,  97,  100,  -1,  455, 185,  136.0,  23,  Nuc462387,  3409,  0, 0, 0, , 0, 0, 0, 0, 0,
101,  1,  98,  101,  -1,  510, 188,  139.0,  23,  Nuc465728,  2578,  0, 0, 0, , 0, 0, 0, 0, 0,
102,  1,  99,  102,  -1,  909, 633,  127.0,  25,  Nuc466299,  4320,  0, 0, 0, , 0, 0, 0, 0, 0,
103,  1,  100,  103,  -1,  879, 630,  119.0,  23,  Nuc466608,  3925,  0, 0, 0, , 0, 0, 0, 0, 0,
104,  1,  101,  104,  -1,  939, 673,  104.0,  23,  Nuc478792,  3433,  0, 0, 0, , 0, 0, 0, 0, 0,
105,  1,  102,  105,  -1,  959, 607,  108.0,  23,  Nuc487385,  3959,  0, 0, 0, , 0, 0, 0, 0, 0,
106,  1,  103,  106,  -1,  857, 711,  128.0,  23,  Nuc497665,  3892,  0, 0, 0, , 0, 0, 0, 0, 0,
107,  1,  104,  107,  -1,  808, 676,  125.0,  23,  Nuc500824,  3893,  0, 0, 0, , 0, 0, 0, 0, 0,
108,  1,  105,  108,  -1,  889, 699,  116.0,  23,  Nuc541244,  3603,  0, 0, 0, , 0, 0, 0, 0, 0,
109,  1,  106,  109,  -1,  913, 739,  104.0,  23,  Nuc543594,  3384,  0, 0, 0, , 0, 0, 0, 0, 0,
110,  1,  107,  110,  -1,  817, 680,  142.0,  23,  Nuc546725,  5317,  0, 0, 0, , 0, 0, 0, 0, 0,
111,  1,  108,  111,  -1,  780, 762,  132.0,  23,  Nuc574123,  5612,  0, 0, 0, , 0, 0, 0, 0, 0,
112,  1,  109,  112,  -1,  746, 699,  129.0,  23,  Nuc578600,  4375,  0, 0, 0, , 0, 0, 0, 0, 0,
113,  1,  110,  113,  -1,  763, 633,  133.0,  25,  Nuc590739,  4951,  0, 0, 0, , 0, 0, 0, 0, 0,
114,  1,  111,  114,  -1,  704, 674,  143.0,  25,  Nuc606139,  4124,  0, 0, 0, , 0, 0, 0, 0, 0,
115,  1,  112,  115,  -1,  661, 672,  156.0,  23,  Nuc633997,  5828,  0, 0, 0, , 0, 0, 0, 0, 0,
116,  1,  113,  116,  -1,  764, 726,  146.0,  23,  Nuc668718,  5309,  0, 0, 0, , 0, 0, 0, 0, 0,
117,  1,  114,  117,  -1,  712, 707,  158.0,  23,  Nuc673187,  5426,  0, 0, 0, , 0, 0, 0, 0, 0,
118,  1,  115,  118,  -1,  338, 765,  151.0,  21,  Nuc682060,  2851,  0, 0, 0, , 0, 0, 0, 0, 0,
119,  1,  116,  119,  -1,  383, 721,  150.0,  25,  Nuc682071,  1707,  0, 0, 0, , 0, 0, 0, 0, 0,
120,  1,  117,  120,  -1,  415, 780,  147.0,  21,  Nuc685636,  2785,  0, 0, 0, , 0, 0, 0, 0, 0,
121,  1,  118,  121,  -1,  378, 823,  140.0,  23,  Nuc685660,  2305,  0, 0, 0, , 0, 0, 0, 0, 0,
122,  1,  119,  122,  -1,  428, 822,  137.0,  21,  Nuc686920,  2043,  0, 0, 0, , 0, 0, 0, 0, 0,
123,  1,  120,  123,  -1,  422, 864,  133.0,  23,  Nuc694113,  3058,  0, 0, 0, , 0, 0, 0, 0, 0,
124,  1,  121,  124,  125,  366, 772,  122.0,  21,  Nuc694430,  1619,  0, 0, 0, , 0, 0, 0, 0, 0,
125,  1,  122,  126,  -1,  334, 797,  129.0,  21,  Nuc694440,  2524,  0, 0, 0, , 0, 0, 0, 0, 0,
126,  1,  123,  127,  -1,  344, 836,  125.0,  21,  Nuc695088,  2274,  0, 0, 0, , 0, 0, 0, 0, 0,
127,  1,  124,  128,  -1,  893, 385,  120.0,  23,  Nuc701813,  4210,  0, 0, 0, , 0, 0, 0, 0, 0,
128,  1,  125,  129,  -1,  905, 442,  124.0,  23,  Nuc726379,  3955,  0, 0, 0, , 0, 0, 0, 0, 0,
129,  1,  126,  130,  -1,  898, 497,  123.0,  23,  Nuc727167,  4460,  0, 0, 0, , 0, 0, 0, 0, 0,
130,  1,  127,  131,  -1,  952, 482,  120.0,  23,  Nuc733895,  4164,  0, 0, 0, , 0, 0, 0, 0, 0,
131,  1,  128,  132,  -1,  838, 414,  127.0,  25,  Nuc736775,  4640,  0, 0, 0, , 0, 0, 0, 0, 0,
132,  1,  129,  133,  -1,  864, 415,  141.0,  25,  Nuc740820,  4865,  0, 0, 0, , 0, 0, 0, 0, 0,
133,  1,  130,  134,  -1,  839, 477,  136.0,  23,  Nuc744076,  3069,  0, 0, 0, , 0, 0, 0, 0, 0,
134,  1,  131,  135,  -1,  867, 510,  146.0,  23,  Nuc755983,  5471,  0, 0, 0, , 0, 0, 0, 0, 0,
135,  1,  132,  136,  -1,  766, 417,  134.0,  23,  Nuc765558,  5475,  0, 0, 0, , 0, 0, 0, 0, 0,
136,  1,  133,  137,  -1,  788, 469,  128.0,  23,  Nuc767135,  3418,  0, 0, 0, , 0, 0, 0, 0, 0,
137,  1,  134,  138,  -1,  720, 510,  148.0,  23,  Nuc777275,  3550,  0, 0, 0, , 0, 0, 0, 0, 0,
138,  1,  135,  139,  -1,  779, 528,  140.0,  23,  Nuc781777,  3926,  0, 0, 0, , 0, 0, 0, 0, 0,
139,  1,  136,  140,  -1,  783, 489,  158.0,  23,  Nuc781830,  5179,  0, 0, 0, , 0, 0, 0, 0, 0,
140,  1,  137,  141,  -1,  821, 444,  152.0,  23,  Nuc786038,  5842,  0, 0, 0, , 0, 0, 0, 0, 0,
141,  1,  138,  142,  -1,  752, 413,  157.0,  25,  Nuc787825,  5661,  0, 0, 0, , 0, 0, 0, 0, 0,
142,  1,  139,  143,  -1,  706, 441,  156.0,  23,  Nuc795087,  4853,  0, 0, 0, , 0, 0, 0, 0, 0,
143,  1,  140,  144,  -1,  813, 566,  135.0,  23,  Nuc799529,  5682,  0, 0, 0, , 0, 0, 0, 0, 0,
144,  1,  141,  145,  -1,  786, 606,  145.0,  23,  Nuc842574,  6003,  0, 0, 0, , 0, 0, 0, 0, 0,
145,  1,  142,  146,  -1,  861, 634,  139.0,  23,  Nuc846758,  5547,  0, 0, 0, , 0, 0, 0, 0, 0,
146,  1,  143,  147,  -1,  880, 564,  140.0,  23,  Nuc851359,  5305,  0, 0, 0, , 0, 0, 0, 0, 0,
147,  1,  144,  148,  -1,  843, 591,  126.0,  23,  Nuc855293,  3944,  0, 0, 0, , 0, 0, 0, 0, 0,
148,  1,  145,  149,  -1,  851, 522,  124.0,  23,  Nuc886398,  5050,  0, 0, 0, , 0, 0, 0, 0, 0,
149,  1,  146,  150,  -1,  910, 565,  118.0,  23,  Nuc895740,  5007,  0, 0, 0, , 0, 0, 0, 0, 0,
150,  1,  147,  151,  -1,  928, 564,  129.0,  23,  Nuc902815,  4116,  0, 0, 0, , 0, 0, 0, 0, 0,
151,  1,  148,  152,  -1,  970, 545,  111.0,  23,  Nuc906523,  3485,  0, 0, 0, , 0, 0, 0, 0, 0,
152,  1,  149,  153,  -1,  949, 505,  108.0,  23,  Nuc907623,  3599,  0, 0, 0, , 0, 0, 0, 0, 0,
153,  1,  150,  154,  -1,  746, 572,  130.0,  23,  Nuc911904,  3788,  0, 0, 0, , 0, 0, 0, 0, 0,
154,  1,  151,  155,  -1,  715, 587,  142.0,  23,  Nuc938595,  3703,  0, 0, 0, , 0, 0, 0, 0, 0,
155,  1,  152,  156,  -1,  767, 653,  157.0,  23,  Nuc953003,  5822,  0, 0, 0, , 0, 0, 0, 0, 0,
156,  1,  153,  157,  -1,  748, 595,  168.0,  21,  Nuc954598,  4458,  0, 0, 0, , 0, 0, 0, 0, 0,
157,  1,  154,  158,  -1,  727, 604,  156.0,  23,  Nuc956967,  5098,  0, 0, 0, , 0, 0, 0, 0, 0,
158,  1,  155,  159,  -1,  830, 599,  153.0,  23,  Nuc966767,  6287,  0, 0, 0, , 0, 0, 0, 0, 0,
159,  1,  156,  160,  -1,  798, 547,  159.0,  23,  Nuc967916,  6016,  0, 0, 0, , 0, 0, 0, 0, 0,
160,  1,  157,  161,  -1,  522, 576,  146.0,  23,  Nuc1024122,  3427,  0, 0, 0, , 0, 0, 0, 0, 0,
161,  1,  158,  162,  -1,  476, 593,  147.0,  23,  Nuc1056918,  3202,  0, 0, 0, , 0, 0, 0, 0, 0,
162,  1,  159,  163,  -1,  284, 821,  116.0,  21,  Nuc1057053,  952,  0, 0, 0, , 0, 0, 0, 0, 0,
163,  1,  159,  164,  -1,  287, 767,  120.0,  23,  Nuc1057164,  2288,  0, 0, 0, , 0, 0, 0, 0, 0,
164,  1,  160,  165,  166,  308, 760,  132.0,  21,  Nuc1057285,  2004,  0, 0, 0, , 0, 0, 0, 0, 0,
165,  1,  161,  167,  -1,  485, 717,  125.0,  23,  Nuc1057343,  3756,  0, 0, 0, , 0, 0, 0, 0, 0,
166,  1,  162,  168,  -1,  366, 739,  135.0,  23,  Nuc1057654,  3073,  0, 0, 0, , 0, 0, 0, 0, 0,
167,  1,  163,  169,  170,  454, 748,  139.0,  23,  Nuc1057676,  3675,  0, 0, 0, , 0, 0, 0, 0, 0,
168,  1,  164,  171,  -1,  432, 691,  144.0,  23,  Nuc1057741,  4008,  0, 0, 0, , 0, 0, 0, 0, 0,
169,  1,  165,  172,  -1,  477, 710,  150.0,  23,  Nuc1057759,  3055,  0, 0, 0, , 0, 0, 0, 0, 0,
170,  1,  166,  173,  174,  534, 599,  133.0,  23,  Nuc1057911,  1727,  0, 0, 0, , 0, 0, 0, 0, 0,
171,  1,  167,  175,  -1,  580, 639,  130.0,  23,  Nuc1058191,  3952,  0, 0, 0, , 0, 0, 0, 0, 0,
172,  1,  168,  176,  -1,  559, 651,  148.0,  23,  Nuc1062367,  3079,  0, 0, 0, , 0, 0, 0, 0, 0,
173,  1,  169,  177,  -1,  539, 695,  139.0,  23,  Nuc1091588,  4881,  0, 0, 0, , 0, 0, 0, 0, 0,
174,  1,  170,  -1,  -1,  540, 695,  132.0,  23,  Nuc1092031,  1997,  0, 0, 0, , 0, 0, 0, 0, 0,
175,  1,  171,  178,  -1,  545, 699,  125.0,  25,  Nuc1092033,  3497,  0, 0, 0, , 0, 0, 0, 0, 0,
176,  1,  172,  179,  -1,  621, 639,  148.0,  21,  Nuc1102215,  1565,  0, 0, 0, , 0, 0, 0, 0, 0,
177,  1,  173,  180,  -1,  617, 692,  142.0,  23,  Nuc1124419,  4690,  0, 0, 0, , 0, 0, 0, 0, 0,
178,  1,  174,  181,  -1,  633, 692,  129.0,  25,  Nuc1129019,  3741,  0, 0, 0, , 0, 0, 0, 0, 0,
179,  1,  175,  182,  -1,  588, 752,  122.0,  25,  Nuc1145048,  5544,  0, 0, 0, , 0, 0, 0, 0, 0,
180,  1,  176,  183,  -1,  604, 750,  134.0,  23,  Nuc1145221,  3907,  0, 0, 0, , 0, 0, 0, 0, 0,
181,  1,  177,  184,  185,  449, 573,  138.0,  23,  Nuc1208202,  2329,  0, 0, 0, , 0, 0, 0, 0, 0,
182,  1,  179,  186,  -1,  452, 524,  130.0,  23,  Nuc1208663,  2516,  0, 0, 0, , 0, 0, 0, 0, 0,
183,  1,  180,  -1,  -1,  553, 543,  125.0,  27,  Nuc1208678,  1293,  0, 0, 0, , 0, 0, 0, 0, 0,
184,  1,  181,  187,  -1,  508, 511,  130.0,  23,  Nuc1208680,  3122,  0, 0, 0, , 0, 0, 0, 0, 0,
185,  1,  182,  188,  -1,  561, 733,  148.0,  23,  Nuc1210619,  3337,  0, 0, 0, , 0, 0, 0, 0, 0,
186,  1,  183,  189,  -1,  557, 811,  150.0,  23,  Nuc1231748,  4064,  0, 0, 0, , 0, 0, 0, 0, 0,
187,  1,  184,  190,  -1,  542, 862,  135.0,  23,  Nuc1234867,  4220,  0, 0, 0, , 0, 0, 0, 0, 0,
188,  1,  185,  191,  -1,  461, 822,  150.0,  23,  Nuc1247457,  4067,  0, 0, 0, , 0, 0, 0, 0, 0,
189,  1,  186,  192,  -1,  479, 807,  140.0,  23,  Nuc1248922,  2562,  0, 0, 0, , 0, 0, 0, 0, 0,
190,  1,  187,  193,  -1,  501, 756,  155.0,  25,  Nuc1262376,  4122,  0, 0, 0, , 0, 0, 0, 0, 0,
191,  1,  188,  194,  -1,  468, 767,  163.0,  23,  Nuc1270021,  4239,  0, 0, 0, , 0, 0, 0, 0, 0,
192,  1,  189,  195,  -1,  671, 573,  133.0,  23,  Nuc1272770,  3986,  0, 0, 0, , 0, 0, 0, 0, 0,
193,  1,  190,  196,  -1,  667, 632,  133.0,  25,  Nuc1330328,  2715,  0, 0, 0, , 0, 0, 0, 0, 0,
194,  1,  191,  197,  -1,  651, 599,  152.0,  23,  Nuc1335660,  4608,  0, 0, 0, , 0, 0, 0, 0, 0,
195,  1,  192,  198,  -1,  595, 586,  140.0,  23,  Nuc1336678,  3734,  0, 0, 0, , 0, 0, 0, 0, 0,
196,  1,  193,  199,  -1,  553, 544,  134.0,  23,  Nuc1344447,  3666,  0, 0, 0, , 0, 0, 0, 0, 0,
197,  1,  194,  200,  -1,  611, 526,  137.0,  23,  Nuc1390593,  2573,  0, 0, 0, , 0, 0, 0, 0, 0,
198,  1,  195,  201,  -1,  675, 495,  132.0,  23,  Nuc1418348,  5335,  0, 0, 0, , 0, 0, 0, 0, 0,
199,  1,  196,  202,  -1,  479, 393,  146.0,  23,  Nuc1418789,  3078,  0, 0, 0, , 0, 0, 0, 0, 0,
200,  1,  197,  203,  -1,  393, 611,  158.0,  21,  Nuc1418869,  1389,  0, 0, 0, , 0, 0, 0, 0, 0,
201,  1,  198,  204,  -1,  413, 569,  155.0,  23,  Nuc1419055,  2797,  0, 0, 0, , 0, 0, 0, 0, 0,
202,  1,  199,  205,  -1,  412, 521,  153.0,  21,  Nuc1419068,  3357,  0, 0, 0, , 0, 0, 0, 0, 0,
203,  1,  200,  206,  -1,  423, 525,  179.0,  23,  Nuc1419100,  3578,  0, 0, 0, , 0, 0, 0, 0, 0,
204,  1,  201,  207,  -1,  432, 555,  168.0,  23,  Nuc1419546,  3571,  0, 0, 0, , 0, 0, 0, 0, 0,
205,  1,  202,  208,  -1,  504, 441,  133.0,  23,  Nuc1426681,  3721,  0, 0, 0, , 0, 0, 0, 0, 0,
206,  1,  203,  209,  -1,  505, 440,  128.0,  23,  Nuc1426686,  3653,  0, 0, 0, , 0, 0, 0, 0, 0,
207,  1,  204,  210,  211,  460, 465,  128.0,  23,  Nuc1426694,  3073,  0, 0, 0, , 0, 0, 0, 0, 0,
208,  1,  205,  212,  -1,  623, 462,  130.0,  23,  Nuc1431515,  3094,  0, 0, 0, , 0, 0, 0, 0, 0,
209,  1,  206,  213,  -1,  554, 464,  130.0,  23,  Nuc1453053,  3415,  0, 0, 0, , 0, 0, 0, 0, 0,
210,  1,  207,  214,  -1,  457, 502,  162.0,  21,  Nuc1468264,  2383,  0, 0, 0, , 0, 0, 0, 0, 0,
211,  1,  208,  215,  -1,  467, 515,  152.0,  23,  Nuc1468873,  3280,  0, 0, 0, , 0, 0, 0, 0, 0,
212,  1,  209,  216,  -1,  525, 534,  151.0,  21,  Nuc1476758,  702,  0, 0, 0, , 0, 0, 0, 0, 0,
213,  1,  209,  217,  -1,  498, 535,  145.0,  23,  Nuc1476760,  3706,  0, 0, 0, , 0, 0, 0, 0, 0,
214,  1,  210,  218,  -1,  474, 455,  150.0,  23,  Nuc1476775,  2357,  0, 0, 0, , 0, 0, 0, 0, 0,
215,  1,  211,  219,  -1,  514, 476,  141.0,  21,  Nuc1483138,  2243,  0, 0, 0, , 0, 0, 0, 0, 0,
216,  1,  212,  220,  -1,  372, 376,  166.0,  23,  Nuc1483234,  2594,  0, 0, 0, , 0, 0, 0, 0, 0,
217,  1,  213,  221,  -1,  332, 366,  170.0,  23,  Nuc1492370,  3538,  0, 0, 0, , 0, 0, 0, 0, 0,
218,  1,  214,  222,  223,  309, 472,  165.0,  19,  Nuc1492477,  1559,  0, 0, 0, , 0, 0, 0, 0, 0,
219,  1,  215,  224,  -1,  285, 435,  169.0,  21,  Nuc1492488,  1938,  0, 0, 0, , 0, 0, 0, 0, 0,
220,  1,  216,  225,  -1,  410, 379,  176.0,  23,  Nuc1493012,  5919,  0, 0, 0, , 0, 0, 0, 0, 0,
221,  1,  217,  226,  -1,  414, 470,  157.0,  23,  Nuc1493162,  2768,  0, 0, 0, , 0, 0, 0, 0, 0,
222,  1,  218,  227,  -1,  324, 401,  158.0,  23,  Nuc1493182,  1955,  0, 0, 0, , 0, 0, 0, 0, 0,
223,  1,  219,  228,  -1,  385, 424,  160.0,  21,  Nuc1493192,  3363,  0, 0, 0, , 0, 0, 0, 0, 0,
224,  1,  220,  229,  -1,  462, 293,  165.0,  23,  Nuc1493234,  2988,  0, 0, 0, , 0, 0, 0, 0, 0,
225,  1,  221,  230,  -1,  289, 354,  158.0,  21,  Nuc1493605,  2472,  0, 0, 0, , 0, 0, 0, 0, 0,
226,  1,  222,  231,  -1,  338, 328,  160.0,  23,  Nuc1493615,  2801,  0, 0, 0, , 0, 0, 0, 0, 0,
227,  1,  223,  232,  -1,  396, 317,  165.0,  23,  Nuc1493774,  3923,  0, 0, 0, , 0, 0, 0, 0, 0,
228,  1,  224,  -1,  -1,  436, 419,  160.0,  23,  Nuc1494676,  2827,  0, 0, 0, , 0, 0, 0, 0, 0,
229,  1,  225,  233,  -1,  421, 372,  156.0,  21,  Nuc1494678,  2965,  0, 0, 0, , 0, 0, 0, 0, 0,
230,  1,  226,  234,  -1,  338, 272,  137.0,  23,  Nuc1494730,  2555,  0, 0, 0, , 0, 0, 0, 0, 0,
231,  1,  227,  235,  -1,  359, 264,  150.0,  23,  Nuc1496173,  3750,  0, 0, 0, , 0, 0, 0, 0, 0,
232,  1,  228,  236,  -1,  389, 320,  143.0,  23,  Nuc1496186,  2551,  0, 0, 0, , 0, 0, 0, 0, 0,
233,  1,  229,  237,  -1,  429, 262,  156.0,  23,  Nuc1496376,  3143,  0, 0, 0, , 0, 0, 0, 0, 0,
234,  1,  230,  238,  -1,  417, 214,  146.0,  23,  Nuc1497062,  3608,  0, 0, 0, , 0, 0, 0, 0, 0,
235,  1,  231,  239,  -1,  664, 300,  152.0,  21,  Nuc1500736,  3677,  0, 0, 0, , 0, 0, 0, 0, 0,
236,  1,  232,  240,  -1,  630, 347,  164.0,  23,  Nuc1503367,  3901,  0, 0, 0, , 0, 0, 0, 0, 0,
237,  1,  233,  241,  -1,  620, 395,  154.0,  23,  Nuc1508347,  1817,  0, 0, 0, , 0, 0, 0, 0, 0,
238,  1,  234,  242,  -1,  664, 372,  140.0,  23,  Nuc1510132,  3177,  0, 0, 0, , 0, 0, 0, 0, 0,
239,  1,  235,  243,  -1,  604, 399,  131.0,  23,  Nuc1514879,  3037,  0, 0, 0, , 0, 0, 0, 0, 0,
240,  1,  236,  244,  -1,  549, 402,  141.0,  23,  Nuc1514900,  2742,  0, 0, 0, , 0, 0, 0, 0, 0,
241,  1,  237,  245,  -1,  652, 327,  126.0,  23,  Nuc1545772,  3357,  0, 0, 0, , 0, 0, 0, 0, 0,
242,  1,  238,  246,  -1,  596, 332,  145.0,  23,  Nuc1551436,  3722,  0, 0, 0, , 0, 0, 0, 0, 0,
243,  1,  239,  247,  -1,  471, 320,  152.0,  21,  Nuc1553372,  1219,  0, 0, 0, , 0, 0, 0, 0, 0,
244,  1,  240,  248,  -1,  534, 324,  140.0,  23,  Nuc1560739,  1811,  0, 0, 0, , 0, 0, 0, 0, 0,
245,  1,  241,  249,  -1,  542, 271,  152.0,  23,  Nuc1572640,  4498,  0, 0, 0, , 0, 0, 0, 0, 0,
246,  1,  242,  250,  -1,  498, 230,  153.0,  23,  Nuc1575662,  3552,  0, 0, 0, , 0, 0, 0, 0, 0,
247,  1,  243,  251,  -1,  593, 276,  159.0,  23,  Nuc1577624,  4288,  0, 0, 0, , 0, 0, 0, 0, 0,
248,  1,  244,  252,  -1,  574, 329,  166.0,  23,  Nuc1581757,  4594,  0, 0, 0, , 0, 0, 0, 0, 0,
249,  1,  245,  253,  -1,  463, 361,  172.0,  21,  Nuc1584294,  3949,  0, 0, 0, , 0, 0, 0, 0, 0,
250,  1,  246,  254,  -1,  511, 319,  168.0,  23,  Nuc1584419,  4911,  0, 0, 0, , 0, 0, 0, 0, 0,
251,  1,  247,  255,  -1,  647, 461,  154.0,  23,  Nuc1584593,  6488,  0, 0, 0, , 0, 0, 0, 0, 0,
252,  1,  248,  256,  -1,  660, 440,  140.0,  23,  Nuc1602917,  3801,  0, 0, 0, , 0, 0, 0, 0, 0,
253,  1,  249,  257,  -1,  718, 438,  130.0,  25,  Nuc1622765,  4180,  0, 0, 0, , 0, 0, 0, 0, 0,
254,  1,  250,  258,  -1,  671, 407,  128.0,  23,  Nuc1639849,  3486,  0, 0, 0, , 0, 0, 0, 0, 0,
255,  1,  251,  259,  -1,  640, 527,  167.0,  21,  Nuc1640584,  6588,  0, 0, 0, , 0, 0, 0, 0, 0,
256,  1,  252,  260,  -1,  660, 496,  144.0,  23,  Nuc1643531,  6505,  0, 0, 0, , 0, 0, 0, 0, 0,
257,  1,  253,  261,  -1,  635, 527,  150.0,  23,  Nuc1647662,  4961,  0, 0, 0, , 0, 0, 0, 0, 0,
258,  1,  254,  262,  -1,  689, 575,  157.0,  21,  Nuc1703101,  6034,  0, 0, 0, , 0, 0, 0, 0, 0,
259,  1,  255,  263,  -1,  672, 542,  158.0,  21,  Nuc1707828,  3242,  0, 0, 0, , 0, 0, 0, 0, 0,
260,  1,  256,  264,  -1,  655, 556,  145.0,  21,  Nuc1707962,  3868,  0, 0, 0, , 0, 0, 0, 0, 0,
261,  1,  257,  265,  -1,  690, 540,  138.0,  23,  Nuc1738825,  3748,  0, 0, 0, , 0, 0, 0, 0, 0,
262,  1,  258,  266,  -1,  509, 492,  154.0,  23,  Nuc1740626,  3852,  0, 0, 0, , 0, 0, 0, 0, 0,
263,  1,  259,  267,  -1,  525, 534,  158.0,  23,  Nuc1750714,  5282,  0, 0, 0, , 0, 0, 0, 0, 0,
264,  1,  260,  268,  -1,  572, 529,  147.0,  23,  Nuc1754964,  4964,  0, 0, 0, , 0, 0, 0, 0, 0,
265,  1,  261,  269,  -1,  551, 579,  153.0,  23,  Nuc1755554,  5763,  0, 0, 0, , 0, 0, 0, 0, 0,
266,  1,  262,  270,  -1,  523, 519,  172.0,  21,  Nuc1759771,  4614,  0, 0, 0, , 0, 0, 0, 0, 0,
267,  1,  263,  271,  -1,  530, 473,  173.0,  21,  Nuc1762241,  5829,  0, 0, 0, , 0, 0, 0, 0, 0,
268,  1,  264,  272,  -1,  483, 503,  177.0,  21,  Nuc1763422,  3960,  0, 0, 0, , 0, 0, 0, 0, 0,
269,  1,  265,  273,  -1,  441, 480,  174.0,  21,  Nuc1763567,  1765,  0, 0, 0, , 0, 0, 0, 0, 0,
270,  1,  266,  274,  -1,  489, 443,  169.0,  23,  Nuc1763587,  4023,  0, 0, 0, , 0, 0, 0, 0, 0,
271,  1,  267,  275,  -1,  437, 418,  167.0,  23,  Nuc1765090,  4967,  0, 0, 0, , 0, 0, 0, 0, 0,
272,  1,  268,  276,  -1,  500, 488,  167.0,  21,  Nuc1772024,  2951,  0, 0, 0, , 0, 0, 0, 0, 0,
273,  1,  269,  277,  -1,  479, 572,  158.0,  23,  Nuc1773079,  3758,  0, 0, 0, , 0, 0, 0, 0, 0,
274,  1,  270,  278,  -1,  426, 726,  166.0,  21,  Nuc1773185,  6478,  0, 0, 0, , 0, 0, 0, 0, 0,
275,  1,  271,  279,  -1,  403, 669,  160.0,  23,  Nuc1783542,  5299,  0, 0, 0, , 0, 0, 0, 0, 0,
276,  1,  272,  280,  -1,  335, 584,  163.0,  23,  Nuc1784087,  3251,  0, 0, 0, , 0, 0, 0, 0, 0,
277,  1,  273,  281,  -1,  358, 701,  168.0,  21,  Nuc1784120,  1867,  0, 0, 0, , 0, 0, 0, 0, 0,
278,  1,  274,  282,  283,  310, 701,  159.0,  21,  Nuc1784500,  2468,  0, 0, 0, , 0, 0, 0, 0, 0,
279,  1,  275,  284,  -1,  274, 597,  165.0,  21,  Nuc1785273,  660,  0, 0, 0, , 0, 0, 0, 0, 0,
280,  1,  275,  285,  -1,  308, 620,  156.0,  21,  Nuc1785351,  1211,  0, 0, 0, , 0, 0, 0, 0, 0,
281,  1,  276,  286,  -1,  345, 649,  157.0,  21,  Nuc1787972,  1969,  0, 0, 0, , 0, 0, 0, 0, 0,
282,  1,  277,  287,  -1,  427, 613,  169.0,  23,  Nuc1787983,  3550,  0, 0, 0, , 0, 0, 0, 0, 0,
283,  1,  278,  288,  -1,  352, 603,  174.0,  23,  Nuc1793847,  4560,  0, 0, 0, , 0, 0, 0, 0, 0,
284,  1,  279,  289,  -1,  374, 653,  175.0,  23,  Nuc1793862,  3755,  0, 0, 0, , 0, 0, 0, 0, 0,
285,  1,  280,  290,  -1,  468, 422,  182.0,  23,  Nuc1794128,  5291,  0, 0, 0, , 0, 0, 0, 0, 0,
286,  1,  281,  291,  -1,  545, 420,  177.0,  23,  Nuc1794471,  5515,  0, 0, 0, , 0, 0, 0, 0, 0,
287,  1,  282,  292,  -1,  525, 365,  174.0,  23,  Nuc1795184,  4757,  0, 0, 0, , 0, 0, 0, 0, 0,
288,  1,  283,  293,  -1,  624, 464,  170.0,  23,  Nuc1800336,  6680,  0, 0, 0, , 0, 0, 0, 0, 0,
289,  1,  284,  294,  -1,  616, 407,  174.0,  23,  Nuc1842027,  5942,  0, 0, 0, , 0, 0, 0, 0, 0,
290,  1,  285,  295,  -1,  698, 371,  161.0,  23,  Nuc1848880,  5671,  0, 0, 0, , 0, 0, 0, 0, 0,
291,  1,  286,  296,  -1,  679, 415,  168.0,  23,  Nuc1849846,  6159,  0, 0, 0, , 0, 0, 0, 0, 0,
292,  1,  287,  297,  -1,  653, 506,  177.0,  23,  Nuc1850310,  6927,  0, 0, 0, , 0, 0, 0, 0, 0,
293,  1,  288,  298,  -1,  677, 462,  174.0,  23,  Nuc1850856,  5695,  0, 0, 0, , 0, 0, 0, 0, 0,
294,  1,  289,  299,  -1,  743, 469,  168.0,  21,  Nuc1851814,  5063,  0, 0, 0, , 0, 0, 0, 0, 0,
295,  1,  290,  300,  -1,  689, 507,  167.0,  21,  Nuc1854173,  6796,  0, 0, 0, , 0, 0, 0, 0, 0,
296,  1,  291,  301,  -1,  740, 516,  169.0,  21,  Nuc1858792,  4863,  0, 0, 0, , 0, 0, 0, 0, 0,
297,  1,  292,  302,  -1,  631, 583,  168.0,  23,  Nuc1862224,  5586,  0, 0, 0, , 0, 0, 0, 0, 0,
298,  1,  293,  303,  -1,  684, 569,  172.0,  23,  Nuc1863110,  5402,  0, 0, 0, , 0, 0, 0, 0, 0,
299,  1,  294,  304,  -1,  747, 544,  158.0,  21,  Nuc1867436,  3635,  0, 0, 0, , 0, 0, 0, 0, 0,
300,  1,  295,  305,  -1,  708, 535,  163.0,  21,  Nuc1867567,  4662,  0, 0, 0, , 0, 0, 0, 0, 0,
301,  1,  296,  306,  -1,  733, 555,  171.0,  21,  Nuc1868202,  3599,  0, 0, 0, , 0, 0, 0, 0, 0,
302,  1,  297,  307,  -1,  472, 682,  177.0,  23,  Nuc1869398,  3783,  0, 0, 0, , 0, 0, 0, 0, 0,
303,  1,  298,  308,  -1,  418, 673,  176.0,  23,  Nuc1869775,  5717,  0, 0, 0, , 0, 0, 0, 0, 0,
304,  1,  299,  309,  -1,  630, 709,  168.0,  23,  Nuc1870005,  6132,  0, 0, 0, , 0, 0, 0, 0, 0,
305,  1,  300,  310,  -1,  591, 687,  158.0,  23,  Nuc1871460,  6087,  0, 0, 0, , 0, 0, 0, 0, 0,
306,  1,  301,  311,  -1,  619, 779,  155.0,  23,  Nuc1876965,  5416,  0, 0, 0, , 0, 0, 0, 0, 0,
307,  1,  302,  312,  -1,  567, 754,  163.0,  23,  Nuc1880451,  5858,  0, 0, 0, , 0, 0, 0, 0, 0,
308,  1,  303,  313,  -1,  516, 652,  179.0,  25,  Nuc1883049,  5575,  0, 0, 0, , 0, 0, 0, 0, 0,
309,  1,  304,  314,  -1,  563, 662,  172.0,  23,  Nuc1886234,  6183,  0, 0, 0, , 0, 0, 0, 0, 0,
310,  1,  305,  315,  -1,  489, 718,  171.0,  23,  Nuc1889464,  5570,  0, 0, 0, , 0, 0, 0, 0, 0,
311,  1,  306,  316,  -1,  549, 720,  169.0,  23,  Nuc1890971,  5759,  0, 0, 0, , 0, 0, 0, 0, 0,
312,  1,  307,  317,  -1,  624, 643,  171.0,  23,  Nuc1892161,  5019,  0, 0, 0, , 0, 0, 0, 0, 0,
313,  1,  308,  318,  -1,  693, 646,  167.0,  23,  Nuc1918899,  6368,  0, 0, 0, , 0, 0, 0, 0, 0,
314,  1,  309,  319,  -1,  572, 618,  179.0,  23,  Nuc1921290,  6265,  0, 0, 0, , 0, 0, 0, 0, 0,
315,  1,  310,  320,  -1,  572, 565,  180.0,  23,  Nuc1921413,  5339,  0, 0, 0, , 0, 0, 0, 0, 0,
316,  1,  311,  321,  -1,  576, 458,  181.0,  23,  Nuc1922088,  5448,  0, 0, 0, , 0, 0, 0, 0, 0,
317,  1,  312,  322,  -1,  623, 548,  178.0,  23,  Nuc1922188,  6790,  0, 0, 0, , 0, 0, 0, 0, 0,
318,  1,  313,  323,  -1,  504, 601,  184.0,  23,  Nuc1923304,  4832,  0, 0, 0, , 0, 0, 0, 0, 0,
319,  1,  314,  324,  -1,  453, 632,  181.0,  23,  Nuc1924243,  4701,  0, 0, 0, , 0, 0, 0, 0, 0,
320,  1,  315,  325,  -1,  440, 581,  182.0,  23,  Nuc1934137,  3230,  0, 0, 0, , 0, 0, 0, 0, 0,
321,  1,  316,  326,  -1,  467, 665,  167.0,  23,  Nuc1934278,  3704,  0, 0, 0, , 0, 0, 0, 0, 0,
322,  1,  317,  327,  -1,  518, 625,  157.0,  23,  Nuc1942133,  2820,  0, 0, 0, , 0, 0, 0, 0, 0,
323,  1,  318,  328,  -1,  456, 635,  155.0,  23,  Nuc1943197,  4016,  0, 0, 0, , 0, 0, 0, 0, 0,
324,  1,  319,  329,  -1,  518, 686,  158.0,  23,  Nuc1943231,  3549,  0, 0, 0, , 0, 0, 0, 0, 0,
325,  1,  320,  330,  -1,  532, 584,  168.0,  21,  Nuc1950064,  2522,  0, 0, 0, , 0, 0, 0, 0, 0,
326,  1,  321,  331,  -1,  484, 537,  169.0,  21,  Nuc1950330,  3904,  0, 0, 0, , 0, 0, 0, 0, 0,
327,  1,  322,  332,  -1,  483, 594,  172.0,  23,  Nuc1953392,  5027,  0, 0, 0, , 0, 0, 0, 0, 0,
328,  1,  323,  333,  -1,  405, 534,  187.0,  23,  Nuc1953742,  2024,  0, 0, 0, , 0, 0, 0, 0, 0,
329,  1,  324,  334,  -1,  399, 451,  184.0,  23,  Nuc1954713,  3033,  0, 0, 0, , 0, 0, 0, 0, 0,
330,  1,  325,  335,  -1,  495, 529,  185.0,  23,  Nuc1954947,  4662,  0, 0, 0, , 0, 0, 0, 0, 0,
331,  1,  326,  336,  -1,  570, 514,  182.0,  23,  Nuc1955384,  6125,  0, 0, 0, , 0, 0, 0, 0, 0,
332,  1,  327,  337,  -1,  533, 550,  181.0,  23,  Nuc1967354,  6575,  0, 0, 0, , 0, 0, 0, 0, 0,
333,  1,  328,  338,  -1,  511, 466,  184.0,  23,  Nuc1968446,  4204,  0, 0, 0, , 0, 0, 0, 0, 0,
334,  1,  329,  339,  -1,  446, 495,  186.0,  23,  Nuc1968608,  4284,  0, 0, 0, , 0, 0, 0, 0, 0,
335,  1,  330,  340,  -1,  581, 619,  161.0,  23,  Nuc1968845,  5018,  0, 0, 0, , 0, 0, 0, 0, 0,
336,  1,  331,  341,  -1,  589, 518,  171.0,  23,  Nuc2004969,  6799,  0, 0, 0, , 0, 0, 0, 0, 0,
337,  1,  332,  342,  -1,  594, 559,  158.0,  23,  Nuc2006241,  4970,  0, 0, 0, , 0, 0, 0, 0, 0,
338,  1,  333,  343,  -1,  401, 760,  160.0,  23,  Nuc2009253,  4435,  0, 0, 0, , 0, 0, 0, 0, 0,
339,  1,  334,  344,  -1,  551, 498,  162.0,  23,  Nuc2012793,  5167,  0, 0, 0, , 0, 0, 0, 0, 0,
340,  1,  335,  345,  -1,  525, 366,  157.0,  23,  Nuc2021752,  3544,  0, 0, 0, , 0, 0, 0, 0, 0,
341,  1,  336,  346,  -1,  570, 402,  165.0,  23,  Nuc2024305,  5376,  0, 0, 0, , 0, 0, 0, 0, 0,
342,  1,  337,  347,  -1,  527, 438,  156.0,  23,  Nuc2034650,  3713,  0, 0, 0, , 0, 0, 0, 0, 0,
343,  1,  338,  348,  -1,  577, 456,  165.0,  21,  Nuc2034693,  5054,  0, 0, 0, , 0, 0, 0, 0, 0,
344,  1,  339,  349,  -1,  670, 501,  156.0,  21,  Nuc2034840,  3839,  0, 0, 0, , 0, 0, 0, 0, 0,
345,  1,  340,  350,  -1,  607, 497,  155.0,  23,  Nuc2054044,  4154,  0, 0, 0, , 0, 0, 0, 0, 0,
346,  1,  342,  351,  352,  288, 458,  153.0,  23,  Nuc2064306,  2619,  0, 0, 0, , 0, 0, 0, 0, 0,
347,  1,  343,  353,  -1,  345, 472,  149.0,  23,  Nuc2064468,  2590,  0, 0, 0, , 0, 0, 0, 0, 0,
348,  1,  344,  354,  -1,  248, 625,  155.0,  21,  Nuc2064584,  1501,  0, 0, 0, , 0, 0, 0, 0, 0,
349,  1,  345,  355,  -1,  304, 656,  145.0,  21,  Nuc2064665,  2996,  0, 0, 0, , 0, 0, 0, 0, 0,
350,  1,  346,  -1,  -1,  338, 770,  144.0,  21,  Nuc2064675,  2017,  0, 0, 0, , 0, 0, 0, 0, 0,
351,  1,  346,  356,  -1,  319, 711,  142.0,  23,  Nuc2064676,  1512,  0, 0, 0, , 0, 0, 0, 0, 0,
352,  1,  347,  357,  -1,  444, 354,  138.0,  23,  Nuc2064824,  2712,  0, 0, 0, , 0, 0, 0, 0, 0,
353,  1,  348,  358,  359,  484, 334,  127.0,  23,  Nuc2064899,  2297,  0, 0, 0, , 0, 0, 0, 0, 0,
354,  1,  349,  360,  -1,  376, 388,  143.0,  23,  Nuc2070291,  2258,  0, 0, 0, , 0, 0, 0, 0, 0,
355,  1,  350,  361,  -1,  353, 334,  123.0,  23,  Nuc2070319,  833,  0, 0, 0, , 0, 0, 0, 0, 0,
356,  1,  350,  362,  -1,  398, 375,  126.0,  25,  Nuc2070329,  2495,  0, 0, 0, , 0, 0, 0, 0, 0,
357,  1,  351,  363,  -1,  348, 548,  179.0,  21,  Nuc2070375,  3577,  0, 0, 0, , 0, 0, 0, 0, 0,
358,  1,  352,  364,  -1,  348, 550,  175.0,  21,  Nuc2070508,  3040,  0, 0, 0, , 0, 0, 0, 0, 0,
359,  1,  353,  365,  -1,  298, 563,  168.0,  21,  Nuc2070517,  2206,  0, 0, 0, , 0, 0, 0, 0, 0,
360,  1,  354,  366,  -1,  386, 839,  108.0,  23,  Nuc2070791,  799,  0, 0, 0, , 0, 0, 0, 0, 0,
361,  1,  355,  367,  -1,  375, 887,  107.0,  21,  Nuc2071269,  1970,  0, 0, 0, , 0, 0, 0, 0, 0,
362,  1,  356,  368,  -1,  379, 909,  97.0,  21,  Nuc2080673,  1652,  0, 0, 0, , 0, 0, 0, 0, 0,
363,  1,  357,  369,  -1,  372, 606,  141.0,  23,  Nuc2080733,  3109,  0, 0, 0, , 0, 0, 0, 0, 0,
364,  1,  358,  370,  -1,  416, 629,  142.0,  25,  Nuc2080737,  2366,  0, 0, 0, , 0, 0, 0, 0, 0,
365,  1,  359,  371,  -1,  370, 680,  139.0,  23,  Nuc2080774,  1891,  0, 0, 0, , 0, 0, 0, 0, 0,
366,  1,  360,  372,  -1,  248, 336,  148.0,  23,  Nuc2080845,  2332,  0, 0, 0, , 0, 0, 0, 0, 0,
367,  1,  361,  373,  -1,  299, 508,  170.0,  21,  Nuc2081071,  2983,  0, 0, 0, , 0, 0, 0, 0, 0,
368,  1,  362,  374,  -1,  396, 490,  170.0,  21,  Nuc2081300,  489,  0, 0, 0, , 0, 0, 0, 0, 0,
369,  1,  362,  375,  -1,  372, 535,  168.0,  23,  Nuc2081303,  2803,  0, 0, 0, , 0, 0, 0, 0, 0,
370,  1,  363,  -1,  -1,  372, 535,  161.0,  21,  Nuc2084624,  1504,  0, 0, 0, , 0, 0, 0, 0, 0,
371,  1,  363,  376,  -1,  359, 487,  164.0,  21,  Nuc2084625,  2219,  0, 0, 0, , 0, 0, 0, 0, 0,
372,  1,  364,  377,  -1,  414, 844,  122.0,  21,  Nuc2084908,  2102,  0, 0, 0, , 0, 0, 0, 0, 0,
373,  1,  365,  378,  -1,  373, 869,  118.0,  21,  Nuc2087965,  2348,  0, 0, 0, , 0, 0, 0, 0, 0,
374,  1,  366,  379,  -1,  342, 492,  178.0,  23,  Nuc2088519,  2698,  0, 0, 0, , 0, 0, 0, 0, 0,
375,  1,  367,  380,  -1,  354, 437,  175.0,  23,  Nuc2088539,  2086,  0, 0, 0, , 0, 0, 0, 0, 0,
376,  1,  368,  381,  -1,  427, 690,  125.0,  23,  Nuc2088793,  2336,  0, 0, 0, , 0, 0, 0, 0, 0,
377,  1,  369,  382,  -1,  526, 768,  134.0,  23,  Nuc2088812,  2363,  0, 0, 0, , 0, 0, 0, 0, 0,
378,  1,  370,  383,  -1,  245, 591,  133.0,  23,  Nuc2132785,  1050,  0, 0, 0, , 0, 0, 0, 0, 0,
379,  1,  370,  384,  -1,  209, 555,  138.0,  21,  Nuc2132794,  1268,  0, 0, 0, , 0, 0, 0, 0, 0,
380,  1,  371,  385,  -1,  269, 558,  142.0,  21,  Nuc2132802,  1811,  0, 0, 0, , 0, 0, 0, 0, 0,
381,  1,  372,  386,  -1,  373, 603,  145.0,  23,  Nuc2132818,  3429,  0, 0, 0, , 0, 0, 0, 0, 0,
382,  1,  373,  387,  -1,  288, 600,  148.0,  21,  Nuc2132828,  741,  0, 0, 0, , 0, 0, 0, 0, 0,
383,  1,  373,  388,  -1,  325, 574,  144.0,  21,  Nuc2132831,  1978,  0, 0, 0, , 0, 0, 0, 0, 0,
384,  1,  374,  389,  -1,  444, 489,  140.0,  23,  Nuc2132847,  1633,  0, 0, 0, , 0, 0, 0, 0, 0,
385,  1,  375,  390,  -1,  359, 477,  129.0,  23,  Nuc2132854,  830,  0, 0, 0, , 0, 0, 0, 0, 0,
386,  1,  375,  391,  -1,  383, 497,  140.0,  21,  Nuc2132861,  2109,  0, 0, 0, , 0, 0, 0, 0, 0,
387,  1,  376,  392,  -1,  361, 545,  141.0,  23,  Nuc2132875,  3447,  0, 0, 0, , 0, 0, 0, 0, 0,
388,  1,  377,  393,  -1,  287, 564,  155.0,  21,  Nuc2132894,  1273,  0, 0, 0, , 0, 0, 0, 0, 0,
389,  1,  378,  394,  -1,  335, 525,  157.0,  21,  Nuc2134944,  2432,  0, 0, 0, , 0, 0, 0, 0, 0,
390,  1,  378,  395,  -1,  281, 510,  155.0,  21,  Nuc2134953,  2842,  0, 0, 0, , 0, 0, 0, 0, 0,
391,  1,  379,  396,  -1,  235, 483,  156.0,  23,  Nuc2134972,  1936,  0, 0, 0, , 0, 0, 0, 0, 0,
392,  1,  380,  397,  -1,  503, 656,  139.0,  23,  Nuc2134989,  1209,  0, 0, 0, , 0, 0, 0, 0, 0,
393,  1,  381,  398,  -1,  465, 641,  128.0,  25,  Nuc2160198,  2376,  0, 0, 0, , 0, 0, 0, 0, 0,
394,  1,  382,  -1,  -1,  430, 429,  143.0,  23,  Nuc2160215,  1971,  0, 0, 0, , 0, 0, 0, 0, 0,
395,  1,  383,  399,  -1,  381, 440,  144.0,  23,  Nuc2160218,  1392,  0, 0, 0, , 0, 0, 0, 0, 0,
396,  1,  384,  400,  -1,  243, 450,  143.0,  21,  Nuc2160227,  1035,  0, 0, 0, , 0, 0, 0, 0, 0,
397,  1,  386,  401,  402,  327, 411,  140.0,  21,  Nuc2160243,  1349,  0, 0, 0, , 0, 0, 0, 0, 0,
398,  1,  387,  403,  -1,  328, 344,  144.0,  21,  Nuc2160610,  2793,  0, 0, 0, , 0, 0, 0, 0, 0,
399,  1,  388,  404,  -1,  459, 400,  130.0,  23,  Nuc2161849,  2995,  0, 0, 0, , 0, 0, 0, 0, 0,
400,  1,  389,  405,  -1,  459, 398,  124.0,  23,  Nuc2161856,  3064,  0, 0, 0, , 0, 0, 0, 0, 0,
401,  1,  390,  -1,  -1,  515, 371,  129.0,  23,  Nuc2161864,  1261,  0, 0, 0, , 0, 0, 0, 0, 0,
402,  1,  391,  406,  -1,  555, 488,  144.0,  23,  Nuc2161872,  3104,  0, 0, 0, , 0, 0, 0, 0, 0,
403,  1,  392,  407,  -1,  593, 453,  147.0,  23,  Nuc2161884,  2814,  0, 0, 0, , 0, 0, 0, 0, 0,
404,  1,  393,  408,  -1,  301, 177,  113.0,  21,  Nuc2161897,  729,  0, 0, 0, , 0, 0, 0, 0, 0,
405,  1,  393,  409,  -1,  342, 175,  113.0,  23,  Nuc2162684,  1396,  0, 0, 0, , 0, 0, 0, 0, 0,
406,  1,  394,  410,  -1,  299, 235,  133.0,  21,  Nuc2162698,  1217,  0, 0, 0, , 0, 0, 0, 0, 0,
407,  1,  395,  411,  -1,  331, 209,  128.0,  21,  Nuc2162710,  2063,  0, 0, 0, , 0, 0, 0, 0, 0,
408,  1,  396,  412,  413,  304, 529,  144.0,  21,  Nuc2162725,  1064,  0, 0, 0, , 0, 0, 0, 0, 0,
409,  1,  396,  414,  -1,  280, 499,  141.0,  21,  Nuc2162738,  1302,  0, 0, 0, , 0, 0, 0, 0, 0,
410,  1,  397,  415,  -1,  269, 362,  126.0,  21,  Nuc2162915,  1562,  0, 0, 0, , 0, 0, 0, 0, 0,
411,  1,  398,  416,  -1,  279, 308,  138.0,  21,  Nuc2163346,  1993,  0, 0, 0, , 0, 0, 0, 0, 0,
412,  1,  399,  417,  -1,  244, 276,  132.0,  23,  Nuc2163356,  1795,  0, 0, 0, , 0, 0, 0, 0, 0,
413,  1,  400,  -1,  -1,  328, 622,  136.0,  21,  Nuc2163370,  503,  0, 0, 0, , 0, 0, 0, 0, 0,
414,  1,  400,  418,  -1,  308, 660,  128.0,  23,  Nuc2163371,  819,  0, 0, 0, , 0, 0, 0, 0, 0,
415,  1,  401,  419,  -1,  344, 705,  125.0,  23,  Nuc2163377,  1592,  0, 0, 0, , 0, 0, 0, 0, 0,
416,  1,  402,  -1,  -1,  249, 745,  131.0,  21,  Nuc2163386,  696,  0, 0, 0, , 0, 0, 0, 0, 0,
417,  1,  404,  420,  -1,  249, 587,  147.0,  19,  Nuc2163389,  1315,  0, 0, 0, , 0, 0, 0, 0, 0,
418,  1,  404,  421,  422,  212, 608,  141.0,  21,  Nuc2163396,  448,  0, 0, 0, , 0, 0, 0, 0, 0,
