1,  1,  1,  1,  -1,  545, 964,  84.0,  23,  Nuc68,  1985,  0, 0, 0, , 0, 0, 0, 0, 0,
2,  1,  2,  2,  -1,  496, 925,  95.0,  23,  Nuc5284,  2642,  0, 0, 0, , 0, 0, 0, 0, 0,
3,  1,  3,  3,  -1,  447, 952,  84.0,  23,  Nuc7237,  2003,  0, 0, 0, , 0, 0, 0, 0, 0,
4,  1,  4,  4,  -1,  454, 807,  113.0,  23,  Nuc9526,  946,  0, 0, 0, , 0, 0, 0, 0, 0,
5,  1,  5,  5,  -1,  431, 842,  109.0,  23,  Nuc24131,  2015,  0, 0, 0, , 0, 0, 0, 0, 0,
6,  1,  6,  6,  -1,  430, 900,  99.0,  25,  Nuc24151,  1391,  0, 0, 0, , 0, 0, 0, 0, 0,
7,  1,  7,  7,  -1,  473, 871,  104.0,  23,  Nuc24157,  2000,  0, 0, 0, , 0, 0, 0, 0, 0,
8,  1,  8,  8,  -1,  423, 908,  109.0,  21,  Nuc26088,  3613,  0, 0, 0, , 0, 0, 0, 0, 0,
9,  1,  9,  9,  -1,  478, 924,  107.0,  21,  Nuc28681,  2549,  0, 0, 0, , 0, 0, 0, 0, 0,
10,  1,  10,  10,  -1,  773, 886,  94.0,  23,  Nuc29675,  3413,  0, 0, 0, , 0, 0, 0, 0, 0,
11,  1,  11,  11,  -1,  716, 902,  101.0,  23,  Nuc34361,  2983,  0, 0, 0, , 0, 0, 0, 0, 0,
12,  1,  12,  12,  -1,  672, 898,  112.0,  23,  Nuc37586,  3594,  0, 0, 0, , 0, 0, 0, 0, 0,
13,  1,  13,  13,  -1,  655, 846,  112.0,  23,  Nuc40149,  3764,  0, 0, 0, , 0, 0, 0, 0, 0,
14,  1,  14,  14,  -1,  624, 902,  104.0,  23,  Nuc47890,  2598,  0, 0, 0, , 0, 0, 0, 0, 0,
15,  1,  15,  15,  -1,  586, 935,  98.0,  23,  Nuc49708,  2306,  0, 0, 0, , 0, 0, 0, 0, 0,
16,  1,  16,  16,  -1,  699, 926,  87.0,  23,  Nuc51561,  2528,  0, 0, 0, , 0, 0, 0, 0, 0,
17,  1,  17,  17,  -1,  627, 955,  83.0,  23,  Nuc61180,  2323,  0, 0, 0, , 0, 0, 0, 0, 0,
18,  1,  18,  18,  -1,  608, 830,  125.0,  23,  Nuc63987,  4881,  0, 0, 0, , 0, 0, 0, 0, 0,
19,  1,  19,  19,  -1,  622, 864,  132.0,  23,  Nuc64007,  3391,  0, 0, 0, , 0, 0, 0, 0, 0,
20,  1,  20,  20,  -1,  551, 809,  131.0,  23,  Nuc65779,  3055,  0, 0, 0, , 0, 0, 0, 0, 0,
21,  1,  21,  21,  -1,  523, 918,  104.0,  25,  Nuc69348,  3476,  0, 0, 0, , 0, 0, 0, 0, 0,
22,  1,  22,  22,  -1,  535, 871,  105.0,  23,  Nuc70674,  4535,  0, 0, 0, , 0, 0, 0, 0, 0,
23,  1,  23,  23,  -1,  564, 819,  114.0,  25,  Nuc73731,  3463,  0, 0, 0, , 0, 0, 0, 0, 0,
24,  1,  24,  24,  -1,  566, 869,  116.0,  23,  Nuc76200,  3373,  0, 0, 0, , 0, 0, 0, 0, 0,
25,  1,  25,  25,  -1,  595, 913,  115.0,  23,  Nuc88084,  3187,  0, 0, 0, , 0, 0, 0, 0, 0,
26,  1,  26,  26,  -1,  505, 778,  117.0,  25,  Nuc90599,  3015,  0, 0, 0, , 0, 0, 0, 0, 0,
27,  1,  27,  27,  -1,  401, 767,  133.0,  21,  Nuc102446,  2651,  0, 0, 0, , 0, 0, 0, 0, 0,
28,  1,  28,  28,  -1,  435, 777,  124.0,  23,  Nuc102454,  1263,  0, 0, 0, , 0, 0, 0, 0, 0,
29,  1,  29,  29,  -1,  481, 819,  127.0,  23,  Nuc102464,  3333,  0, 0, 0, , 0, 0, 0, 0, 0,
30,  1,  30,  30,  -1,  501, 855,  117.0,  23,  Nuc144321,  3473,  0, 0, 0, , 0, 0, 0, 0, 0,
31,  1,  31,  31,  -1,  536, 899,  122.0,  23,  Nuc146054,  3551,  0, 0, 0, , 0, 0, 0, 0, 0,
32,  1,  32,  32,  -1,  453, 891,  119.0,  23,  Nuc146854,  4342,  0, 0, 0, , 0, 0, 0, 0, 0,
33,  1,  33,  33,  -1,  480, 872,  131.0,  23,  Nuc148365,  4250,  0, 0, 0, , 0, 0, 0, 0, 0,
34,  1,  34,  34,  -1,  360, 263,  154.0,  23,  Nuc152825,  2946,  0, 0, 0, , 0, 0, 0, 0, 0,
35,  1,  34,  35,  -1,  304, 283,  149.0,  23,  Nuc152831,  3078,  0, 0, 0, , 0, 0, 0, 0, 0,
36,  1,  35,  36,  -1,  651, 781,  124.0,  23,  Nuc152914,  4517,  0, 0, 0, , 0, 0, 0, 0, 0,
37,  1,  36,  37,  -1,  696, 733,  129.0,  23,  Nuc170124,  3594,  0, 0, 0, , 0, 0, 0, 0, 0,
38,  1,  37,  38,  -1,  683, 855,  122.0,  23,  Nuc173387,  5422,  0, 0, 0, , 0, 0, 0, 0, 0,
39,  1,  38,  39,  -1,  721, 816,  129.0,  23,  Nuc182361,  4907,  0, 0, 0, , 0, 0, 0, 0, 0,
40,  1,  39,  40,  -1,  709, 767,  145.0,  25,  Nuc190569,  4664,  0, 0, 0, , 0, 0, 0, 0, 0,
41,  1,  40,  41,  -1,  653, 743,  149.0,  23,  Nuc200248,  4855,  0, 0, 0, , 0, 0, 0, 0, 0,
42,  1,  41,  42,  -1,  669, 826,  140.0,  23,  Nuc205702,  5150,  0, 0, 0, , 0, 0, 0, 0, 0,
43,  1,  42,  43,  -1,  609, 800,  142.0,  23,  Nuc208535,  4960,  0, 0, 0, , 0, 0, 0, 0, 0,
44,  1,  43,  44,  -1,  818, 747,  117.0,  23,  Nuc209767,  3605,  0, 0, 0, , 0, 0, 0, 0, 0,
45,  1,  44,  45,  -1,  858, 773,  113.0,  23,  Nuc214934,  4133,  0, 0, 0, , 0, 0, 0, 0, 0,
46,  1,  45,  46,  -1,  875, 789,  94.0,  23,  Nuc215663,  3045,  0, 0, 0, , 0, 0, 0, 0, 0,
47,  1,  46,  47,  -1,  832, 835,  98.0,  23,  Nuc220666,  3071,  0, 0, 0, , 0, 0, 0, 0, 0,
48,  1,  47,  48,  -1,  784, 804,  124.0,  23,  Nuc230382,  4675,  0, 0, 0, , 0, 0, 0, 0, 0,
49,  1,  48,  49,  -1,  743, 773,  120.0,  23,  Nuc230679,  3889,  0, 0, 0, , 0, 0, 0, 0, 0,
50,  1,  49,  50,  -1,  734, 855,  114.0,  23,  Nuc248277,  4246,  0, 0, 0, , 0, 0, 0, 0, 0,
51,  1,  50,  51,  -1,  787, 830,  112.0,  23,  Nuc249178,  4423,  0, 0, 0, , 0, 0, 0, 0, 0,
52,  1,  51,  52,  -1,  771, 191,  106.0,  23,  Nuc251888,  2957,  0, 0, 0, , 0, 0, 0, 0, 0,
53,  1,  52,  53,  -1,  830, 225,  98.0,  23,  Nuc255963,  3002,  0, 0, 0, , 0, 0, 0, 0, 0,
54,  1,  53,  54,  -1,  630, 219,  112.0,  23,  Nuc260717,  1934,  0, 0, 0, , 0, 0, 0, 0, 0,
55,  1,  54,  55,  -1,  707, 164,  105.0,  23,  Nuc261260,  2750,  0, 0, 0, , 0, 0, 0, 0, 0,
56,  1,  55,  56,  -1,  680, 214,  135.0,  23,  Nuc264761,  3876,  0, 0, 0, , 0, 0, 0, 0, 0,
57,  1,  56,  57,  -1,  629, 238,  127.0,  23,  Nuc268201,  4076,  0, 0, 0, , 0, 0, 0, 0, 0,
58,  1,  57,  58,  -1,  623, 177,  124.0,  23,  Nuc271242,  4110,  0, 0, 0, , 0, 0, 0, 0, 0,
59,  1,  58,  59,  -1,  709, 194,  123.0,  23,  Nuc272785,  3169,  0, 0, 0, , 0, 0, 0, 0, 0,
60,  1,  59,  60,  -1,  580, 288,  131.0,  23,  Nuc274989,  2783,  0, 0, 0, , 0, 0, 0, 0, 0,
61,  1,  60,  61,  -1,  540, 246,  136.0,  23,  Nuc280424,  3512,  0, 0, 0, , 0, 0, 0, 0, 0,
62,  1,  61,  62,  -1,  595, 198,  139.0,  23,  Nuc283135,  3974,  0, 0, 0, , 0, 0, 0, 0, 0,
63,  1,  62,  63,  -1,  614, 252,  144.0,  23,  Nuc285943,  4044,  0, 0, 0, , 0, 0, 0, 0, 0,
64,  1,  63,  64,  -1,  545, 217,  115.0,  23,  Nuc293761,  2662,  0, 0, 0, , 0, 0, 0, 0, 0,
65,  1,  64,  65,  -1,  548, 174,  128.0,  23,  Nuc293847,  3201,  0, 0, 0, , 0, 0, 0, 0, 0,
66,  1,  65,  66,  -1,  615, 139,  111.0,  23,  Nuc306837,  2464,  0, 0, 0, , 0, 0, 0, 0, 0,
67,  1,  66,  67,  -1,  580, 126,  108.0,  23,  Nuc310955,  2919,  0, 0, 0, , 0, 0, 0, 0, 0,
68,  1,  67,  68,  -1,  850, 290,  113.0,  25,  Nuc314327,  3156,  0, 0, 0, , 0, 0, 0, 0, 0,
69,  1,  68,  69,  -1,  904, 312,  101.0,  23,  Nuc317266,  3079,  0, 0, 0, , 0, 0, 0, 0, 0,
70,  1,  69,  70,  -1,  941, 443,  102.0,  25,  Nuc326413,  3687,  0, 0, 0, , 0, 0, 0, 0, 0,
71,  1,  70,  71,  -1,  935, 380,  109.0,  23,  Nuc330211,  3569,  0, 0, 0, , 0, 0, 0, 0, 0,
72,  1,  71,  72,  -1,  806, 265,  117.0,  23,  Nuc343679,  4164,  0, 0, 0, , 0, 0, 0, 0, 0,
73,  1,  72,  73,  -1,  775, 313,  128.0,  23,  Nuc348458,  3741,  0, 0, 0, , 0, 0, 0, 0, 0,
74,  1,  73,  74,  -1,  858, 338,  126.0,  23,  Nuc359690,  4812,  0, 0, 0, , 0, 0, 0, 0, 0,
75,  1,  74,  75,  -1,  814, 360,  122.0,  23,  Nuc361728,  4809,  0, 0, 0, , 0, 0, 0, 0, 0,
76,  1,  75,  76,  -1,  801, 366,  142.0,  23,  Nuc370611,  4244,  0, 0, 0, , 0, 0, 0, 0, 0,
77,  1,  76,  77,  -1,  744, 326,  150.0,  23,  Nuc382949,  4813,  0, 0, 0, , 0, 0, 0, 0, 0,
78,  1,  77,  78,  -1,  726, 363,  142.0,  23,  Nuc386089,  4005,  0, 0, 0, , 0, 0, 0, 0, 0,
79,  1,  78,  79,  -1,  729, 347,  126.0,  23,  Nuc391877,  3583,  0, 0, 0, , 0, 0, 0, 0, 0,
80,  1,  79,  80,  -1,  678, 283,  137.0,  23,  Nuc406978,  4170,  0, 0, 0, , 0, 0, 0, 0, 0,
81,  1,  80,  81,  -1,  699, 261,  123.0,  25,  Nuc424205,  4654,  0, 0, 0, , 0, 0, 0, 0, 0,
82,  1,  81,  82,  -1,  753, 273,  138.0,  23,  Nuc441248,  4502,  0, 0, 0, , 0, 0, 0, 0, 0,
83,  1,  82,  83,  -1,  762, 236,  121.0,  23,  Nuc442515,  4004,  0, 0, 0, , 0, 0, 0, 0, 0,
84,  1,  83,  84,  -1,  400, 134,  110.0,  21,  Nuc445519,  2615,  0, 0, 0, , 0, 0, 0, 0, 0,
85,  1,  84,  85,  -1,  439, 222,  119.0,  23,  Nuc450560,  868,  0, 0, 0, , 0, 0, 0, 0, 0,
86,  1,  85,  86,  -1,  386, 218,  123.0,  23,  Nuc450569,  2164,  0, 0, 0, , 0, 0, 0, 0, 0,
87,  1,  86,  87,  -1,  412, 165,  124.0,  23,  Nuc450580,  3452,  0, 0, 0, , 0, 0, 0, 0, 0,
88,  1,  87,  88,  -1,  369, 213,  138.0,  23,  Nuc451862,  2787,  0, 0, 0, , 0, 0, 0, 0, 0,
89,  1,  88,  89,  -1,  429, 318,  129.0,  23,  Nuc452172,  2554,  0, 0, 0, , 0, 0, 0, 0, 0,
90,  1,  89,  90,  -1,  294, 321,  125.0,  23,  Nuc452186,  1141,  0, 0, 0, , 0, 0, 0, 0, 0,
91,  1,  90,  91,  92,  334, 275,  123.0,  23,  Nuc452192,  1057,  0, 0, 0, , 0, 0, 0, 0, 0,
92,  1,  92,  93,  94,  400, 282,  124.0,  23,  Nuc452208,  2717,  0, 0, 0, , 0, 0, 0, 0, 0,
93,  1,  93,  95,  -1,  417, 262,  139.0,  23,  Nuc452225,  3652,  0, 0, 0, , 0, 0, 0, 0, 0,
94,  1,  94,  96,  -1,  463, 125,  109.0,  23,  Nuc454682,  3126,  0, 0, 0, , 0, 0, 0, 0, 0,
95,  1,  95,  97,  -1,  514, 130,  113.0,  23,  Nuc454943,  3685,  0, 0, 0, , 0, 0, 0, 0, 0,
96,  1,  96,  98,  -1,  479, 164,  124.0,  23,  Nuc457658,  4017,  0, 0, 0, , 0, 0, 0, 0, 0,
97,  1,  97,  99,  -1,  477, 274,  142.0,  23,  Nuc460158,  2695,  0, 0, 0, , 0, 0, 0, 0, 0,
98,  1,  98,  100,  -1,  448, 224,  129.0,  23,  Nuc462232,  2115,  0, 0, 0, , 0, 0, 0, 0, 0,
99,  1,  99,  101,  -1,  489, 268,  127.0,  25,  Nuc462352,  2384,  0, 0, 0, , 0, 0, 0, 0, 0,
100,  1,  100,  102,  -1,  456, 185,  136.0,  23,  Nuc462388,  3779,  0, 0, 0, , 0, 0, 0, 0, 0,
101,  1,  101,  103,  -1,  509, 188,  139.0,  23,  Nuc465729,  3231,  0, 0, 0, , 0, 0, 0, 0, 0,
102,  1,  102,  104,  -1,  909, 632,  127.0,  23,  Nuc466300,  4927,  0, 0, 0, , 0, 0, 0, 0, 0,
103,  1,  103,  105,  -1,  881, 629,  119.0,  23,  Nuc466609,  4310,  0, 0, 0, , 0, 0, 0, 0, 0,
104,  1,  104,  106,  -1,  940, 670,  104.0,  23,  Nuc478793,  3347,  0, 0, 0, , 0, 0, 0, 0, 0,
105,  1,  105,  107,  -1,  961, 609,  107.0,  23,  Nuc487386,  3922,  0, 0, 0, , 0, 0, 0, 0, 0,
106,  1,  106,  108,  -1,  857, 712,  128.0,  23,  Nuc497666,  4183,  0, 0, 0, , 0, 0, 0, 0, 0,
107,  1,  107,  109,  -1,  813, 674,  125.0,  23,  Nuc500825,  4828,  0, 0, 0, , 0, 0, 0, 0, 0,
108,  1,  108,  110,  -1,  891, 699,  116.0,  25,  Nuc541245,  3961,  0, 0, 0, , 0, 0, 0, 0, 0,
109,  1,  109,  111,  -1,  915, 739,  103.0,  23,  Nuc543595,  3280,  0, 0, 0, , 0, 0, 0, 0, 0,
110,  1,  110,  112,  -1,  817, 680,  142.0,  23,  Nuc546726,  5461,  0, 0, 0, , 0, 0, 0, 0, 0,
111,  1,  111,  113,  -1,  780, 760,  133.0,  23,  Nuc574124,  5105,  0, 0, 0, , 0, 0, 0, 0, 0,
112,  1,  112,  114,  -1,  749, 696,  129.0,  25,  Nuc578601,  4897,  0, 0, 0, , 0, 0, 0, 0, 0,
113,  1,  113,  115,  -1,  764, 635,  132.0,  27,  Nuc590740,  5093,  0, 0, 0, , 0, 0, 0, 0, 0,
114,  1,  114,  116,  -1,  703, 675,  143.0,  25,  Nuc606140,  3920,  0, 0, 0, , 0, 0, 0, 0, 0,
115,  1,  115,  117,  -1,  661, 673,  156.0,  23,  Nuc633998,  6962,  0, 0, 0, , 0, 0, 0, 0, 0,
116,  1,  116,  118,  -1,  764, 726,  146.0,  23,  Nuc668719,  5588,  0, 0, 0, , 0, 0, 0, 0, 0,
117,  1,  117,  119,  -1,  714, 708,  158.0,  23,  Nuc673188,  5756,  0, 0, 0, , 0, 0, 0, 0, 0,
118,  1,  118,  120,  -1,  338, 764,  150.0,  21,  Nuc682061,  2544,  0, 0, 0, , 0, 0, 0, 0, 0,
119,  1,  119,  121,  -1,  385, 724,  150.0,  21,  Nuc682072,  1970,  0, 0, 0, , 0, 0, 0, 0, 0,
120,  1,  120,  122,  -1,  416, 780,  147.0,  23,  Nuc685637,  2515,  0, 0, 0, , 0, 0, 0, 0, 0,
121,  1,  121,  123,  -1,  379, 822,  140.0,  21,  Nuc685661,  2574,  0, 0, 0, , 0, 0, 0, 0, 0,
122,  1,  122,  124,  -1,  429, 822,  137.0,  23,  Nuc686921,  2583,  0, 0, 0, , 0, 0, 0, 0, 0,
123,  1,  123,  125,  -1,  423, 864,  134.0,  23,  Nuc694114,  3390,  0, 0, 0, , 0, 0, 0, 0, 0,
124,  1,  124,  -1,  -1,  367, 774,  119.0,  23,  Nuc694431,  2000,  0, 0, 0, , 0, 0, 0, 0, 0,
125,  1,  124,  126,  -1,  366, 772,  124.0,  21,  Nuc694432,  2000,  0, 0, 0, , 0, 0, 0, 0, 0,
126,  1,  125,  127,  -1,  335, 795,  129.0,  21,  Nuc694441,  2920,  0, 0, 0, , 0, 0, 0, 0, 0,
127,  1,  126,  128,  -1,  343, 834,  126.0,  23,  Nuc695089,  2587,  0, 0, 0, , 0, 0, 0, 0, 0,
128,  1,  127,  129,  -1,  894, 385,  120.0,  23,  Nuc701814,  4628,  0, 0, 0, , 0, 0, 0, 0, 0,
129,  1,  128,  130,  -1,  908, 440,  124.0,  23,  Nuc726380,  4782,  0, 0, 0, , 0, 0, 0, 0, 0,
130,  1,  129,  131,  -1,  898, 495,  123.0,  23,  Nuc727168,  4694,  0, 0, 0, , 0, 0, 0, 0, 0,
131,  1,  130,  132,  -1,  951, 482,  120.0,  23,  Nuc733896,  4545,  0, 0, 0, , 0, 0, 0, 0, 0,
132,  1,  131,  133,  -1,  839, 413,  127.0,  27,  Nuc736776,  4982,  0, 0, 0, , 0, 0, 0, 0, 0,
133,  1,  132,  134,  -1,  865, 415,  140.0,  25,  Nuc740821,  5519,  0, 0, 0, , 0, 0, 0, 0, 0,
134,  1,  133,  135,  -1,  841, 479,  136.0,  23,  Nuc744077,  3169,  0, 0, 0, , 0, 0, 0, 0, 0,
135,  1,  134,  136,  -1,  866, 510,  147.0,  23,  Nuc755984,  5930,  0, 0, 0, , 0, 0, 0, 0, 0,
136,  1,  135,  137,  -1,  769, 418,  134.0,  25,  Nuc765559,  5691,  0, 0, 0, , 0, 0, 0, 0, 0,
137,  1,  136,  138,  -1,  790, 467,  128.0,  23,  Nuc767136,  4072,  0, 0, 0, , 0, 0, 0, 0, 0,
138,  1,  137,  139,  -1,  721, 507,  147.0,  23,  Nuc777276,  2852,  0, 0, 0, , 0, 0, 0, 0, 0,
139,  1,  138,  140,  -1,  780, 528,  140.0,  27,  Nuc781778,  4538,  0, 0, 0, , 0, 0, 0, 0, 0,
140,  1,  139,  141,  -1,  784, 488,  158.0,  23,  Nuc781831,  5935,  0, 0, 0, , 0, 0, 0, 0, 0,
141,  1,  140,  142,  -1,  821, 444,  151.0,  23,  Nuc786039,  5875,  0, 0, 0, , 0, 0, 0, 0, 0,
142,  1,  141,  143,  -1,  753, 413,  157.0,  23,  Nuc787826,  4896,  0, 0, 0, , 0, 0, 0, 0, 0,
143,  1,  142,  144,  -1,  708, 442,  156.0,  23,  Nuc795088,  5132,  0, 0, 0, , 0, 0, 0, 0, 0,
144,  1,  143,  145,  -1,  815, 566,  135.0,  25,  Nuc799530,  6192,  0, 0, 0, , 0, 0, 0, 0, 0,
145,  1,  144,  146,  -1,  787, 606,  145.0,  23,  Nuc842575,  5315,  0, 0, 0, , 0, 0, 0, 0, 0,
146,  1,  145,  147,  -1,  862, 635,  139.0,  23,  Nuc846759,  6213,  0, 0, 0, , 0, 0, 0, 0, 0,
147,  1,  146,  148,  -1,  881, 565,  140.0,  23,  Nuc851360,  5398,  0, 0, 0, , 0, 0, 0, 0, 0,
148,  1,  147,  149,  -1,  846, 590,  126.0,  25,  Nuc855294,  4721,  0, 0, 0, , 0, 0, 0, 0, 0,
149,  1,  148,  150,  -1,  851, 520,  123.0,  23,  Nuc886399,  5466,  0, 0, 0, , 0, 0, 0, 0, 0,
150,  1,  149,  151,  -1,  912, 564,  118.0,  23,  Nuc895741,  4894,  0, 0, 0, , 0, 0, 0, 0, 0,
151,  1,  150,  152,  -1,  929, 565,  129.0,  23,  Nuc902816,  5072,  0, 0, 0, , 0, 0, 0, 0, 0,
152,  1,  151,  153,  -1,  970, 545,  111.0,  23,  Nuc906524,  4407,  0, 0, 0, , 0, 0, 0, 0, 0,
153,  1,  152,  154,  -1,  949, 503,  107.0,  25,  Nuc907624,  3914,  0, 0, 0, , 0, 0, 0, 0, 0,
154,  1,  153,  155,  -1,  749, 571,  130.0,  25,  Nuc911905,  3281,  0, 0, 0, , 0, 0, 0, 0, 0,
155,  1,  154,  156,  -1,  716, 586,  142.0,  23,  Nuc938596,  5103,  0, 0, 0, , 0, 0, 0, 0, 0,
156,  1,  155,  157,  -1,  768, 653,  158.0,  25,  Nuc953004,  7143,  0, 0, 0, , 0, 0, 0, 0, 0,
157,  1,  156,  158,  -1,  753, 597,  167.0,  21,  Nuc954599,  4833,  0, 0, 0, , 0, 0, 0, 0, 0,
158,  1,  157,  159,  -1,  729, 602,  156.0,  23,  Nuc956968,  5327,  0, 0, 0, , 0, 0, 0, 0, 0,
159,  1,  158,  160,  -1,  830, 599,  152.0,  23,  Nuc966768,  6789,  0, 0, 0, , 0, 0, 0, 0, 0,
160,  1,  159,  161,  -1,  798, 548,  159.0,  23,  Nuc967917,  7188,  0, 0, 0, , 0, 0, 0, 0, 0,
161,  1,  160,  162,  -1,  524, 577,  146.0,  23,  Nuc1024123,  3835,  0, 0, 0, , 0, 0, 0, 0, 0,
162,  1,  161,  163,  -1,  477, 592,  147.0,  23,  Nuc1056919,  3244,  0, 0, 0, , 0, 0, 0, 0, 0,
163,  1,  162,  164,  -1,  283, 819,  116.0,  21,  Nuc1057054,  1649,  0, 0, 0, , 0, 0, 0, 0, 0,
164,  1,  163,  165,  -1,  286, 767,  121.0,  23,  Nuc1057165,  2335,  0, 0, 0, , 0, 0, 0, 0, 0,
165,  1,  164,  166,  -1,  279, 739,  141.0,  21,  Nuc1057286,  1446,  0, 0, 0, , 0, 0, 0, 0, 0,
166,  1,  164,  167,  -1,  307, 760,  132.0,  23,  Nuc1057298,  2327,  0, 0, 0, , 0, 0, 0, 0, 0,
167,  1,  165,  168,  -1,  487, 715,  125.0,  23,  Nuc1057344,  4155,  0, 0, 0, , 0, 0, 0, 0, 0,
168,  1,  166,  169,  -1,  366, 740,  135.0,  23,  Nuc1057655,  2782,  0, 0, 0, , 0, 0, 0, 0, 0,
169,  1,  167,  -1,  -1,  434, 689,  139.0,  23,  Nuc1057677,  1178,  0, 0, 0, , 0, 0, 0, 0, 0,
170,  1,  167,  170,  -1,  456, 746,  140.0,  23,  Nuc1057678,  4180,  0, 0, 0, , 0, 0, 0, 0, 0,
171,  1,  168,  171,  -1,  433, 690,  146.0,  23,  Nuc1057742,  3544,  0, 0, 0, , 0, 0, 0, 0, 0,
172,  1,  169,  172,  -1,  478, 710,  150.0,  25,  Nuc1057760,  3269,  0, 0, 0, , 0, 0, 0, 0, 0,
173,  1,  170,  173,  -1,  495, 582,  130.0,  25,  Nuc1057912,  1327,  0, 0, 0, , 0, 0, 0, 0, 0,
174,  1,  170,  174,  -1,  535, 601,  134.0,  23,  Nuc1058186,  2338,  0, 0, 0, , 0, 0, 0, 0, 0,
175,  1,  171,  175,  -1,  584, 639,  130.0,  23,  Nuc1058192,  4741,  0, 0, 0, , 0, 0, 0, 0, 0,
176,  1,  172,  176,  177,  559, 651,  148.0,  23,  Nuc1062368,  2896,  0, 0, 0, , 0, 0, 0, 0, 0,
177,  1,  173,  178,  -1,  542, 695,  139.0,  23,  Nuc1091589,  5232,  0, 0, 0, , 0, 0, 0, 0, 0,
178,  1,  175,  179,  -1,  550, 700,  125.0,  27,  Nuc1092034,  4387,  0, 0, 0, , 0, 0, 0, 0, 0,
179,  1,  176,  180,  -1,  622, 637,  148.0,  21,  Nuc1102216,  2072,  0, 0, 0, , 0, 0, 0, 0, 0,
180,  1,  177,  181,  -1,  618, 692,  142.0,  23,  Nuc1124420,  4422,  0, 0, 0, , 0, 0, 0, 0, 0,
181,  1,  178,  182,  -1,  636, 691,  128.0,  25,  Nuc1129020,  4305,  0, 0, 0, , 0, 0, 0, 0, 0,
182,  1,  179,  183,  -1,  590, 750,  122.0,  23,  Nuc1145049,  6750,  0, 0, 0, , 0, 0, 0, 0, 0,
183,  1,  180,  184,  -1,  606, 750,  134.0,  23,  Nuc1145222,  4322,  0, 0, 0, , 0, 0, 0, 0, 0,
184,  1,  181,  185,  -1,  404, 552,  134.0,  23,  Nuc1208203,  946,  0, 0, 0, , 0, 0, 0, 0, 0,
185,  1,  181,  186,  -1,  453, 572,  138.0,  23,  Nuc1208211,  2859,  0, 0, 0, , 0, 0, 0, 0, 0,
186,  1,  182,  187,  -1,  456, 523,  130.0,  23,  Nuc1208664,  2824,  0, 0, 0, , 0, 0, 0, 0, 0,
187,  1,  184,  188,  189,  510, 513,  130.0,  23,  Nuc1208681,  3028,  0, 0, 0, , 0, 0, 0, 0, 0,
188,  1,  185,  190,  -1,  562, 731,  148.0,  21,  Nuc1210620,  2641,  0, 0, 0, , 0, 0, 0, 0, 0,
189,  1,  186,  191,  -1,  557, 811,  150.0,  23,  Nuc1231749,  4296,  0, 0, 0, , 0, 0, 0, 0, 0,
190,  1,  187,  192,  -1,  542, 862,  136.0,  23,  Nuc1234868,  3853,  0, 0, 0, , 0, 0, 0, 0, 0,
191,  1,  188,  193,  -1,  462, 822,  150.0,  23,  Nuc1247458,  4354,  0, 0, 0, , 0, 0, 0, 0, 0,
192,  1,  189,  194,  -1,  478, 806,  142.0,  23,  Nuc1248923,  2733,  0, 0, 0, , 0, 0, 0, 0, 0,
193,  1,  190,  195,  -1,  503, 759,  155.0,  23,  Nuc1262377,  3436,  0, 0, 0, , 0, 0, 0, 0, 0,
194,  1,  191,  196,  -1,  468, 766,  163.0,  23,  Nuc1270022,  4117,  0, 0, 0, , 0, 0, 0, 0, 0,
195,  1,  192,  197,  -1,  675, 575,  133.0,  23,  Nuc1272771,  4188,  0, 0, 0, , 0, 0, 0, 0, 0,
196,  1,  193,  198,  -1,  668, 629,  133.0,  23,  Nuc1330329,  2679,  0, 0, 0, , 0, 0, 0, 0, 0,
197,  1,  194,  199,  -1,  652, 602,  152.0,  23,  Nuc1335661,  4416,  0, 0, 0, , 0, 0, 0, 0, 0,
198,  1,  195,  200,  -1,  596, 585,  139.0,  23,  Nuc1336679,  4338,  0, 0, 0, , 0, 0, 0, 0, 0,
199,  1,  196,  201,  -1,  558, 542,  134.0,  25,  Nuc1344448,  5073,  0, 0, 0, , 0, 0, 0, 0, 0,
200,  1,  197,  202,  -1,  615, 528,  136.0,  23,  Nuc1390594,  2397,  0, 0, 0, , 0, 0, 0, 0, 0,
201,  1,  198,  203,  -1,  680, 493,  131.0,  23,  Nuc1418349,  5227,  0, 0, 0, , 0, 0, 0, 0, 0,
202,  1,  199,  204,  -1,  481, 394,  147.0,  23,  Nuc1418790,  2433,  0, 0, 0, , 0, 0, 0, 0, 0,
203,  1,  200,  205,  -1,  394, 615,  158.0,  23,  Nuc1418870,  1318,  0, 0, 0, , 0, 0, 0, 0, 0,
204,  1,  201,  206,  -1,  416, 567,  155.0,  23,  Nuc1419056,  2712,  0, 0, 0, , 0, 0, 0, 0, 0,
205,  1,  202,  207,  -1,  415, 520,  155.0,  23,  Nuc1419069,  3303,  0, 0, 0, , 0, 0, 0, 0, 0,
206,  1,  203,  208,  -1,  422, 526,  179.0,  23,  Nuc1419101,  3689,  0, 0, 0, , 0, 0, 0, 0, 0,
207,  1,  204,  209,  -1,  433, 556,  168.0,  23,  Nuc1419547,  4142,  0, 0, 0, , 0, 0, 0, 0, 0,
208,  1,  205,  210,  -1,  507, 442,  133.0,  23,  Nuc1426682,  3980,  0, 0, 0, , 0, 0, 0, 0, 0,
209,  1,  206,  -1,  -1,  508, 442,  126.0,  23,  Nuc1426687,  2633,  0, 0, 0, , 0, 0, 0, 0, 0,
210,  1,  207,  211,  -1,  410, 441,  128.0,  25,  Nuc1426695,  1002,  0, 0, 0, , 0, 0, 0, 0, 0,
211,  1,  207,  212,  -1,  464, 465,  127.0,  25,  Nuc1426703,  3856,  0, 0, 0, , 0, 0, 0, 0, 0,
212,  1,  208,  213,  -1,  626, 462,  130.0,  23,  Nuc1431516,  3804,  0, 0, 0, , 0, 0, 0, 0, 0,
213,  1,  209,  214,  -1,  557, 464,  130.0,  23,  Nuc1453054,  4298,  0, 0, 0, , 0, 0, 0, 0, 0,
214,  1,  210,  215,  -1,  458, 505,  162.0,  21,  Nuc1468265,  2591,  0, 0, 0, , 0, 0, 0, 0, 0,
215,  1,  211,  216,  -1,  470, 515,  152.0,  23,  Nuc1468874,  3943,  0, 0, 0, , 0, 0, 0, 0, 0,
216,  1,  212,  -1,  -1,  525, 536,  151.0,  21,  Nuc1476759,  1581,  0, 0, 0, , 0, 0, 0, 0, 0,
217,  1,  213,  217,  -1,  501, 534,  145.0,  23,  Nuc1476761,  3569,  0, 0, 0, , 0, 0, 0, 0, 0,
218,  1,  214,  218,  -1,  476, 455,  150.0,  23,  Nuc1476776,  2601,  0, 0, 0, , 0, 0, 0, 0, 0,
219,  1,  215,  219,  -1,  517, 476,  143.0,  23,  Nuc1483139,  2879,  0, 0, 0, , 0, 0, 0, 0, 0,
220,  1,  216,  220,  -1,  371, 376,  165.0,  21,  Nuc1483235,  2575,  0, 0, 0, , 0, 0, 0, 0, 0,
221,  1,  217,  221,  -1,  331, 369,  170.0,  23,  Nuc1492371,  3759,  0, 0, 0, , 0, 0, 0, 0, 0,
222,  1,  218,  -1,  -1,  295, 512,  165.0,  25,  Nuc1492478,  2602,  0, 0, 0, , 0, 0, 0, 0, 0,
223,  1,  218,  222,  -1,  308, 474,  166.0,  21,  Nuc1492479,  875,  0, 0, 0, , 0, 0, 0, 0, 0,
224,  1,  219,  223,  -1,  285, 436,  167.0,  21,  Nuc1492489,  2959,  0, 0, 0, , 0, 0, 0, 0, 0,
225,  1,  220,  224,  -1,  409, 380,  176.0,  23,  Nuc1493013,  5799,  0, 0, 0, , 0, 0, 0, 0, 0,
226,  1,  221,  225,  -1,  413, 469,  157.0,  23,  Nuc1493163,  3196,  0, 0, 0, , 0, 0, 0, 0, 0,
227,  1,  222,  226,  -1,  321, 401,  158.0,  23,  Nuc1493183,  2012,  0, 0, 0, , 0, 0, 0, 0, 0,
228,  1,  223,  227,  -1,  385, 424,  160.0,  21,  Nuc1493193,  2679,  0, 0, 0, , 0, 0, 0, 0, 0,
229,  1,  224,  228,  -1,  462, 294,  165.0,  23,  Nuc1493235,  3156,  0, 0, 0, , 0, 0, 0, 0, 0,
230,  1,  225,  229,  -1,  290, 356,  158.0,  23,  Nuc1493606,  2771,  0, 0, 0, , 0, 0, 0, 0, 0,
231,  1,  226,  230,  -1,  338, 330,  160.0,  23,  Nuc1493616,  2499,  0, 0, 0, , 0, 0, 0, 0, 0,
232,  1,  227,  231,  -1,  397, 320,  165.0,  23,  Nuc1493775,  3930,  0, 0, 0, , 0, 0, 0, 0, 0,
233,  1,  229,  232,  -1,  421, 371,  155.0,  23,  Nuc1494679,  2737,  0, 0, 0, , 0, 0, 0, 0, 0,
234,  1,  230,  233,  -1,  339, 273,  137.0,  23,  Nuc1494731,  2754,  0, 0, 0, , 0, 0, 0, 0, 0,
235,  1,  231,  -1,  -1,  359, 267,  149.0,  23,  Nuc1496174,  2403,  0, 0, 0, , 0, 0, 0, 0, 0,
236,  1,  232,  234,  -1,  392, 318,  144.0,  21,  Nuc1496187,  2838,  0, 0, 0, , 0, 0, 0, 0, 0,
237,  1,  233,  235,  -1,  430, 263,  157.0,  23,  Nuc1496377,  3750,  0, 0, 0, , 0, 0, 0, 0, 0,
238,  1,  234,  236,  -1,  418, 214,  146.0,  23,  Nuc1497063,  3751,  0, 0, 0, , 0, 0, 0, 0, 0,
239,  1,  235,  237,  -1,  665, 300,  151.0,  21,  Nuc1500737,  3906,  0, 0, 0, , 0, 0, 0, 0, 0,
240,  1,  236,  238,  -1,  629, 349,  164.0,  21,  Nuc1503368,  3475,  0, 0, 0, , 0, 0, 0, 0, 0,
241,  1,  237,  239,  -1,  624, 398,  153.0,  21,  Nuc1508348,  1380,  0, 0, 0, , 0, 0, 0, 0, 0,
242,  1,  238,  240,  -1,  665, 377,  140.0,  21,  Nuc1510133,  2950,  0, 0, 0, , 0, 0, 0, 0, 0,
243,  1,  239,  241,  -1,  605, 397,  131.0,  23,  Nuc1514880,  2963,  0, 0, 0, , 0, 0, 0, 0, 0,
244,  1,  240,  242,  -1,  555, 404,  141.0,  23,  Nuc1514901,  2193,  0, 0, 0, , 0, 0, 0, 0, 0,
245,  1,  241,  243,  -1,  653, 326,  126.0,  23,  Nuc1545773,  3491,  0, 0, 0, , 0, 0, 0, 0, 0,
246,  1,  242,  244,  -1,  598, 333,  145.0,  25,  Nuc1551437,  3875,  0, 0, 0, , 0, 0, 0, 0, 0,
247,  1,  243,  245,  -1,  472, 322,  153.0,  23,  Nuc1553373,  1649,  0, 0, 0, , 0, 0, 0, 0, 0,
248,  1,  244,  246,  -1,  535, 326,  140.0,  21,  Nuc1560740,  1314,  0, 0, 0, , 0, 0, 0, 0, 0,
249,  1,  245,  247,  -1,  540, 273,  152.0,  21,  Nuc1572641,  3010,  0, 0, 0, , 0, 0, 0, 0, 0,
250,  1,  246,  248,  -1,  499, 230,  152.0,  23,  Nuc1575663,  2523,  0, 0, 0, , 0, 0, 0, 0, 0,
251,  1,  247,  249,  -1,  595, 276,  159.0,  25,  Nuc1577625,  4516,  0, 0, 0, , 0, 0, 0, 0, 0,
252,  1,  248,  250,  -1,  575, 331,  166.0,  23,  Nuc1581758,  4766,  0, 0, 0, , 0, 0, 0, 0, 0,
253,  1,  249,  251,  -1,  463, 363,  172.0,  23,  Nuc1584295,  4019,  0, 0, 0, , 0, 0, 0, 0, 0,
254,  1,  250,  252,  -1,  511, 321,  168.0,  23,  Nuc1584420,  5030,  0, 0, 0, , 0, 0, 0, 0, 0,
255,  1,  251,  253,  -1,  649, 464,  153.0,  23,  Nuc1584594,  6172,  0, 0, 0, , 0, 0, 0, 0, 0,
256,  1,  252,  254,  -1,  661, 441,  140.0,  23,  Nuc1602918,  3862,  0, 0, 0, , 0, 0, 0, 0, 0,
257,  1,  253,  255,  -1,  720, 435,  130.0,  25,  Nuc1622766,  5056,  0, 0, 0, , 0, 0, 0, 0, 0,
258,  1,  254,  256,  -1,  674, 406,  127.0,  23,  Nuc1639850,  4109,  0, 0, 0, , 0, 0, 0, 0, 0,
259,  1,  255,  257,  -1,  641, 529,  166.0,  23,  Nuc1640585,  7095,  0, 0, 0, , 0, 0, 0, 0, 0,
260,  1,  256,  258,  -1,  662, 497,  144.0,  23,  Nuc1643532,  7738,  0, 0, 0, , 0, 0, 0, 0, 0,
261,  1,  257,  259,  -1,  637, 528,  150.0,  23,  Nuc1647663,  4601,  0, 0, 0, , 0, 0, 0, 0, 0,
262,  1,  258,  260,  -1,  688, 575,  157.0,  21,  Nuc1703102,  7983,  0, 0, 0, , 0, 0, 0, 0, 0,
263,  1,  259,  261,  -1,  673, 544,  158.0,  21,  Nuc1707829,  3824,  0, 0, 0, , 0, 0, 0, 0, 0,
264,  1,  260,  262,  -1,  658, 557,  145.0,  23,  Nuc1707963,  5096,  0, 0, 0, , 0, 0, 0, 0, 0,
265,  1,  261,  263,  -1,  692, 540,  138.0,  23,  Nuc1738826,  4041,  0, 0, 0, , 0, 0, 0, 0, 0,
266,  1,  262,  264,  -1,  510, 492,  153.0,  23,  Nuc1740627,  4618,  0, 0, 0, , 0, 0, 0, 0, 0,
267,  1,  263,  265,  -1,  525, 534,  158.0,  23,  Nuc1750715,  6467,  0, 0, 0, , 0, 0, 0, 0, 0,
268,  1,  264,  266,  -1,  574, 529,  147.0,  23,  Nuc1754965,  5510,  0, 0, 0, , 0, 0, 0, 0, 0,
269,  1,  265,  267,  -1,  551, 579,  153.0,  23,  Nuc1755555,  6232,  0, 0, 0, , 0, 0, 0, 0, 0,
270,  1,  266,  268,  -1,  524, 522,  172.0,  23,  Nuc1759772,  4670,  0, 0, 0, , 0, 0, 0, 0, 0,
271,  1,  267,  269,  -1,  531, 473,  173.0,  23,  Nuc1762242,  6553,  0, 0, 0, , 0, 0, 0, 0, 0,
272,  1,  268,  270,  -1,  486, 506,  178.0,  21,  Nuc1763423,  5227,  0, 0, 0, , 0, 0, 0, 0, 0,
273,  1,  269,  271,  -1,  441, 481,  174.0,  21,  Nuc1763568,  2125,  0, 0, 0, , 0, 0, 0, 0, 0,
274,  1,  270,  272,  -1,  486, 447,  170.0,  21,  Nuc1763588,  4381,  0, 0, 0, , 0, 0, 0, 0, 0,
275,  1,  271,  273,  -1,  440, 422,  167.0,  23,  Nuc1765091,  2864,  0, 0, 0, , 0, 0, 0, 0, 0,
276,  1,  272,  274,  -1,  503, 491,  167.0,  21,  Nuc1772025,  3581,  0, 0, 0, , 0, 0, 0, 0, 0,
277,  1,  273,  275,  -1,  481, 571,  158.0,  23,  Nuc1773080,  4009,  0, 0, 0, , 0, 0, 0, 0, 0,
278,  1,  274,  276,  -1,  427, 730,  166.0,  23,  Nuc1773186,  6273,  0, 0, 0, , 0, 0, 0, 0, 0,
279,  1,  275,  277,  -1,  403, 670,  160.0,  23,  Nuc1783543,  5144,  0, 0, 0, , 0, 0, 0, 0, 0,
280,  1,  276,  278,  -1,  337, 584,  163.0,  21,  Nuc1784088,  2206,  0, 0, 0, , 0, 0, 0, 0, 0,
281,  1,  277,  279,  -1,  358, 702,  168.0,  21,  Nuc1784121,  3128,  0, 0, 0, , 0, 0, 0, 0, 0,
282,  1,  278,  -1,  -1,  358, 702,  163.0,  21,  Nuc1784501,  2866,  0, 0, 0, , 0, 0, 0, 0, 0,
283,  1,  278,  280,  -1,  310, 701,  160.0,  21,  Nuc1784502,  2187,  0, 0, 0, , 0, 0, 0, 0, 0,
284,  1,  279,  281,  -1,  275, 601,  167.0,  21,  Nuc1785274,  1479,  0, 0, 0, , 0, 0, 0, 0, 0,
285,  1,  280,  282,  -1,  307, 619,  157.0,  21,  Nuc1785352,  1557,  0, 0, 0, , 0, 0, 0, 0, 0,
286,  1,  281,  -1,  -1,  340, 649,  157.0,  21,  Nuc1787973,  1071,  0, 0, 0, , 0, 0, 0, 0, 0,
287,  1,  282,  283,  -1,  429, 613,  168.0,  23,  Nuc1787984,  3221,  0, 0, 0, , 0, 0, 0, 0, 0,
288,  1,  283,  284,  -1,  353, 605,  174.0,  23,  Nuc1793848,  5231,  0, 0, 0, , 0, 0, 0, 0, 0,
289,  1,  284,  285,  -1,  375, 651,  174.0,  23,  Nuc1793863,  4204,  0, 0, 0, , 0, 0, 0, 0, 0,
290,  1,  285,  286,  -1,  468, 421,  181.0,  23,  Nuc1794129,  5307,  0, 0, 0, , 0, 0, 0, 0, 0,
291,  1,  286,  287,  -1,  545, 421,  177.0,  23,  Nuc1794472,  5988,  0, 0, 0, , 0, 0, 0, 0, 0,
292,  1,  287,  288,  -1,  525, 366,  174.0,  23,  Nuc1795185,  4708,  0, 0, 0, , 0, 0, 0, 0, 0,
293,  1,  288,  289,  -1,  626, 463,  170.0,  21,  Nuc1800337,  6879,  0, 0, 0, , 0, 0, 0, 0, 0,
294,  1,  289,  290,  -1,  617, 408,  174.0,  23,  Nuc1842028,  5509,  0, 0, 0, , 0, 0, 0, 0, 0,
295,  1,  290,  291,  -1,  698, 370,  161.0,  23,  Nuc1848881,  5967,  0, 0, 0, , 0, 0, 0, 0, 0,
296,  1,  291,  292,  -1,  681, 418,  168.0,  23,  Nuc1849847,  6673,  0, 0, 0, , 0, 0, 0, 0, 0,
297,  1,  292,  293,  -1,  654, 506,  177.0,  23,  Nuc1850311,  7478,  0, 0, 0, , 0, 0, 0, 0, 0,
298,  1,  293,  294,  -1,  678, 462,  174.0,  23,  Nuc1850857,  6093,  0, 0, 0, , 0, 0, 0, 0, 0,
299,  1,  294,  295,  -1,  745, 469,  168.0,  23,  Nuc1851815,  5586,  0, 0, 0, , 0, 0, 0, 0, 0,
300,  1,  295,  296,  -1,  691, 509,  167.0,  23,  Nuc1854174,  7202,  0, 0, 0, , 0, 0, 0, 0, 0,
301,  1,  296,  297,  -1,  741, 518,  169.0,  21,  Nuc1858793,  5650,  0, 0, 0, , 0, 0, 0, 0, 0,
302,  1,  297,  298,  -1,  632, 586,  169.0,  23,  Nuc1862225,  6080,  0, 0, 0, , 0, 0, 0, 0, 0,
303,  1,  298,  299,  -1,  683, 571,  173.0,  25,  Nuc1863111,  6020,  0, 0, 0, , 0, 0, 0, 0, 0,
304,  1,  299,  300,  -1,  749, 542,  158.0,  21,  Nuc1867437,  3996,  0, 0, 0, , 0, 0, 0, 0, 0,
305,  1,  300,  301,  -1,  711, 537,  163.0,  21,  Nuc1867568,  4468,  0, 0, 0, , 0, 0, 0, 0, 0,
306,  1,  301,  302,  -1,  731, 556,  171.0,  21,  Nuc1868203,  4011,  0, 0, 0, , 0, 0, 0, 0, 0,
307,  1,  302,  303,  -1,  474, 684,  177.0,  23,  Nuc1869399,  4005,  0, 0, 0, , 0, 0, 0, 0, 0,
308,  1,  303,  304,  -1,  420, 675,  176.0,  23,  Nuc1869776,  5302,  0, 0, 0, , 0, 0, 0, 0, 0,
309,  1,  304,  305,  -1,  630, 710,  168.0,  23,  Nuc1870006,  6517,  0, 0, 0, , 0, 0, 0, 0, 0,
310,  1,  305,  306,  -1,  592, 687,  159.0,  25,  Nuc1871461,  6684,  0, 0, 0, , 0, 0, 0, 0, 0,
311,  1,  306,  307,  -1,  620, 780,  155.0,  25,  Nuc1876966,  6281,  0, 0, 0, , 0, 0, 0, 0, 0,
312,  1,  307,  308,  -1,  569, 756,  163.0,  25,  Nuc1880452,  5266,  0, 0, 0, , 0, 0, 0, 0, 0,
313,  1,  308,  309,  -1,  517, 652,  179.0,  23,  Nuc1883050,  6013,  0, 0, 0, , 0, 0, 0, 0, 0,
314,  1,  309,  310,  -1,  563, 663,  172.0,  23,  Nuc1886235,  5908,  0, 0, 0, , 0, 0, 0, 0, 0,
315,  1,  310,  311,  -1,  490, 720,  171.0,  23,  Nuc1889465,  6224,  0, 0, 0, , 0, 0, 0, 0, 0,
316,  1,  311,  312,  -1,  551, 722,  169.0,  23,  Nuc1890972,  6551,  0, 0, 0, , 0, 0, 0, 0, 0,
317,  1,  312,  313,  -1,  625, 644,  171.0,  23,  Nuc1892162,  4896,  0, 0, 0, , 0, 0, 0, 0, 0,
318,  1,  313,  314,  -1,  693, 645,  167.0,  23,  Nuc1918900,  5433,  0, 0, 0, , 0, 0, 0, 0, 0,
319,  1,  314,  315,  -1,  574, 619,  179.0,  23,  Nuc1921291,  6967,  0, 0, 0, , 0, 0, 0, 0, 0,
320,  1,  315,  316,  -1,  572, 564,  179.0,  23,  Nuc1921414,  6441,  0, 0, 0, , 0, 0, 0, 0, 0,
321,  1,  316,  317,  -1,  577, 459,  180.0,  23,  Nuc1922089,  6630,  0, 0, 0, , 0, 0, 0, 0, 0,
322,  1,  317,  318,  -1,  625, 549,  178.0,  23,  Nuc1922189,  7590,  0, 0, 0, , 0, 0, 0, 0, 0,
323,  1,  318,  319,  -1,  506, 602,  184.0,  23,  Nuc1923305,  5150,  0, 0, 0, , 0, 0, 0, 0, 0,
324,  1,  319,  320,  -1,  453, 632,  181.0,  23,  Nuc1924244,  4515,  0, 0, 0, , 0, 0, 0, 0, 0,
325,  1,  320,  321,  -1,  440, 582,  182.0,  23,  Nuc1934138,  3883,  0, 0, 0, , 0, 0, 0, 0, 0,
326,  1,  321,  322,  -1,  466, 665,  166.0,  23,  Nuc1934279,  3690,  0, 0, 0, , 0, 0, 0, 0, 0,
327,  1,  322,  323,  -1,  519, 628,  157.0,  23,  Nuc1942134,  2979,  0, 0, 0, , 0, 0, 0, 0, 0,
328,  1,  323,  324,  -1,  456, 635,  155.0,  23,  Nuc1943198,  4522,  0, 0, 0, , 0, 0, 0, 0, 0,
329,  1,  324,  325,  -1,  521, 684,  158.0,  23,  Nuc1943232,  3271,  0, 0, 0, , 0, 0, 0, 0, 0,
330,  1,  325,  326,  -1,  532, 586,  168.0,  23,  Nuc1950065,  2838,  0, 0, 0, , 0, 0, 0, 0, 0,
331,  1,  326,  327,  -1,  485, 538,  168.0,  21,  Nuc1950331,  4315,  0, 0, 0, , 0, 0, 0, 0, 0,
332,  1,  327,  328,  -1,  485, 596,  172.0,  23,  Nuc1953393,  5967,  0, 0, 0, , 0, 0, 0, 0, 0,
333,  1,  328,  329,  -1,  404, 536,  186.0,  25,  Nuc1953743,  1940,  0, 0, 0, , 0, 0, 0, 0, 0,
334,  1,  329,  330,  -1,  398, 453,  184.0,  23,  Nuc1954714,  3417,  0, 0, 0, , 0, 0, 0, 0, 0,
335,  1,  330,  331,  -1,  496, 532,  185.0,  23,  Nuc1954948,  5353,  0, 0, 0, , 0, 0, 0, 0, 0,
336,  1,  331,  332,  -1,  570, 515,  182.0,  23,  Nuc1955385,  7174,  0, 0, 0, , 0, 0, 0, 0, 0,
337,  1,  332,  333,  -1,  533, 551,  181.0,  23,  Nuc1967355,  6850,  0, 0, 0, , 0, 0, 0, 0, 0,
338,  1,  333,  334,  -1,  512, 468,  184.0,  23,  Nuc1968447,  4844,  0, 0, 0, , 0, 0, 0, 0, 0,
339,  1,  334,  335,  -1,  446, 498,  186.0,  23,  Nuc1968609,  4064,  0, 0, 0, , 0, 0, 0, 0, 0,
340,  1,  335,  336,  -1,  583, 618,  160.0,  23,  Nuc1968846,  5300,  0, 0, 0, , 0, 0, 0, 0, 0,
341,  1,  336,  337,  -1,  592, 518,  171.0,  23,  Nuc2004970,  8949,  0, 0, 0, , 0, 0, 0, 0, 0,
342,  1,  337,  338,  -1,  593, 559,  158.0,  21,  Nuc2006242,  5657,  0, 0, 0, , 0, 0, 0, 0, 0,
343,  1,  338,  339,  -1,  401, 762,  160.0,  23,  Nuc2009254,  3892,  0, 0, 0, , 0, 0, 0, 0, 0,
344,  1,  339,  340,  -1,  554, 502,  162.0,  23,  Nuc2012794,  4355,  0, 0, 0, , 0, 0, 0, 0, 0,
345,  1,  340,  341,  -1,  525, 366,  157.0,  21,  Nuc2021753,  3951,  0, 0, 0, , 0, 0, 0, 0, 0,
346,  1,  341,  342,  -1,  572, 405,  164.0,  23,  Nuc2024306,  6008,  0, 0, 0, , 0, 0, 0, 0, 0,
347,  1,  342,  343,  -1,  531, 438,  156.0,  23,  Nuc2034651,  5455,  0, 0, 0, , 0, 0, 0, 0, 0,
348,  1,  343,  344,  -1,  579, 457,  164.0,  23,  Nuc2034694,  5066,  0, 0, 0, , 0, 0, 0, 0, 0,
349,  1,  344,  345,  -1,  671, 503,  157.0,  21,  Nuc2034841,  5730,  0, 0, 0, , 0, 0, 0, 0, 0,
350,  1,  345,  346,  -1,  610, 499,  155.0,  23,  Nuc2054045,  5484,  0, 0, 0, , 0, 0, 0, 0, 0,
351,  1,  346,  347,  -1,  257, 416,  156.0,  21,  Nuc2064307,  1304,  0, 0, 0, , 0, 0, 0, 0, 0,
352,  1,  346,  348,  -1,  287, 458,  152.0,  21,  Nuc2064311,  2488,  0, 0, 0, , 0, 0, 0, 0, 0,
353,  1,  347,  349,  -1,  346, 472,  149.0,  23,  Nuc2064469,  2704,  0, 0, 0, , 0, 0, 0, 0, 0,
354,  1,  348,  350,  -1,  249, 624,  155.0,  21,  Nuc2064585,  1631,  0, 0, 0, , 0, 0, 0, 0, 0,
355,  1,  349,  351,  -1,  305, 655,  146.0,  23,  Nuc2064666,  3381,  0, 0, 0, , 0, 0, 0, 0, 0,
356,  1,  351,  352,  -1,  320, 710,  143.0,  23,  Nuc2064677,  1782,  0, 0, 0, , 0, 0, 0, 0, 0,
357,  1,  352,  353,  -1,  444, 356,  139.0,  23,  Nuc2064825,  2899,  0, 0, 0, , 0, 0, 0, 0, 0,
358,  1,  353,  354,  355,  486, 335,  120.0,  27,  Nuc2064900,  1030,  0, 0, 0, , 0, 0, 0, 0, 0,
359,  1,  353,  356,  -1,  486, 335,  127.0,  25,  Nuc2064906,  2403,  0, 0, 0, , 0, 0, 0, 0, 0,
360,  1,  354,  357,  -1,  378, 386,  142.0,  23,  Nuc2070292,  2818,  0, 0, 0, , 0, 0, 0, 0, 0,
361,  1,  355,  358,  -1,  355, 335,  123.0,  23,  Nuc2070320,  1127,  0, 0, 0, , 0, 0, 0, 0, 0,
362,  1,  356,  359,  360,  400, 375,  126.0,  25,  Nuc2070330,  2766,  0, 0, 0, , 0, 0, 0, 0, 0,
363,  1,  357,  361,  -1,  350, 550,  179.0,  21,  Nuc2070376,  3946,  0, 0, 0, , 0, 0, 0, 0, 0,
364,  1,  358,  -1,  -1,  349, 553,  174.0,  21,  Nuc2070509,  2736,  0, 0, 0, , 0, 0, 0, 0, 0,
365,  1,  359,  362,  -1,  298, 564,  168.0,  21,  Nuc2070518,  2182,  0, 0, 0, , 0, 0, 0, 0, 0,
366,  1,  360,  363,  -1,  386, 837,  109.0,  23,  Nuc2070792,  854,  0, 0, 0, , 0, 0, 0, 0, 0,
367,  1,  361,  364,  -1,  374, 887,  108.0,  23,  Nuc2071270,  2090,  0, 0, 0, , 0, 0, 0, 0, 0,
368,  1,  362,  365,  -1,  379, 908,  97.0,  23,  Nuc2080674,  1819,  0, 0, 0, , 0, 0, 0, 0, 0,
369,  1,  363,  -1,  -1,  372, 605,  139.0,  23,  Nuc2080734,  2569,  0, 0, 0, , 0, 0, 0, 0, 0,
370,  1,  364,  366,  -1,  416, 627,  142.0,  23,  Nuc2080738,  2495,  0, 0, 0, , 0, 0, 0, 0, 0,
371,  1,  365,  367,  -1,  370, 677,  138.0,  23,  Nuc2080775,  1862,  0, 0, 0, , 0, 0, 0, 0, 0,
372,  1,  366,  368,  -1,  247, 337,  148.0,  23,  Nuc2080846,  2472,  0, 0, 0, , 0, 0, 0, 0, 0,
373,  1,  367,  369,  -1,  301, 512,  172.0,  23,  Nuc2081072,  2860,  0, 0, 0, , 0, 0, 0, 0, 0,
374,  1,  368,  370,  -1,  396, 487,  174.0,  21,  Nuc2081301,  1338,  0, 0, 0, , 0, 0, 0, 0, 0,
375,  1,  369,  371,  -1,  371, 535,  168.0,  21,  Nuc2081304,  3243,  0, 0, 0, , 0, 0, 0, 0, 0,
376,  1,  371,  372,  373,  362, 485,  162.0,  21,  Nuc2084626,  2159,  0, 0, 0, , 0, 0, 0, 0, 0,
377,  1,  372,  374,  -1,  415, 842,  122.0,  23,  Nuc2084909,  2154,  0, 0, 0, , 0, 0, 0, 0, 0,
378,  1,  373,  375,  -1,  374, 870,  118.0,  23,  Nuc2087966,  2409,  0, 0, 0, , 0, 0, 0, 0, 0,
379,  1,  374,  376,  -1,  343, 494,  178.0,  23,  Nuc2088520,  2922,  0, 0, 0, , 0, 0, 0, 0, 0,
380,  1,  375,  377,  -1,  353, 440,  175.0,  21,  Nuc2088540,  1941,  0, 0, 0, , 0, 0, 0, 0, 0,
381,  1,  376,  378,  -1,  428, 688,  125.0,  23,  Nuc2088794,  3134,  0, 0, 0, , 0, 0, 0, 0, 0,
382,  1,  377,  379,  -1,  527, 763,  135.0,  21,  Nuc2088813,  1549,  0, 0, 0, , 0, 0, 0, 0, 0,
383,  1,  378,  380,  -1,  245, 591,  132.0,  23,  Nuc2132786,  844,  0, 0, 0, , 0, 0, 0, 0, 0,
384,  1,  379,  381,  -1,  208, 554,  139.0,  21,  Nuc2132795,  2138,  0, 0, 0, , 0, 0, 0, 0, 0,
385,  1,  380,  382,  -1,  268, 557,  141.0,  21,  Nuc2132803,  2003,  0, 0, 0, , 0, 0, 0, 0, 0,
386,  1,  381,  383,  -1,  373, 602,  146.0,  23,  Nuc2132819,  3464,  0, 0, 0, , 0, 0, 0, 0, 0,
387,  1,  382,  384,  -1,  287, 600,  150.0,  21,  Nuc2132829,  1281,  0, 0, 0, , 0, 0, 0, 0, 0,
388,  1,  383,  385,  -1,  324, 573,  144.0,  21,  Nuc2132832,  1957,  0, 0, 0, , 0, 0, 0, 0, 0,
389,  1,  384,  386,  -1,  447, 489,  140.0,  23,  Nuc2132848,  1654,  0, 0, 0, , 0, 0, 0, 0, 0,
390,  1,  385,  387,  -1,  362, 479,  127.0,  23,  Nuc2132855,  1125,  0, 0, 0, , 0, 0, 0, 0, 0,
391,  1,  386,  388,  -1,  385, 498,  140.0,  23,  Nuc2132862,  2179,  0, 0, 0, , 0, 0, 0, 0, 0,
392,  1,  387,  389,  -1,  362, 546,  140.0,  23,  Nuc2132876,  3814,  0, 0, 0, , 0, 0, 0, 0, 0,
393,  1,  388,  390,  -1,  288, 564,  155.0,  21,  Nuc2132895,  2485,  0, 0, 0, , 0, 0, 0, 0, 0,
394,  1,  389,  391,  -1,  336, 524,  157.0,  23,  Nuc2134945,  2932,  0, 0, 0, , 0, 0, 0, 0, 0,
395,  1,  390,  392,  -1,  281, 511,  153.0,  21,  Nuc2134954,  3169,  0, 0, 0, , 0, 0, 0, 0, 0,
396,  1,  391,  393,  -1,  235, 483,  157.0,  23,  Nuc2134973,  2154,  0, 0, 0, , 0, 0, 0, 0, 0,
397,  1,  392,  394,  -1,  504, 656,  140.0,  23,  Nuc2134990,  2303,  0, 0, 0, , 0, 0, 0, 0, 0,
398,  1,  393,  395,  -1,  468, 641,  128.0,  25,  Nuc2160199,  1975,  0, 0, 0, , 0, 0, 0, 0, 0,
399,  1,  395,  396,  -1,  381, 443,  143.0,  23,  Nuc2160219,  828,  0, 0, 0, , 0, 0, 0, 0, 0,
400,  1,  396,  397,  -1,  243, 452,  143.0,  23,  Nuc2160228,  1388,  0, 0, 0, , 0, 0, 0, 0, 0,
401,  1,  397,  398,  399,  286, 419,  137.0,  21,  Nuc2160244,  505,  0, 0, 0, , 0, 0, 0, 0, 0,
402,  1,  397,  400,  -1,  327, 412,  141.0,  23,  Nuc2160597,  1177,  0, 0, 0, , 0, 0, 0, 0, 0,
403,  1,  398,  401,  -1,  329, 341,  145.0,  23,  Nuc2160611,  3271,  0, 0, 0, , 0, 0, 0, 0, 0,
404,  1,  399,  402,  -1,  461, 401,  130.0,  23,  Nuc2161850,  3334,  0, 0, 0, , 0, 0, 0, 0, 0,
405,  1,  400,  -1,  -1,  461, 399,  124.0,  23,  Nuc2161857,  3248,  0, 0, 0, , 0, 0, 0, 0, 0,
406,  1,  402,  403,  -1,  557, 490,  144.0,  23,  Nuc2161873,  3035,  0, 0, 0, , 0, 0, 0, 0, 0,
407,  1,  403,  404,  -1,  595, 452,  146.0,  23,  Nuc2161885,  2718,  0, 0, 0, , 0, 0, 0, 0, 0,
408,  1,  404,  405,  -1,  303, 177,  113.0,  23,  Nuc2161898,  1088,  0, 0, 0, , 0, 0, 0, 0, 0,
409,  1,  405,  406,  -1,  346, 178,  113.0,  23,  Nuc2162685,  1485,  0, 0, 0, , 0, 0, 0, 0, 0,
410,  1,  406,  407,  -1,  300, 235,  133.0,  21,  Nuc2162699,  1824,  0, 0, 0, , 0, 0, 0, 0, 0,
411,  1,  407,  408,  -1,  332, 210,  128.0,  21,  Nuc2162711,  2635,  0, 0, 0, , 0, 0, 0, 0, 0,
412,  1,  408,  409,  -1,  336, 522,  152.0,  21,  Nuc2162726,  2904,  0, 0, 0, , 0, 0, 0, 0, 0,
413,  1,  408,  410,  -1,  305, 528,  144.0,  21,  Nuc2162728,  1075,  0, 0, 0, , 0, 0, 0, 0, 0,
414,  1,  409,  411,  -1,  281, 499,  141.0,  21,  Nuc2162739,  1376,  0, 0, 0, , 0, 0, 0, 0, 0,
415,  1,  410,  412,  413,  269, 364,  126.0,  21,  Nuc2162916,  1937,  0, 0, 0, , 0, 0, 0, 0, 0,
416,  1,  411,  414,  -1,  276, 308,  137.0,  21,  Nuc2163347,  2457,  0, 0, 0, , 0, 0, 0, 0, 0,
417,  1,  412,  415,  -1,  243, 276,  132.0,  23,  Nuc2163357,  1716,  0, 0, 0, , 0, 0, 0, 0, 0,
418,  1,  414,  416,  -1,  309, 661,  128.0,  23,  Nuc2163372,  1084,  0, 0, 0, , 0, 0, 0, 0, 0,
419,  1,  415,  417,  -1,  344, 706,  125.0,  25,  Nuc2163378,  1675,  0, 0, 0, , 0, 0, 0, 0, 0,
420,  1,  417,  418,  -1,  249, 589,  146.0,  21,  Nuc2163390,  1190,  0, 0, 0, , 0, 0, 0, 0, 0,
421,  1,  418,  419,  -1,  245, 651,  143.0,  23,  Nuc2163397,  814,  0, 0, 0, , 0, 0, 0, 0, 0,
422,  1,  418,  420,  -1,  212, 609,  141.0,  21,  Nuc2163405,  943,  0, 0, 0, , 0, 0, 0, 0, 0,
423,  1,  -1,  421,  422,  215, 388,  142.0,  21,  Nuc2163415,  475,  0, 0, 0, , 0, 0, 0, 0, 0,
