1,  1,  1,  1,  -1,  546, 964,  85.0,  23,  Nuc69,  2078,  0, 0, 0, , 0, 0, 0, 0, 0,
2,  1,  2,  2,  -1,  498, 923,  96.0,  23,  Nuc5285,  2497,  0, 0, 0, , 0, 0, 0, 0, 0,
3,  1,  3,  3,  -1,  447, 952,  84.0,  23,  Nuc7238,  2060,  0, 0, 0, , 0, 0, 0, 0, 0,
4,  1,  4,  4,  -1,  454, 804,  113.0,  23,  Nuc9527,  1182,  0, 0, 0, , 0, 0, 0, 0, 0,
5,  1,  5,  5,  -1,  431, 840,  109.0,  23,  Nuc24132,  1855,  0, 0, 0, , 0, 0, 0, 0, 0,
6,  1,  6,  6,  -1,  430, 898,  100.0,  25,  Nuc24152,  1688,  0, 0, 0, , 0, 0, 0, 0, 0,
7,  1,  7,  7,  -1,  474, 869,  104.0,  23,  Nuc24158,  2185,  0, 0, 0, , 0, 0, 0, 0, 0,
8,  1,  8,  8,  -1,  424, 907,  110.0,  21,  Nuc26089,  3841,  0, 0, 0, , 0, 0, 0, 0, 0,
9,  1,  9,  9,  -1,  479, 924,  107.0,  21,  Nuc28682,  2706,  0, 0, 0, , 0, 0, 0, 0, 0,
10,  1,  10,  10,  -1,  774, 887,  94.0,  23,  Nuc29676,  3707,  0, 0, 0, , 0, 0, 0, 0, 0,
11,  1,  11,  11,  -1,  717, 901,  101.0,  23,  Nuc34362,  3107,  0, 0, 0, , 0, 0, 0, 0, 0,
12,  1,  12,  12,  -1,  673, 896,  112.0,  25,  Nuc37587,  3883,  0, 0, 0, , 0, 0, 0, 0, 0,
13,  1,  13,  13,  -1,  658, 846,  112.0,  23,  Nuc40150,  3750,  0, 0, 0, , 0, 0, 0, 0, 0,
14,  1,  14,  14,  -1,  624, 900,  104.0,  23,  Nuc47891,  3572,  0, 0, 0, , 0, 0, 0, 0, 0,
15,  1,  15,  15,  -1,  588, 933,  99.0,  23,  Nuc49709,  2955,  0, 0, 0, , 0, 0, 0, 0, 0,
16,  1,  16,  16,  -1,  701, 926,  87.0,  23,  Nuc51562,  2645,  0, 0, 0, , 0, 0, 0, 0, 0,
17,  1,  17,  17,  -1,  629, 954,  83.0,  25,  Nuc61181,  2555,  0, 0, 0, , 0, 0, 0, 0, 0,
18,  1,  18,  18,  -1,  609, 831,  124.0,  25,  Nuc63988,  4969,  0, 0, 0, , 0, 0, 0, 0, 0,
19,  1,  19,  19,  -1,  622, 863,  132.0,  23,  Nuc64008,  4038,  0, 0, 0, , 0, 0, 0, 0, 0,
20,  1,  20,  20,  -1,  552, 808,  131.0,  23,  Nuc65780,  2542,  0, 0, 0, , 0, 0, 0, 0, 0,
21,  1,  21,  21,  -1,  524, 917,  105.0,  25,  Nuc69349,  4343,  0, 0, 0, , 0, 0, 0, 0, 0,
22,  1,  22,  22,  -1,  537, 870,  105.0,  23,  Nuc70675,  5110,  0, 0, 0, , 0, 0, 0, 0, 0,
23,  1,  23,  23,  -1,  567, 819,  115.0,  23,  Nuc73732,  2349,  0, 0, 0, , 0, 0, 0, 0, 0,
24,  1,  24,  24,  -1,  567, 869,  117.0,  23,  Nuc76201,  3616,  0, 0, 0, , 0, 0, 0, 0, 0,
25,  1,  25,  25,  -1,  594, 913,  115.0,  23,  Nuc88085,  3411,  0, 0, 0, , 0, 0, 0, 0, 0,
26,  1,  26,  26,  -1,  508, 777,  117.0,  27,  Nuc90600,  3069,  0, 0, 0, , 0, 0, 0, 0, 0,
27,  1,  27,  27,  -1,  402, 768,  134.0,  21,  Nuc102447,  2645,  0, 0, 0, , 0, 0, 0, 0, 0,
28,  1,  28,  -1,  -1,  435, 779,  124.0,  23,  Nuc102455,  1678,  0, 0, 0, , 0, 0, 0, 0, 0,
29,  1,  29,  28,  -1,  483, 819,  127.0,  23,  Nuc102465,  3200,  0, 0, 0, , 0, 0, 0, 0, 0,
30,  1,  30,  29,  -1,  501, 855,  117.0,  23,  Nuc144322,  4062,  0, 0, 0, , 0, 0, 0, 0, 0,
31,  1,  31,  30,  -1,  535, 899,  122.0,  23,  Nuc146055,  3815,  0, 0, 0, , 0, 0, 0, 0, 0,
32,  1,  32,  31,  -1,  452, 891,  119.0,  23,  Nuc146855,  5119,  0, 0, 0, , 0, 0, 0, 0, 0,
33,  1,  33,  32,  -1,  480, 872,  131.0,  23,  Nuc148366,  4301,  0, 0, 0, , 0, 0, 0, 0, 0,
34,  1,  34,  33,  -1,  361, 266,  155.0,  21,  Nuc152826,  2062,  0, 0, 0, , 0, 0, 0, 0, 0,
35,  1,  35,  34,  -1,  304, 282,  148.0,  23,  Nuc152832,  2938,  0, 0, 0, , 0, 0, 0, 0, 0,
36,  1,  36,  35,  -1,  655, 779,  125.0,  23,  Nuc152915,  3435,  0, 0, 0, , 0, 0, 0, 0, 0,
37,  1,  37,  36,  -1,  698, 733,  128.0,  21,  Nuc170125,  2725,  0, 0, 0, , 0, 0, 0, 0, 0,
38,  1,  38,  37,  -1,  684, 857,  122.0,  25,  Nuc173388,  4608,  0, 0, 0, , 0, 0, 0, 0, 0,
39,  1,  39,  38,  -1,  721, 816,  129.0,  23,  Nuc182362,  5059,  0, 0, 0, , 0, 0, 0, 0, 0,
40,  1,  40,  39,  -1,  710, 767,  145.0,  23,  Nuc190570,  4170,  0, 0, 0, , 0, 0, 0, 0, 0,
41,  1,  41,  40,  -1,  658, 743,  149.0,  23,  Nuc200249,  4958,  0, 0, 0, , 0, 0, 0, 0, 0,
42,  1,  42,  41,  -1,  669, 826,  140.0,  23,  Nuc205703,  5324,  0, 0, 0, , 0, 0, 0, 0, 0,
43,  1,  43,  42,  -1,  610, 800,  141.0,  25,  Nuc208536,  5230,  0, 0, 0, , 0, 0, 0, 0, 0,
44,  1,  44,  43,  -1,  821, 747,  116.0,  23,  Nuc209768,  3829,  0, 0, 0, , 0, 0, 0, 0, 0,
45,  1,  45,  44,  -1,  859, 773,  112.0,  23,  Nuc214935,  4013,  0, 0, 0, , 0, 0, 0, 0, 0,
46,  1,  46,  45,  -1,  876, 788,  94.0,  23,  Nuc215664,  3373,  0, 0, 0, , 0, 0, 0, 0, 0,
47,  1,  47,  46,  -1,  832, 836,  98.0,  23,  Nuc220667,  3710,  0, 0, 0, , 0, 0, 0, 0, 0,
48,  1,  48,  47,  -1,  785, 804,  124.0,  23,  Nuc230383,  4827,  0, 0, 0, , 0, 0, 0, 0, 0,
49,  1,  49,  48,  -1,  747, 773,  119.0,  23,  Nuc230680,  4181,  0, 0, 0, , 0, 0, 0, 0, 0,
50,  1,  50,  49,  -1,  734, 854,  114.0,  23,  Nuc248278,  4740,  0, 0, 0, , 0, 0, 0, 0, 0,
51,  1,  51,  50,  -1,  788, 829,  112.0,  23,  Nuc249179,  4747,  0, 0, 0, , 0, 0, 0, 0, 0,
52,  1,  52,  51,  -1,  770, 191,  107.0,  23,  Nuc251889,  3547,  0, 0, 0, , 0, 0, 0, 0, 0,
53,  1,  53,  52,  -1,  831, 224,  98.0,  23,  Nuc255964,  3174,  0, 0, 0, , 0, 0, 0, 0, 0,
54,  1,  54,  53,  -1,  631, 223,  112.0,  25,  Nuc260718,  2320,  0, 0, 0, , 0, 0, 0, 0, 0,
55,  1,  55,  54,  -1,  707, 164,  105.0,  23,  Nuc261261,  3483,  0, 0, 0, , 0, 0, 0, 0, 0,
56,  1,  56,  55,  -1,  681, 214,  135.0,  23,  Nuc264762,  4085,  0, 0, 0, , 0, 0, 0, 0, 0,
57,  1,  57,  56,  -1,  631, 239,  128.0,  23,  Nuc268202,  3989,  0, 0, 0, , 0, 0, 0, 0, 0,
58,  1,  58,  57,  -1,  624, 177,  124.0,  25,  Nuc271243,  4341,  0, 0, 0, , 0, 0, 0, 0, 0,
59,  1,  59,  58,  -1,  708, 194,  123.0,  23,  Nuc272786,  3694,  0, 0, 0, , 0, 0, 0, 0, 0,
60,  1,  60,  59,  -1,  581, 290,  131.0,  23,  Nuc274990,  2894,  0, 0, 0, , 0, 0, 0, 0, 0,
61,  1,  61,  60,  -1,  542, 250,  136.0,  25,  Nuc280425,  3352,  0, 0, 0, , 0, 0, 0, 0, 0,
62,  1,  62,  61,  -1,  596, 199,  139.0,  23,  Nuc283136,  3958,  0, 0, 0, , 0, 0, 0, 0, 0,
63,  1,  63,  62,  -1,  612, 253,  144.0,  23,  Nuc285944,  3661,  0, 0, 0, , 0, 0, 0, 0, 0,
64,  1,  64,  63,  -1,  545, 219,  115.0,  23,  Nuc293762,  2675,  0, 0, 0, , 0, 0, 0, 0, 0,
65,  1,  65,  64,  -1,  548, 178,  128.0,  25,  Nuc293848,  3564,  0, 0, 0, , 0, 0, 0, 0, 0,
66,  1,  66,  65,  -1,  616, 139,  111.0,  23,  Nuc306838,  2486,  0, 0, 0, , 0, 0, 0, 0, 0,
67,  1,  67,  66,  -1,  582, 126,  108.0,  23,  Nuc310956,  3108,  0, 0, 0, , 0, 0, 0, 0, 0,
68,  1,  68,  67,  -1,  850, 292,  113.0,  23,  Nuc314328,  3368,  0, 0, 0, , 0, 0, 0, 0, 0,
69,  1,  69,  68,  -1,  903, 310,  101.0,  23,  Nuc317267,  3592,  0, 0, 0, , 0, 0, 0, 0, 0,
70,  1,  70,  69,  -1,  940, 445,  102.0,  27,  Nuc326414,  3879,  0, 0, 0, , 0, 0, 0, 0, 0,
71,  1,  71,  70,  -1,  935, 381,  109.0,  23,  Nuc330212,  4189,  0, 0, 0, , 0, 0, 0, 0, 0,
72,  1,  72,  71,  -1,  806, 265,  117.0,  25,  Nuc343680,  3899,  0, 0, 0, , 0, 0, 0, 0, 0,
73,  1,  73,  72,  -1,  776, 312,  128.0,  23,  Nuc348459,  4030,  0, 0, 0, , 0, 0, 0, 0, 0,
74,  1,  74,  73,  -1,  858, 338,  127.0,  23,  Nuc359691,  4337,  0, 0, 0, , 0, 0, 0, 0, 0,
75,  1,  75,  74,  -1,  814, 360,  122.0,  25,  Nuc361729,  4434,  0, 0, 0, , 0, 0, 0, 0, 0,
76,  1,  76,  75,  -1,  800, 365,  141.0,  23,  Nuc370612,  4426,  0, 0, 0, , 0, 0, 0, 0, 0,
77,  1,  77,  76,  -1,  745, 328,  150.0,  23,  Nuc382950,  4984,  0, 0, 0, , 0, 0, 0, 0, 0,
78,  1,  78,  77,  -1,  730, 363,  141.0,  21,  Nuc386090,  3950,  0, 0, 0, , 0, 0, 0, 0, 0,
79,  1,  79,  78,  -1,  729, 351,  127.0,  23,  Nuc391878,  3586,  0, 0, 0, , 0, 0, 0, 0, 0,
80,  1,  80,  79,  -1,  680, 281,  137.0,  21,  Nuc406979,  3244,  0, 0, 0, , 0, 0, 0, 0, 0,
81,  1,  81,  80,  -1,  700, 264,  123.0,  21,  Nuc424206,  3976,  0, 0, 0, , 0, 0, 0, 0, 0,
82,  1,  82,  81,  -1,  753, 274,  138.0,  25,  Nuc441249,  5088,  0, 0, 0, , 0, 0, 0, 0, 0,
83,  1,  83,  82,  -1,  762, 236,  121.0,  25,  Nuc442516,  4134,  0, 0, 0, , 0, 0, 0, 0, 0,
84,  1,  84,  83,  -1,  401, 134,  110.0,  23,  Nuc445520,  2535,  0, 0, 0, , 0, 0, 0, 0, 0,
85,  1,  85,  84,  -1,  442, 227,  119.0,  23,  Nuc450561,  1255,  0, 0, 0, , 0, 0, 0, 0, 0,
86,  1,  86,  85,  -1,  389, 219,  124.0,  23,  Nuc450570,  2666,  0, 0, 0, , 0, 0, 0, 0, 0,
87,  1,  87,  86,  -1,  413, 165,  125.0,  23,  Nuc450581,  3808,  0, 0, 0, , 0, 0, 0, 0, 0,
88,  1,  88,  87,  -1,  368, 214,  137.0,  23,  Nuc451863,  2715,  0, 0, 0, , 0, 0, 0, 0, 0,
89,  1,  89,  88,  -1,  432, 321,  129.0,  23,  Nuc452173,  2936,  0, 0, 0, , 0, 0, 0, 0, 0,
90,  1,  90,  89,  -1,  298, 323,  125.0,  23,  Nuc452187,  1523,  0, 0, 0, , 0, 0, 0, 0, 0,
91,  1,  91,  -1,  -1,  337, 276,  130.0,  21,  Nuc452193,  764,  0, 0, 0, , 0, 0, 0, 0, 0,
92,  1,  91,  90,  -1,  336, 276,  122.0,  23,  Nuc452194,  2056,  0, 0, 0, , 0, 0, 0, 0, 0,
93,  1,  92,  91,  -1,  402, 284,  121.0,  23,  Nuc452209,  2820,  0, 0, 0, , 0, 0, 0, 0, 0,
94,  1,  92,  -1,  -1,  402, 284,  125.0,  23,  Nuc452215,  3103,  0, 0, 0, , 0, 0, 0, 0, 0,
95,  1,  93,  92,  -1,  417, 263,  139.0,  23,  Nuc452226,  3573,  0, 0, 0, , 0, 0, 0, 0, 0,
96,  1,  94,  93,  -1,  463, 125,  109.0,  23,  Nuc454683,  3699,  0, 0, 0, , 0, 0, 0, 0, 0,
97,  1,  95,  94,  -1,  515, 130,  112.0,  23,  Nuc454944,  3537,  0, 0, 0, , 0, 0, 0, 0, 0,
98,  1,  96,  95,  -1,  480, 166,  125.0,  23,  Nuc457659,  4013,  0, 0, 0, , 0, 0, 0, 0, 0,
99,  1,  97,  96,  -1,  478, 277,  141.0,  23,  Nuc460159,  3303,  0, 0, 0, , 0, 0, 0, 0, 0,
100,  1,  98,  97,  -1,  451, 225,  129.0,  23,  Nuc462233,  2144,  0, 0, 0, , 0, 0, 0, 0, 0,
101,  1,  99,  98,  -1,  491, 270,  127.0,  27,  Nuc462353,  2376,  0, 0, 0, , 0, 0, 0, 0, 0,
102,  1,  100,  99,  -1,  457, 186,  137.0,  23,  Nuc462389,  3953,  0, 0, 0, , 0, 0, 0, 0, 0,
103,  1,  101,  100,  -1,  511, 189,  138.0,  23,  Nuc465730,  2921,  0, 0, 0, , 0, 0, 0, 0, 0,
104,  1,  102,  101,  -1,  909, 632,  127.0,  23,  Nuc466301,  4668,  0, 0, 0, , 0, 0, 0, 0, 0,
105,  1,  103,  102,  -1,  883, 630,  118.0,  23,  Nuc466610,  4703,  0, 0, 0, , 0, 0, 0, 0, 0,
106,  1,  104,  103,  -1,  940, 670,  104.0,  25,  Nuc478794,  3667,  0, 0, 0, , 0, 0, 0, 0, 0,
107,  1,  105,  104,  -1,  962, 611,  107.0,  23,  Nuc487387,  4554,  0, 0, 0, , 0, 0, 0, 0, 0,
108,  1,  106,  105,  -1,  857, 711,  128.0,  25,  Nuc497667,  4633,  0, 0, 0, , 0, 0, 0, 0, 0,
109,  1,  107,  106,  -1,  818, 676,  124.0,  23,  Nuc500826,  4286,  0, 0, 0, , 0, 0, 0, 0, 0,
110,  1,  108,  107,  -1,  892, 699,  115.0,  25,  Nuc541246,  4124,  0, 0, 0, , 0, 0, 0, 0, 0,
111,  1,  109,  108,  -1,  917, 738,  103.0,  23,  Nuc543596,  3944,  0, 0, 0, , 0, 0, 0, 0, 0,
112,  1,  110,  109,  -1,  815, 680,  142.0,  21,  Nuc546727,  4803,  0, 0, 0, , 0, 0, 0, 0, 0,
113,  1,  111,  110,  -1,  778, 760,  133.0,  23,  Nuc574125,  4761,  0, 0, 0, , 0, 0, 0, 0, 0,
114,  1,  112,  111,  -1,  756, 694,  128.0,  23,  Nuc578602,  4973,  0, 0, 0, , 0, 0, 0, 0, 0,
115,  1,  113,  112,  -1,  767, 640,  131.0,  23,  Nuc590741,  3073,  0, 0, 0, , 0, 0, 0, 0, 0,
116,  1,  114,  113,  -1,  703, 678,  143.0,  21,  Nuc606141,  4805,  0, 0, 0, , 0, 0, 0, 0, 0,
117,  1,  115,  114,  -1,  664, 676,  156.0,  21,  Nuc633999,  5679,  0, 0, 0, , 0, 0, 0, 0, 0,
118,  1,  116,  115,  -1,  767, 726,  147.0,  23,  Nuc668720,  6516,  0, 0, 0, , 0, 0, 0, 0, 0,
119,  1,  117,  116,  -1,  715, 710,  157.0,  23,  Nuc673189,  5278,  0, 0, 0, , 0, 0, 0, 0, 0,
120,  1,  118,  -1,  -1,  338, 765,  150.0,  21,  Nuc682062,  3139,  0, 0, 0, , 0, 0, 0, 0, 0,
121,  1,  119,  117,  -1,  386, 723,  151.0,  21,  Nuc682073,  2115,  0, 0, 0, , 0, 0, 0, 0, 0,
122,  1,  120,  118,  -1,  416, 780,  147.0,  23,  Nuc685638,  2302,  0, 0, 0, , 0, 0, 0, 0, 0,
123,  1,  121,  119,  -1,  379, 823,  140.0,  21,  Nuc685662,  2949,  0, 0, 0, , 0, 0, 0, 0, 0,
124,  1,  122,  120,  -1,  430, 823,  137.0,  23,  Nuc686922,  2913,  0, 0, 0, , 0, 0, 0, 0, 0,
125,  1,  123,  121,  -1,  422, 863,  134.0,  23,  Nuc694115,  3719,  0, 0, 0, , 0, 0, 0, 0, 0,
126,  1,  125,  122,  -1,  368, 772,  125.0,  23,  Nuc694433,  2012,  0, 0, 0, , 0, 0, 0, 0, 0,
127,  1,  126,  123,  -1,  335, 797,  129.0,  21,  Nuc694442,  2871,  0, 0, 0, , 0, 0, 0, 0, 0,
128,  1,  127,  124,  -1,  343, 835,  126.0,  23,  Nuc695090,  2825,  0, 0, 0, , 0, 0, 0, 0, 0,
129,  1,  128,  125,  -1,  895, 386,  120.0,  23,  Nuc701815,  4887,  0, 0, 0, , 0, 0, 0, 0, 0,
130,  1,  129,  126,  -1,  907, 439,  124.0,  25,  Nuc726381,  4928,  0, 0, 0, , 0, 0, 0, 0, 0,
131,  1,  130,  127,  -1,  901, 496,  122.0,  23,  Nuc727169,  4743,  0, 0, 0, , 0, 0, 0, 0, 0,
132,  1,  131,  128,  -1,  952, 483,  120.0,  23,  Nuc733897,  4829,  0, 0, 0, , 0, 0, 0, 0, 0,
133,  1,  132,  129,  -1,  840, 417,  126.0,  23,  Nuc736777,  4000,  0, 0, 0, , 0, 0, 0, 0, 0,
134,  1,  133,  130,  -1,  866, 415,  140.0,  25,  Nuc740822,  4643,  0, 0, 0, , 0, 0, 0, 0, 0,
135,  1,  134,  131,  -1,  844, 481,  136.0,  23,  Nuc744078,  4098,  0, 0, 0, , 0, 0, 0, 0, 0,
136,  1,  135,  132,  -1,  867, 510,  146.0,  23,  Nuc755985,  6179,  0, 0, 0, , 0, 0, 0, 0, 0,
137,  1,  136,  133,  -1,  773, 419,  133.0,  23,  Nuc765560,  4780,  0, 0, 0, , 0, 0, 0, 0, 0,
138,  1,  137,  134,  -1,  791, 469,  127.0,  25,  Nuc767137,  4332,  0, 0, 0, , 0, 0, 0, 0, 0,
139,  1,  138,  135,  -1,  723, 507,  147.0,  21,  Nuc777277,  2482,  0, 0, 0, , 0, 0, 0, 0, 0,
140,  1,  139,  136,  -1,  780, 530,  139.0,  23,  Nuc781779,  2482,  0, 0, 0, , 0, 0, 0, 0, 0,
141,  1,  140,  137,  -1,  785, 486,  158.0,  23,  Nuc781832,  4548,  0, 0, 0, , 0, 0, 0, 0, 0,
142,  1,  141,  138,  -1,  823, 446,  151.0,  21,  Nuc786040,  4894,  0, 0, 0, , 0, 0, 0, 0, 0,
143,  1,  142,  139,  -1,  751, 414,  157.0,  23,  Nuc787827,  4763,  0, 0, 0, , 0, 0, 0, 0, 0,
144,  1,  143,  140,  -1,  710, 443,  156.0,  23,  Nuc795089,  5209,  0, 0, 0, , 0, 0, 0, 0, 0,
145,  1,  144,  141,  -1,  817, 569,  135.0,  23,  Nuc799531,  5608,  0, 0, 0, , 0, 0, 0, 0, 0,
146,  1,  145,  142,  -1,  790, 605,  145.0,  23,  Nuc842576,  4700,  0, 0, 0, , 0, 0, 0, 0, 0,
147,  1,  146,  143,  -1,  863, 634,  138.0,  23,  Nuc846760,  5706,  0, 0, 0, , 0, 0, 0, 0, 0,
148,  1,  147,  144,  -1,  881, 564,  140.0,  23,  Nuc851361,  6472,  0, 0, 0, , 0, 0, 0, 0, 0,
149,  1,  148,  145,  -1,  847, 591,  126.0,  23,  Nuc855295,  5471,  0, 0, 0, , 0, 0, 0, 0, 0,
150,  1,  149,  146,  -1,  854, 521,  123.0,  23,  Nuc886400,  5358,  0, 0, 0, , 0, 0, 0, 0, 0,
151,  1,  150,  147,  -1,  914, 566,  118.0,  23,  Nuc895742,  5765,  0, 0, 0, , 0, 0, 0, 0, 0,
152,  1,  151,  148,  -1,  929, 565,  129.0,  23,  Nuc902817,  4905,  0, 0, 0, , 0, 0, 0, 0, 0,
153,  1,  152,  149,  -1,  970, 546,  111.0,  23,  Nuc906525,  4171,  0, 0, 0, , 0, 0, 0, 0, 0,
154,  1,  153,  150,  -1,  951, 503,  107.0,  23,  Nuc907625,  4045,  0, 0, 0, , 0, 0, 0, 0, 0,
155,  1,  154,  151,  -1,  754, 572,  130.0,  23,  Nuc911906,  3912,  0, 0, 0, , 0, 0, 0, 0, 0,
156,  1,  155,  152,  -1,  719, 588,  141.0,  25,  Nuc938597,  5508,  0, 0, 0, , 0, 0, 0, 0, 0,
157,  1,  156,  153,  -1,  768, 652,  158.0,  23,  Nuc953005,  5719,  0, 0, 0, , 0, 0, 0, 0, 0,
158,  1,  157,  154,  -1,  753, 598,  167.0,  23,  Nuc954600,  5337,  0, 0, 0, , 0, 0, 0, 0, 0,
159,  1,  158,  155,  -1,  730, 602,  156.0,  21,  Nuc956969,  4240,  0, 0, 0, , 0, 0, 0, 0, 0,
160,  1,  159,  156,  -1,  831, 599,  152.0,  23,  Nuc966769,  7161,  0, 0, 0, , 0, 0, 0, 0, 0,
161,  1,  160,  157,  -1,  799, 548,  159.0,  25,  Nuc967918,  6563,  0, 0, 0, , 0, 0, 0, 0, 0,
162,  1,  161,  158,  -1,  527, 579,  146.0,  23,  Nuc1024124,  4552,  0, 0, 0, , 0, 0, 0, 0, 0,
163,  1,  162,  159,  -1,  478, 593,  146.0,  25,  Nuc1056920,  3945,  0, 0, 0, , 0, 0, 0, 0, 0,
164,  1,  163,  160,  -1,  283, 820,  115.0,  21,  Nuc1057055,  1881,  0, 0, 0, , 0, 0, 0, 0, 0,
165,  1,  164,  161,  -1,  287, 768,  120.0,  23,  Nuc1057166,  2378,  0, 0, 0, , 0, 0, 0, 0, 0,
166,  1,  165,  162,  -1,  279, 738,  143.0,  21,  Nuc1057287,  2546,  0, 0, 0, , 0, 0, 0, 0, 0,
167,  1,  166,  163,  -1,  306, 760,  132.0,  23,  Nuc1057299,  2645,  0, 0, 0, , 0, 0, 0, 0, 0,
168,  1,  167,  164,  -1,  486, 716,  124.0,  23,  Nuc1057345,  3916,  0, 0, 0, , 0, 0, 0, 0, 0,
169,  1,  168,  165,  -1,  367, 740,  136.0,  23,  Nuc1057656,  3637,  0, 0, 0, , 0, 0, 0, 0, 0,
170,  1,  170,  166,  -1,  456, 745,  139.0,  23,  Nuc1057679,  4581,  0, 0, 0, , 0, 0, 0, 0, 0,
171,  1,  171,  167,  -1,  433, 691,  145.0,  21,  Nuc1057743,  3740,  0, 0, 0, , 0, 0, 0, 0, 0,
172,  1,  172,  168,  -1,  477, 712,  149.0,  21,  Nuc1057761,  2616,  0, 0, 0, , 0, 0, 0, 0, 0,
173,  1,  173,  169,  -1,  499, 584,  130.0,  23,  Nuc1057913,  2061,  0, 0, 0, , 0, 0, 0, 0, 0,
174,  1,  174,  170,  -1,  537, 603,  132.0,  23,  Nuc1058187,  2259,  0, 0, 0, , 0, 0, 0, 0, 0,
175,  1,  175,  171,  -1,  587, 641,  132.0,  23,  Nuc1058193,  3566,  0, 0, 0, , 0, 0, 0, 0, 0,
176,  1,  176,  172,  -1,  585, 616,  150.0,  25,  Nuc1062369,  663,  0, 0, 0, , 0, 0, 0, 0, 0,
177,  1,  176,  173,  -1,  562, 650,  146.0,  23,  Nuc1062371,  2377,  0, 0, 0, , 0, 0, 0, 0, 0,
178,  1,  177,  174,  -1,  544, 695,  138.0,  23,  Nuc1091590,  4800,  0, 0, 0, , 0, 0, 0, 0, 0,
179,  1,  178,  175,  -1,  551, 700,  125.0,  25,  Nuc1092035,  4304,  0, 0, 0, , 0, 0, 0, 0, 0,
180,  1,  179,  176,  -1,  624, 637,  146.0,  21,  Nuc1102217,  1916,  0, 0, 0, , 0, 0, 0, 0, 0,
181,  1,  180,  177,  -1,  621, 688,  141.0,  21,  Nuc1124421,  3864,  0, 0, 0, , 0, 0, 0, 0, 0,
182,  1,  181,  178,  -1,  637, 692,  127.0,  23,  Nuc1129021,  3781,  0, 0, 0, , 0, 0, 0, 0, 0,
183,  1,  182,  179,  -1,  594, 752,  122.0,  27,  Nuc1145050,  6973,  0, 0, 0, , 0, 0, 0, 0, 0,
184,  1,  183,  180,  -1,  608, 750,  134.0,  25,  Nuc1145223,  5067,  0, 0, 0, , 0, 0, 0, 0, 0,
185,  1,  184,  181,  -1,  406, 553,  134.0,  23,  Nuc1208204,  1982,  0, 0, 0, , 0, 0, 0, 0, 0,
186,  1,  185,  182,  -1,  455, 571,  137.0,  23,  Nuc1208212,  2698,  0, 0, 0, , 0, 0, 0, 0, 0,
187,  1,  186,  183,  -1,  459, 524,  130.0,  23,  Nuc1208665,  3042,  0, 0, 0, , 0, 0, 0, 0, 0,
188,  1,  187,  -1,  -1,  562, 545,  126.0,  23,  Nuc1208682,  1406,  0, 0, 0, , 0, 0, 0, 0, 0,
189,  1,  187,  184,  -1,  514, 514,  130.0,  25,  Nuc1208683,  4179,  0, 0, 0, , 0, 0, 0, 0, 0,
190,  1,  188,  185,  -1,  565, 733,  147.0,  21,  Nuc1210621,  2550,  0, 0, 0, , 0, 0, 0, 0, 0,
191,  1,  189,  186,  -1,  555, 813,  150.0,  21,  Nuc1231750,  3845,  0, 0, 0, , 0, 0, 0, 0, 0,
192,  1,  190,  187,  -1,  544, 861,  135.0,  21,  Nuc1234869,  3069,  0, 0, 0, , 0, 0, 0, 0, 0,
193,  1,  191,  188,  -1,  462, 821,  150.0,  23,  Nuc1247459,  4168,  0, 0, 0, , 0, 0, 0, 0, 0,
194,  1,  192,  189,  -1,  479, 807,  142.0,  25,  Nuc1248924,  3152,  0, 0, 0, , 0, 0, 0, 0, 0,
195,  1,  193,  190,  -1,  504, 760,  156.0,  21,  Nuc1262378,  3969,  0, 0, 0, , 0, 0, 0, 0, 0,
196,  1,  194,  191,  -1,  468, 766,  162.0,  23,  Nuc1270023,  5116,  0, 0, 0, , 0, 0, 0, 0, 0,
197,  1,  195,  192,  -1,  680, 578,  132.0,  23,  Nuc1272772,  4543,  0, 0, 0, , 0, 0, 0, 0, 0,
198,  1,  196,  193,  -1,  673, 629,  132.0,  25,  Nuc1330330,  3966,  0, 0, 0, , 0, 0, 0, 0, 0,
199,  1,  197,  194,  -1,  654, 602,  152.0,  23,  Nuc1335662,  5064,  0, 0, 0, , 0, 0, 0, 0, 0,
200,  1,  198,  195,  -1,  597, 585,  139.0,  23,  Nuc1336680,  3432,  0, 0, 0, , 0, 0, 0, 0, 0,
201,  1,  199,  196,  -1,  561, 545,  134.0,  27,  Nuc1344449,  5012,  0, 0, 0, , 0, 0, 0, 0, 0,
202,  1,  200,  197,  -1,  619, 533,  135.0,  23,  Nuc1390595,  2813,  0, 0, 0, , 0, 0, 0, 0, 0,
203,  1,  201,  198,  -1,  683, 496,  130.0,  23,  Nuc1418350,  5248,  0, 0, 0, , 0, 0, 0, 0, 0,
204,  1,  202,  199,  -1,  481, 396,  147.0,  23,  Nuc1418791,  2953,  0, 0, 0, , 0, 0, 0, 0, 0,
205,  1,  203,  200,  -1,  395, 615,  158.0,  21,  Nuc1418871,  568,  0, 0, 0, , 0, 0, 0, 0, 0,
206,  1,  204,  201,  -1,  415, 564,  154.0,  21,  Nuc1419057,  2186,  0, 0, 0, , 0, 0, 0, 0, 0,
207,  1,  205,  202,  -1,  419, 521,  154.0,  21,  Nuc1419070,  1352,  0, 0, 0, , 0, 0, 0, 0, 0,
208,  1,  206,  203,  -1,  423, 526,  179.0,  23,  Nuc1419102,  3711,  0, 0, 0, , 0, 0, 0, 0, 0,
209,  1,  207,  204,  -1,  433, 556,  168.0,  21,  Nuc1419548,  3263,  0, 0, 0, , 0, 0, 0, 0, 0,
210,  1,  208,  205,  -1,  511, 443,  132.0,  23,  Nuc1426683,  4187,  0, 0, 0, , 0, 0, 0, 0, 0,
211,  1,  210,  206,  207,  414, 444,  127.0,  25,  Nuc1426696,  1484,  0, 0, 0, , 0, 0, 0, 0, 0,
212,  1,  211,  208,  209,  468, 465,  127.0,  23,  Nuc1426704,  4141,  0, 0, 0, , 0, 0, 0, 0, 0,
213,  1,  212,  210,  -1,  631, 465,  130.0,  23,  Nuc1431517,  3855,  0, 0, 0, , 0, 0, 0, 0, 0,
214,  1,  213,  211,  -1,  562, 465,  130.0,  25,  Nuc1453055,  4032,  0, 0, 0, , 0, 0, 0, 0, 0,
215,  1,  214,  212,  -1,  457, 505,  161.0,  21,  Nuc1468266,  2926,  0, 0, 0, , 0, 0, 0, 0, 0,
216,  1,  215,  213,  -1,  473, 516,  152.0,  21,  Nuc1468875,  3878,  0, 0, 0, , 0, 0, 0, 0, 0,
217,  1,  217,  214,  -1,  503, 535,  143.0,  23,  Nuc1476762,  3889,  0, 0, 0, , 0, 0, 0, 0, 0,
218,  1,  218,  215,  216,  478, 455,  150.0,  23,  Nuc1476777,  3763,  0, 0, 0, , 0, 0, 0, 0, 0,
219,  1,  219,  217,  -1,  519, 477,  142.0,  23,  Nuc1483140,  2010,  0, 0, 0, , 0, 0, 0, 0, 0,
220,  1,  220,  218,  -1,  370, 377,  165.0,  21,  Nuc1483236,  2627,  0, 0, 0, , 0, 0, 0, 0, 0,
221,  1,  221,  219,  -1,  331, 369,  170.0,  23,  Nuc1492372,  3452,  0, 0, 0, , 0, 0, 0, 0, 0,
222,  1,  223,  220,  -1,  306, 472,  163.0,  21,  Nuc1492480,  1195,  0, 0, 0, , 0, 0, 0, 0, 0,
223,  1,  224,  221,  -1,  284, 438,  165.0,  21,  Nuc1492490,  3034,  0, 0, 0, , 0, 0, 0, 0, 0,
224,  1,  225,  222,  -1,  407, 380,  176.0,  21,  Nuc1493014,  5049,  0, 0, 0, , 0, 0, 0, 0, 0,
225,  1,  226,  223,  224,  414, 469,  157.0,  23,  Nuc1493164,  3127,  0, 0, 0, , 0, 0, 0, 0, 0,
226,  1,  227,  225,  -1,  314, 401,  157.0,  21,  Nuc1493184,  1948,  0, 0, 0, , 0, 0, 0, 0, 0,
227,  1,  228,  226,  -1,  384, 422,  161.0,  21,  Nuc1493194,  2425,  0, 0, 0, , 0, 0, 0, 0, 0,
228,  1,  229,  227,  -1,  462, 294,  165.0,  21,  Nuc1493236,  2982,  0, 0, 0, , 0, 0, 0, 0, 0,
229,  1,  230,  228,  -1,  290, 357,  158.0,  23,  Nuc1493607,  2801,  0, 0, 0, , 0, 0, 0, 0, 0,
230,  1,  231,  229,  -1,  338, 330,  159.0,  23,  Nuc1493617,  2996,  0, 0, 0, , 0, 0, 0, 0, 0,
231,  1,  232,  230,  -1,  395, 322,  164.0,  23,  Nuc1493776,  3557,  0, 0, 0, , 0, 0, 0, 0, 0,
232,  1,  233,  231,  -1,  423, 364,  156.0,  21,  Nuc1494680,  1928,  0, 0, 0, , 0, 0, 0, 0, 0,
233,  1,  234,  232,  -1,  338, 275,  137.0,  23,  Nuc1494732,  3014,  0, 0, 0, , 0, 0, 0, 0, 0,
234,  1,  236,  233,  -1,  394, 319,  144.0,  23,  Nuc1496188,  1928,  0, 0, 0, , 0, 0, 0, 0, 0,
235,  1,  237,  234,  -1,  431, 265,  156.0,  21,  Nuc1496378,  3648,  0, 0, 0, , 0, 0, 0, 0, 0,
236,  1,  238,  235,  -1,  419, 214,  146.0,  23,  Nuc1497064,  3264,  0, 0, 0, , 0, 0, 0, 0, 0,
237,  1,  239,  236,  -1,  666, 302,  151.0,  23,  Nuc1500738,  4000,  0, 0, 0, , 0, 0, 0, 0, 0,
238,  1,  240,  237,  -1,  630, 348,  163.0,  23,  Nuc1503369,  3796,  0, 0, 0, , 0, 0, 0, 0, 0,
239,  1,  241,  238,  -1,  625, 402,  153.0,  21,  Nuc1508349,  1034,  0, 0, 0, , 0, 0, 0, 0, 0,
240,  1,  242,  239,  -1,  670, 380,  141.0,  23,  Nuc1510134,  3936,  0, 0, 0, , 0, 0, 0, 0, 0,
241,  1,  243,  240,  -1,  609, 399,  130.0,  23,  Nuc1514881,  2447,  0, 0, 0, , 0, 0, 0, 0, 0,
242,  1,  244,  241,  -1,  562, 406,  141.0,  23,  Nuc1514902,  2057,  0, 0, 0, , 0, 0, 0, 0, 0,
243,  1,  245,  242,  -1,  656, 328,  126.0,  23,  Nuc1545774,  3178,  0, 0, 0, , 0, 0, 0, 0, 0,
244,  1,  246,  243,  -1,  600, 335,  144.0,  23,  Nuc1551438,  2780,  0, 0, 0, , 0, 0, 0, 0, 0,
245,  1,  247,  244,  -1,  479, 330,  152.0,  23,  Nuc1553374,  941,  0, 0, 0, , 0, 0, 0, 0, 0,
246,  1,  248,  245,  -1,  536, 327,  140.0,  21,  Nuc1560741,  1271,  0, 0, 0, , 0, 0, 0, 0, 0,
247,  1,  249,  246,  -1,  541, 276,  151.0,  21,  Nuc1572642,  3651,  0, 0, 0, , 0, 0, 0, 0, 0,
248,  1,  250,  247,  -1,  501, 232,  152.0,  23,  Nuc1575664,  2635,  0, 0, 0, , 0, 0, 0, 0, 0,
249,  1,  251,  248,  -1,  593, 276,  159.0,  23,  Nuc1577626,  3738,  0, 0, 0, , 0, 0, 0, 0, 0,
250,  1,  252,  249,  -1,  577, 332,  165.0,  23,  Nuc1581759,  4701,  0, 0, 0, , 0, 0, 0, 0, 0,
251,  1,  253,  250,  -1,  463, 362,  172.0,  21,  Nuc1584296,  3093,  0, 0, 0, , 0, 0, 0, 0, 0,
252,  1,  254,  251,  -1,  514, 321,  168.0,  21,  Nuc1584421,  4765,  0, 0, 0, , 0, 0, 0, 0, 0,
253,  1,  255,  252,  -1,  649, 465,  152.0,  23,  Nuc1584595,  6530,  0, 0, 0, , 0, 0, 0, 0, 0,
254,  1,  256,  253,  -1,  665, 445,  139.0,  25,  Nuc1602919,  4187,  0, 0, 0, , 0, 0, 0, 0, 0,
255,  1,  257,  254,  -1,  723, 433,  130.0,  23,  Nuc1622767,  4493,  0, 0, 0, , 0, 0, 0, 0, 0,
256,  1,  258,  255,  -1,  677, 411,  127.0,  25,  Nuc1639851,  4093,  0, 0, 0, , 0, 0, 0, 0, 0,
257,  1,  259,  256,  -1,  644, 528,  166.0,  23,  Nuc1640586,  7891,  0, 0, 0, , 0, 0, 0, 0, 0,
258,  1,  260,  257,  -1,  665, 500,  143.0,  23,  Nuc1643533,  8343,  0, 0, 0, , 0, 0, 0, 0, 0,
259,  1,  261,  258,  -1,  639, 530,  150.0,  23,  Nuc1647664,  5489,  0, 0, 0, , 0, 0, 0, 0, 0,
260,  1,  262,  259,  -1,  689, 575,  157.0,  23,  Nuc1703103,  8762,  0, 0, 0, , 0, 0, 0, 0, 0,
261,  1,  263,  260,  -1,  675, 545,  157.0,  21,  Nuc1707830,  3546,  0, 0, 0, , 0, 0, 0, 0, 0,
262,  1,  264,  261,  -1,  660, 559,  144.0,  23,  Nuc1707964,  6240,  0, 0, 0, , 0, 0, 0, 0, 0,
263,  1,  265,  262,  -1,  695, 541,  137.0,  23,  Nuc1738827,  5435,  0, 0, 0, , 0, 0, 0, 0, 0,
264,  1,  266,  263,  -1,  510, 495,  154.0,  23,  Nuc1740628,  4798,  0, 0, 0, , 0, 0, 0, 0, 0,
265,  1,  267,  264,  -1,  526, 536,  157.0,  23,  Nuc1750716,  6258,  0, 0, 0, , 0, 0, 0, 0, 0,
266,  1,  268,  265,  -1,  576, 531,  146.0,  23,  Nuc1754966,  5681,  0, 0, 0, , 0, 0, 0, 0, 0,
267,  1,  269,  266,  -1,  552, 580,  153.0,  23,  Nuc1755556,  5824,  0, 0, 0, , 0, 0, 0, 0, 0,
268,  1,  270,  267,  -1,  524, 522,  172.0,  23,  Nuc1759773,  4840,  0, 0, 0, , 0, 0, 0, 0, 0,
269,  1,  271,  268,  -1,  532, 474,  173.0,  23,  Nuc1762243,  6637,  0, 0, 0, , 0, 0, 0, 0, 0,
270,  1,  272,  269,  -1,  486, 506,  178.0,  21,  Nuc1763424,  6570,  0, 0, 0, , 0, 0, 0, 0, 0,
271,  1,  273,  270,  -1,  442, 483,  174.0,  21,  Nuc1763569,  2100,  0, 0, 0, , 0, 0, 0, 0, 0,
272,  1,  274,  271,  -1,  486, 448,  169.0,  23,  Nuc1763589,  3737,  0, 0, 0, , 0, 0, 0, 0, 0,
273,  1,  275,  272,  -1,  441, 424,  167.0,  23,  Nuc1765092,  3274,  0, 0, 0, , 0, 0, 0, 0, 0,
274,  1,  276,  273,  -1,  503, 492,  167.0,  21,  Nuc1772026,  4400,  0, 0, 0, , 0, 0, 0, 0, 0,
275,  1,  277,  274,  -1,  482, 572,  158.0,  23,  Nuc1773081,  4445,  0, 0, 0, , 0, 0, 0, 0, 0,
276,  1,  278,  275,  -1,  427, 727,  166.0,  23,  Nuc1773187,  5026,  0, 0, 0, , 0, 0, 0, 0, 0,
277,  1,  279,  276,  -1,  404, 670,  160.0,  23,  Nuc1783544,  5372,  0, 0, 0, , 0, 0, 0, 0, 0,
278,  1,  280,  277,  -1,  338, 585,  162.0,  21,  Nuc1784089,  2446,  0, 0, 0, , 0, 0, 0, 0, 0,
279,  1,  281,  278,  -1,  359, 700,  168.0,  23,  Nuc1784122,  3175,  0, 0, 0, , 0, 0, 0, 0, 0,
280,  1,  283,  279,  -1,  310, 701,  159.0,  23,  Nuc1784503,  1950,  0, 0, 0, , 0, 0, 0, 0, 0,
281,  1,  284,  280,  -1,  274, 599,  164.0,  21,  Nuc1785275,  698,  0, 0, 0, , 0, 0, 0, 0, 0,
282,  1,  285,  281,  -1,  307, 619,  157.0,  21,  Nuc1785353,  1989,  0, 0, 0, , 0, 0, 0, 0, 0,
283,  1,  287,  282,  -1,  428, 609,  167.0,  21,  Nuc1787985,  2464,  0, 0, 0, , 0, 0, 0, 0, 0,
284,  1,  288,  283,  -1,  352, 605,  174.0,  23,  Nuc1793849,  3664,  0, 0, 0, , 0, 0, 0, 0, 0,
285,  1,  289,  284,  285,  376, 651,  173.0,  23,  Nuc1793864,  4118,  0, 0, 0, , 0, 0, 0, 0, 0,
286,  1,  290,  286,  -1,  469, 422,  181.0,  23,  Nuc1794130,  4188,  0, 0, 0, , 0, 0, 0, 0, 0,
287,  1,  291,  287,  -1,  546, 421,  177.0,  25,  Nuc1794473,  6007,  0, 0, 0, , 0, 0, 0, 0, 0,
288,  1,  292,  288,  -1,  526, 366,  174.0,  25,  Nuc1795186,  4925,  0, 0, 0, , 0, 0, 0, 0, 0,
289,  1,  293,  289,  -1,  625, 463,  170.0,  21,  Nuc1800338,  5067,  0, 0, 0, , 0, 0, 0, 0, 0,
290,  1,  294,  290,  -1,  617, 409,  173.0,  25,  Nuc1842029,  6303,  0, 0, 0, , 0, 0, 0, 0, 0,
291,  1,  295,  291,  -1,  698, 371,  161.0,  25,  Nuc1848882,  6284,  0, 0, 0, , 0, 0, 0, 0, 0,
292,  1,  296,  292,  -1,  682, 417,  168.0,  23,  Nuc1849848,  6923,  0, 0, 0, , 0, 0, 0, 0, 0,
293,  1,  297,  293,  -1,  654, 505,  177.0,  23,  Nuc1850312,  7713,  0, 0, 0, , 0, 0, 0, 0, 0,
294,  1,  298,  294,  -1,  679, 463,  174.0,  23,  Nuc1850858,  5860,  0, 0, 0, , 0, 0, 0, 0, 0,
295,  1,  299,  295,  -1,  746, 467,  167.0,  23,  Nuc1851816,  5990,  0, 0, 0, , 0, 0, 0, 0, 0,
296,  1,  300,  296,  -1,  694, 509,  167.0,  23,  Nuc1854175,  7411,  0, 0, 0, , 0, 0, 0, 0, 0,
297,  1,  301,  297,  -1,  741, 517,  169.0,  21,  Nuc1858794,  5946,  0, 0, 0, , 0, 0, 0, 0, 0,
298,  1,  302,  298,  -1,  634, 585,  169.0,  21,  Nuc1862226,  4886,  0, 0, 0, , 0, 0, 0, 0, 0,
299,  1,  303,  299,  -1,  683, 572,  172.0,  21,  Nuc1863112,  3751,  0, 0, 0, , 0, 0, 0, 0, 0,
300,  1,  304,  300,  -1,  750, 545,  158.0,  23,  Nuc1867438,  4727,  0, 0, 0, , 0, 0, 0, 0, 0,
301,  1,  305,  301,  -1,  712, 538,  162.0,  21,  Nuc1867569,  5633,  0, 0, 0, , 0, 0, 0, 0, 0,
302,  1,  306,  302,  -1,  730, 555,  171.0,  21,  Nuc1868204,  4570,  0, 0, 0, , 0, 0, 0, 0, 0,
303,  1,  307,  303,  -1,  474, 684,  177.0,  23,  Nuc1869400,  3596,  0, 0, 0, , 0, 0, 0, 0, 0,
304,  1,  308,  304,  -1,  422, 673,  175.0,  23,  Nuc1869777,  4981,  0, 0, 0, , 0, 0, 0, 0, 0,
305,  1,  309,  305,  -1,  629, 709,  168.0,  25,  Nuc1870007,  6647,  0, 0, 0, , 0, 0, 0, 0, 0,
306,  1,  310,  306,  -1,  594, 687,  158.0,  25,  Nuc1871462,  5834,  0, 0, 0, , 0, 0, 0, 0, 0,
307,  1,  311,  307,  -1,  619, 780,  154.0,  25,  Nuc1876967,  6348,  0, 0, 0, , 0, 0, 0, 0, 0,
308,  1,  312,  308,  -1,  570, 754,  162.0,  23,  Nuc1880453,  6393,  0, 0, 0, , 0, 0, 0, 0, 0,
309,  1,  313,  309,  -1,  518, 650,  178.0,  23,  Nuc1883051,  5566,  0, 0, 0, , 0, 0, 0, 0, 0,
310,  1,  314,  310,  -1,  561, 662,  172.0,  25,  Nuc1886236,  4796,  0, 0, 0, , 0, 0, 0, 0, 0,
311,  1,  315,  311,  -1,  490, 719,  171.0,  23,  Nuc1889466,  6575,  0, 0, 0, , 0, 0, 0, 0, 0,
312,  1,  316,  312,  -1,  551, 721,  169.0,  23,  Nuc1890973,  6714,  0, 0, 0, , 0, 0, 0, 0, 0,
313,  1,  317,  313,  -1,  624, 647,  171.0,  23,  Nuc1892163,  5191,  0, 0, 0, , 0, 0, 0, 0, 0,
314,  1,  318,  314,  -1,  692, 641,  166.0,  23,  Nuc1918901,  5536,  0, 0, 0, , 0, 0, 0, 0, 0,
315,  1,  319,  315,  -1,  575, 618,  179.0,  25,  Nuc1921292,  7181,  0, 0, 0, , 0, 0, 0, 0, 0,
316,  1,  320,  316,  -1,  574, 564,  179.0,  23,  Nuc1921415,  7140,  0, 0, 0, , 0, 0, 0, 0, 0,
317,  1,  321,  317,  -1,  576, 461,  180.0,  25,  Nuc1922090,  6893,  0, 0, 0, , 0, 0, 0, 0, 0,
318,  1,  322,  318,  -1,  626, 548,  178.0,  23,  Nuc1922190,  7477,  0, 0, 0, , 0, 0, 0, 0, 0,
319,  1,  323,  319,  -1,  506, 602,  183.0,  23,  Nuc1923306,  6065,  0, 0, 0, , 0, 0, 0, 0, 0,
320,  1,  324,  320,  -1,  453, 631,  181.0,  23,  Nuc1924245,  4155,  0, 0, 0, , 0, 0, 0, 0, 0,
321,  1,  325,  321,  -1,  441, 582,  181.0,  23,  Nuc1934139,  3006,  0, 0, 0, , 0, 0, 0, 0, 0,
322,  1,  326,  322,  -1,  467, 663,  165.0,  21,  Nuc1934280,  3270,  0, 0, 0, , 0, 0, 0, 0, 0,
323,  1,  327,  323,  -1,  520, 629,  157.0,  23,  Nuc1942135,  2478,  0, 0, 0, , 0, 0, 0, 0, 0,
324,  1,  328,  324,  -1,  458, 637,  155.0,  21,  Nuc1943199,  3735,  0, 0, 0, , 0, 0, 0, 0, 0,
325,  1,  329,  325,  -1,  523, 681,  158.0,  23,  Nuc1943233,  2674,  0, 0, 0, , 0, 0, 0, 0, 0,
326,  1,  330,  326,  -1,  532, 582,  168.0,  21,  Nuc1950066,  1148,  0, 0, 0, , 0, 0, 0, 0, 0,
327,  1,  331,  327,  -1,  486, 537,  168.0,  21,  Nuc1950332,  4577,  0, 0, 0, , 0, 0, 0, 0, 0,
328,  1,  332,  328,  -1,  488, 597,  172.0,  23,  Nuc1953394,  5564,  0, 0, 0, , 0, 0, 0, 0, 0,
329,  1,  333,  329,  -1,  404, 536,  186.0,  23,  Nuc1953744,  2149,  0, 0, 0, , 0, 0, 0, 0, 0,
330,  1,  334,  330,  -1,  398, 453,  184.0,  23,  Nuc1954715,  3635,  0, 0, 0, , 0, 0, 0, 0, 0,
331,  1,  335,  331,  -1,  495, 533,  185.0,  23,  Nuc1954949,  5724,  0, 0, 0, , 0, 0, 0, 0, 0,
332,  1,  336,  332,  -1,  570, 514,  182.0,  23,  Nuc1955386,  7282,  0, 0, 0, , 0, 0, 0, 0, 0,
333,  1,  337,  333,  -1,  534, 552,  181.0,  23,  Nuc1967356,  7086,  0, 0, 0, , 0, 0, 0, 0, 0,
334,  1,  338,  334,  -1,  511, 469,  184.0,  23,  Nuc1968448,  4999,  0, 0, 0, , 0, 0, 0, 0, 0,
335,  1,  339,  335,  -1,  446, 498,  186.0,  23,  Nuc1968610,  5294,  0, 0, 0, , 0, 0, 0, 0, 0,
336,  1,  340,  336,  -1,  589, 616,  159.0,  23,  Nuc1968847,  3533,  0, 0, 0, , 0, 0, 0, 0, 0,
337,  1,  341,  337,  -1,  592, 518,  171.0,  23,  Nuc2004971,  9384,  0, 0, 0, , 0, 0, 0, 0, 0,
338,  1,  342,  338,  -1,  593, 561,  158.0,  21,  Nuc2006243,  4753,  0, 0, 0, , 0, 0, 0, 0, 0,
339,  1,  343,  339,  -1,  401, 763,  160.0,  25,  Nuc2009255,  4138,  0, 0, 0, , 0, 0, 0, 0, 0,
340,  1,  344,  340,  -1,  555, 503,  162.0,  23,  Nuc2012795,  5731,  0, 0, 0, , 0, 0, 0, 0, 0,
341,  1,  345,  341,  -1,  524, 365,  157.0,  21,  Nuc2021754,  4303,  0, 0, 0, , 0, 0, 0, 0, 0,
342,  1,  346,  342,  -1,  572, 407,  164.0,  23,  Nuc2024307,  5988,  0, 0, 0, , 0, 0, 0, 0, 0,
343,  1,  347,  343,  -1,  534, 439,  156.0,  23,  Nuc2034652,  4809,  0, 0, 0, , 0, 0, 0, 0, 0,
344,  1,  348,  344,  -1,  579, 459,  164.0,  23,  Nuc2034695,  6492,  0, 0, 0, , 0, 0, 0, 0, 0,
345,  1,  349,  345,  -1,  673, 505,  157.0,  23,  Nuc2034842,  7454,  0, 0, 0, , 0, 0, 0, 0, 0,
346,  1,  350,  346,  -1,  611, 500,  155.0,  23,  Nuc2054046,  6358,  0, 0, 0, , 0, 0, 0, 0, 0,
347,  1,  351,  347,  -1,  255, 416,  156.0,  23,  Nuc2064308,  1987,  0, 0, 0, , 0, 0, 0, 0, 0,
348,  1,  352,  348,  -1,  288, 459,  152.0,  23,  Nuc2064312,  2756,  0, 0, 0, , 0, 0, 0, 0, 0,
349,  1,  353,  349,  -1,  345, 473,  149.0,  23,  Nuc2064470,  2711,  0, 0, 0, , 0, 0, 0, 0, 0,
350,  1,  354,  350,  -1,  249, 624,  155.0,  21,  Nuc2064586,  1757,  0, 0, 0, , 0, 0, 0, 0, 0,
351,  1,  355,  351,  -1,  306, 654,  148.0,  23,  Nuc2064667,  2208,  0, 0, 0, , 0, 0, 0, 0, 0,
352,  1,  356,  352,  -1,  320, 708,  143.0,  23,  Nuc2064678,  1149,  0, 0, 0, , 0, 0, 0, 0, 0,
353,  1,  357,  353,  -1,  446, 359,  139.0,  23,  Nuc2064826,  2894,  0, 0, 0, , 0, 0, 0, 0, 0,
354,  1,  358,  -1,  -1,  433, 321,  120.0,  27,  Nuc2064901,  362,  0, 0, 0, , 0, 0, 0, 0, 0,
355,  1,  358,  354,  -1,  488, 337,  120.0,  27,  Nuc2064902,  1459,  0, 0, 0, , 0, 0, 0, 0, 0,
356,  1,  359,  355,  -1,  488, 338,  128.0,  25,  Nuc2064907,  2968,  0, 0, 0, , 0, 0, 0, 0, 0,
357,  1,  360,  356,  -1,  380, 384,  142.0,  23,  Nuc2070293,  2080,  0, 0, 0, , 0, 0, 0, 0, 0,
358,  1,  361,  357,  -1,  358, 337,  124.0,  23,  Nuc2070321,  1269,  0, 0, 0, , 0, 0, 0, 0, 0,
359,  1,  362,  -1,  -1,  352, 404,  127.0,  23,  Nuc2070331,  1082,  0, 0, 0, , 0, 0, 0, 0, 0,
360,  1,  362,  358,  -1,  404, 380,  126.0,  25,  Nuc2070332,  2508,  0, 0, 0, , 0, 0, 0, 0, 0,
361,  1,  363,  359,  -1,  349, 551,  180.0,  21,  Nuc2070377,  3039,  0, 0, 0, , 0, 0, 0, 0, 0,
362,  1,  365,  360,  -1,  298, 562,  168.0,  21,  Nuc2070519,  2541,  0, 0, 0, , 0, 0, 0, 0, 0,
363,  1,  366,  361,  362,  386, 834,  109.0,  23,  Nuc2070793,  1178,  0, 0, 0, , 0, 0, 0, 0, 0,
364,  1,  367,  363,  -1,  373, 888,  108.0,  23,  Nuc2071271,  2003,  0, 0, 0, , 0, 0, 0, 0, 0,
365,  1,  368,  364,  -1,  378, 906,  98.0,  23,  Nuc2080675,  2283,  0, 0, 0, , 0, 0, 0, 0, 0,
366,  1,  370,  365,  -1,  414, 627,  142.0,  23,  Nuc2080739,  2031,  0, 0, 0, , 0, 0, 0, 0, 0,
367,  1,  371,  366,  -1,  371, 676,  138.0,  21,  Nuc2080776,  2599,  0, 0, 0, , 0, 0, 0, 0, 0,
368,  1,  372,  367,  368,  247, 339,  148.0,  23,  Nuc2080847,  2395,  0, 0, 0, , 0, 0, 0, 0, 0,
369,  1,  373,  369,  -1,  301, 511,  171.0,  23,  Nuc2081073,  3337,  0, 0, 0, , 0, 0, 0, 0, 0,
370,  1,  374,  -1,  -1,  396, 486,  174.0,  21,  Nuc2081302,  779,  0, 0, 0, , 0, 0, 0, 0, 0,
371,  1,  375,  370,  -1,  370, 534,  168.0,  23,  Nuc2081305,  3189,  0, 0, 0, , 0, 0, 0, 0, 0,
372,  1,  376,  371,  -1,  396, 486,  168.0,  21,  Nuc2084627,  1099,  0, 0, 0, , 0, 0, 0, 0, 0,
373,  1,  376,  372,  -1,  362, 486,  162.0,  21,  Nuc2084629,  2199,  0, 0, 0, , 0, 0, 0, 0, 0,
374,  1,  377,  373,  -1,  416, 842,  122.0,  23,  Nuc2084910,  2733,  0, 0, 0, , 0, 0, 0, 0, 0,
375,  1,  378,  374,  -1,  374, 870,  118.0,  23,  Nuc2087967,  2397,  0, 0, 0, , 0, 0, 0, 0, 0,
376,  1,  379,  375,  -1,  344, 496,  178.0,  23,  Nuc2088521,  3346,  0, 0, 0, , 0, 0, 0, 0, 0,
377,  1,  380,  376,  -1,  351, 439,  176.0,  21,  Nuc2088541,  2146,  0, 0, 0, , 0, 0, 0, 0, 0,
378,  1,  381,  377,  -1,  427, 688,  126.0,  25,  Nuc2088795,  3308,  0, 0, 0, , 0, 0, 0, 0, 0,
379,  1,  382,  378,  -1,  528, 762,  134.0,  21,  Nuc2088814,  2141,  0, 0, 0, , 0, 0, 0, 0, 0,
380,  1,  383,  379,  380,  244, 590,  132.0,  23,  Nuc2132787,  801,  0, 0, 0, , 0, 0, 0, 0, 0,
381,  1,  384,  381,  -1,  209, 553,  138.0,  23,  Nuc2132796,  2625,  0, 0, 0, , 0, 0, 0, 0, 0,
382,  1,  385,  382,  -1,  268, 555,  141.0,  21,  Nuc2132804,  2111,  0, 0, 0, , 0, 0, 0, 0, 0,
383,  1,  386,  383,  -1,  371, 603,  145.0,  25,  Nuc2132820,  3683,  0, 0, 0, , 0, 0, 0, 0, 0,
384,  1,  387,  -1,  -1,  286, 600,  148.0,  21,  Nuc2132830,  1363,  0, 0, 0, , 0, 0, 0, 0, 0,
385,  1,  388,  384,  -1,  322, 572,  143.0,  21,  Nuc2132833,  1618,  0, 0, 0, , 0, 0, 0, 0, 0,
386,  1,  389,  385,  -1,  448, 489,  140.0,  23,  Nuc2132849,  1246,  0, 0, 0, , 0, 0, 0, 0, 0,
387,  1,  390,  386,  387,  363, 483,  131.0,  21,  Nuc2132856,  556,  0, 0, 0, , 0, 0, 0, 0, 0,
388,  1,  391,  388,  -1,  385, 499,  141.0,  23,  Nuc2132863,  2631,  0, 0, 0, , 0, 0, 0, 0, 0,
389,  1,  392,  389,  -1,  362, 547,  141.0,  23,  Nuc2132877,  3430,  0, 0, 0, , 0, 0, 0, 0, 0,
390,  1,  393,  390,  -1,  289, 563,  155.0,  21,  Nuc2132896,  2940,  0, 0, 0, , 0, 0, 0, 0, 0,
391,  1,  394,  391,  -1,  337, 524,  157.0,  23,  Nuc2134946,  3092,  0, 0, 0, , 0, 0, 0, 0, 0,
392,  1,  395,  392,  -1,  280, 512,  157.0,  23,  Nuc2134955,  3053,  0, 0, 0, , 0, 0, 0, 0, 0,
393,  1,  396,  393,  -1,  235, 483,  157.0,  23,  Nuc2134974,  2382,  0, 0, 0, , 0, 0, 0, 0, 0,
394,  1,  397,  394,  -1,  504, 656,  138.0,  21,  Nuc2134991,  619,  0, 0, 0, , 0, 0, 0, 0, 0,
395,  1,  398,  395,  -1,  470, 643,  128.0,  23,  Nuc2160200,  2255,  0, 0, 0, , 0, 0, 0, 0, 0,
396,  1,  399,  396,  -1,  382, 443,  144.0,  23,  Nuc2160220,  1435,  0, 0, 0, , 0, 0, 0, 0, 0,
397,  1,  400,  397,  398,  243, 451,  143.0,  21,  Nuc2160229,  772,  0, 0, 0, , 0, 0, 0, 0, 0,
398,  1,  401,  399,  -1,  270, 376,  143.0,  21,  Nuc2160245,  232,  0, 0, 0, , 0, 0, 0, 0, 0,
399,  1,  401,  400,  -1,  287, 421,  136.0,  23,  Nuc2160594,  1493,  0, 0, 0, , 0, 0, 0, 0, 0,
400,  1,  402,  401,  -1,  328, 411,  141.0,  23,  Nuc2160598,  1126,  0, 0, 0, , 0, 0, 0, 0, 0,
401,  1,  403,  402,  -1,  330, 340,  146.0,  23,  Nuc2160612,  2985,  0, 0, 0, , 0, 0, 0, 0, 0,
402,  1,  404,  403,  -1,  465, 404,  130.0,  23,  Nuc2161851,  3366,  0, 0, 0, , 0, 0, 0, 0, 0,
403,  1,  406,  404,  -1,  559, 492,  144.0,  23,  Nuc2161874,  2955,  0, 0, 0, , 0, 0, 0, 0, 0,
404,  1,  407,  405,  -1,  597, 455,  146.0,  23,  Nuc2161886,  2626,  0, 0, 0, , 0, 0, 0, 0, 0,
405,  1,  408,  406,  -1,  303, 177,  113.0,  23,  Nuc2161899,  532,  0, 0, 0, , 0, 0, 0, 0, 0,
406,  1,  409,  407,  -1,  348, 179,  113.0,  23,  Nuc2162686,  1067,  0, 0, 0, , 0, 0, 0, 0, 0,
407,  1,  410,  408,  -1,  300, 236,  134.0,  23,  Nuc2162700,  1831,  0, 0, 0, , 0, 0, 0, 0, 0,
408,  1,  411,  409,  -1,  332, 210,  127.0,  23,  Nuc2162712,  2672,  0, 0, 0, , 0, 0, 0, 0, 0,
409,  1,  412,  -1,  -1,  337, 523,  151.0,  21,  Nuc2162727,  2394,  0, 0, 0, , 0, 0, 0, 0, 0,
410,  1,  413,  410,  -1,  305, 526,  145.0,  21,  Nuc2162729,  1061,  0, 0, 0, , 0, 0, 0, 0, 0,
411,  1,  414,  411,  412,  279, 499,  141.0,  21,  Nuc2162740,  1702,  0, 0, 0, , 0, 0, 0, 0, 0,
412,  1,  415,  413,  -1,  314, 389,  127.0,  23,  Nuc2162917,  872,  0, 0, 0, , 0, 0, 0, 0, 0,
413,  1,  415,  414,  415,  271, 365,  125.0,  23,  Nuc2162919,  2012,  0, 0, 0, , 0, 0, 0, 0, 0,
414,  1,  416,  416,  417,  274, 306,  137.0,  23,  Nuc2163348,  3118,  0, 0, 0, , 0, 0, 0, 0, 0,
415,  1,  417,  418,  419,  243, 276,  132.0,  23,  Nuc2163358,  1985,  0, 0, 0, , 0, 0, 0, 0, 0,
416,  1,  418,  420,  -1,  309, 659,  128.0,  23,  Nuc2163373,  835,  0, 0, 0, , 0, 0, 0, 0, 0,
417,  1,  419,  421,  -1,  340, 704,  125.0,  23,  Nuc2163379,  1138,  0, 0, 0, , 0, 0, 0, 0, 0,
418,  1,  420,  422,  -1,  249, 589,  146.0,  21,  Nuc2163391,  946,  0, 0, 0, , 0, 0, 0, 0, 0,
419,  1,  421,  423,  -1,  245, 653,  142.0,  21,  Nuc2163398,  1090,  0, 0, 0, , 0, 0, 0, 0, 0,
420,  1,  422,  424,  -1,  211, 609,  141.0,  21,  Nuc2163406,  937,  0, 0, 0, , 0, 0, 0, 0, 0,
421,  1,  423,  425,  -1,  190, 434,  137.0,  23,  Nuc2163416,  771,  0, 0, 0, , 0, 0, 0, 0, 0,
422,  1,  423,  426,  -1,  215, 387,  143.0,  23,  Nuc2163418,  1638,  0, 0, 0, , 0, 0, 0, 0, 0,
