1,  1,  1,  1,  -1,  545, 964,  84.0,  23,  Nuc70,  2701,  0, 0, 0, , 0, 0, 0, 0, 0,
2,  1,  2,  2,  -1,  498, 921,  96.0,  23,  Nuc5286,  2878,  0, 0, 0, , 0, 0, 0, 0, 0,
3,  1,  3,  3,  -1,  445, 951,  84.0,  23,  Nuc7239,  2204,  0, 0, 0, , 0, 0, 0, 0, 0,
4,  1,  4,  4,  -1,  456, 803,  113.0,  23,  Nuc9528,  2108,  0, 0, 0, , 0, 0, 0, 0, 0,
5,  1,  5,  5,  -1,  431, 840,  109.0,  23,  Nuc24133,  2853,  0, 0, 0, , 0, 0, 0, 0, 0,
6,  1,  6,  6,  -1,  430, 897,  100.0,  25,  Nuc24153,  1074,  0, 0, 0, , 0, 0, 0, 0, 0,
7,  1,  7,  7,  -1,  476, 866,  105.0,  23,  Nuc24159,  2286,  0, 0, 0, , 0, 0, 0, 0, 0,
8,  1,  8,  8,  -1,  424, 907,  109.0,  23,  Nuc26090,  3734,  0, 0, 0, , 0, 0, 0, 0, 0,
9,  1,  9,  9,  -1,  479, 923,  107.0,  21,  Nuc28683,  3258,  0, 0, 0, , 0, 0, 0, 0, 0,
10,  1,  10,  10,  -1,  775, 887,  93.0,  23,  Nuc29677,  3941,  0, 0, 0, , 0, 0, 0, 0, 0,
11,  1,  11,  11,  -1,  720, 899,  101.0,  23,  Nuc34363,  3440,  0, 0, 0, , 0, 0, 0, 0, 0,
12,  1,  12,  12,  -1,  673, 895,  112.0,  23,  Nuc37588,  3977,  0, 0, 0, , 0, 0, 0, 0, 0,
13,  1,  13,  13,  -1,  658, 844,  112.0,  23,  Nuc40151,  3566,  0, 0, 0, , 0, 0, 0, 0, 0,
14,  1,  14,  14,  -1,  627, 901,  104.0,  25,  Nuc47892,  3737,  0, 0, 0, , 0, 0, 0, 0, 0,
15,  1,  15,  15,  -1,  588, 933,  99.0,  23,  Nuc49710,  3190,  0, 0, 0, , 0, 0, 0, 0, 0,
16,  1,  16,  16,  -1,  702, 925,  87.0,  23,  Nuc51563,  2810,  0, 0, 0, , 0, 0, 0, 0, 0,
17,  1,  17,  17,  -1,  630, 954,  83.0,  23,  Nuc61182,  2737,  0, 0, 0, , 0, 0, 0, 0, 0,
18,  1,  18,  18,  -1,  612, 829,  125.0,  23,  Nuc63989,  3153,  0, 0, 0, , 0, 0, 0, 0, 0,
19,  1,  19,  19,  -1,  623, 863,  132.0,  23,  Nuc64009,  3493,  0, 0, 0, , 0, 0, 0, 0, 0,
20,  1,  20,  20,  -1,  552, 808,  131.0,  21,  Nuc65781,  2466,  0, 0, 0, , 0, 0, 0, 0, 0,
21,  1,  21,  21,  -1,  526, 915,  105.0,  23,  Nuc69350,  4408,  0, 0, 0, , 0, 0, 0, 0, 0,
22,  1,  22,  22,  -1,  537, 869,  105.0,  23,  Nuc70676,  5011,  0, 0, 0, , 0, 0, 0, 0, 0,
23,  1,  23,  23,  -1,  573, 816,  115.0,  23,  Nuc73733,  2106,  0, 0, 0, , 0, 0, 0, 0, 0,
24,  1,  24,  24,  -1,  570, 868,  116.0,  23,  Nuc76202,  3843,  0, 0, 0, , 0, 0, 0, 0, 0,
25,  1,  25,  25,  -1,  595, 911,  115.0,  23,  Nuc88086,  3798,  0, 0, 0, , 0, 0, 0, 0, 0,
26,  1,  26,  26,  -1,  505, 776,  116.0,  23,  Nuc90601,  3711,  0, 0, 0, , 0, 0, 0, 0, 0,
27,  1,  27,  27,  -1,  402, 767,  135.0,  21,  Nuc102448,  2461,  0, 0, 0, , 0, 0, 0, 0, 0,
28,  1,  29,  28,  -1,  486, 817,  127.0,  21,  Nuc102466,  2977,  0, 0, 0, , 0, 0, 0, 0, 0,
29,  1,  30,  29,  -1,  504, 854,  118.0,  23,  Nuc144323,  3770,  0, 0, 0, , 0, 0, 0, 0, 0,
30,  1,  31,  30,  -1,  535, 898,  122.0,  23,  Nuc146056,  3802,  0, 0, 0, , 0, 0, 0, 0, 0,
31,  1,  32,  31,  -1,  453, 890,  119.0,  23,  Nuc146856,  4774,  0, 0, 0, , 0, 0, 0, 0, 0,
32,  1,  33,  32,  -1,  479, 871,  132.0,  23,  Nuc148367,  5000,  0, 0, 0, , 0, 0, 0, 0, 0,
33,  1,  34,  33,  -1,  362, 265,  155.0,  23,  Nuc152827,  2133,  0, 0, 0, , 0, 0, 0, 0, 0,
34,  1,  35,  34,  -1,  304, 283,  148.0,  23,  Nuc152833,  2965,  0, 0, 0, , 0, 0, 0, 0, 0,
35,  1,  36,  35,  -1,  662, 779,  125.0,  23,  Nuc152916,  3275,  0, 0, 0, , 0, 0, 0, 0, 0,
36,  1,  37,  36,  -1,  701, 734,  128.0,  23,  Nuc170126,  3733,  0, 0, 0, , 0, 0, 0, 0, 0,
37,  1,  38,  37,  -1,  686, 858,  122.0,  21,  Nuc173389,  4366,  0, 0, 0, , 0, 0, 0, 0, 0,
38,  1,  39,  38,  -1,  720, 815,  129.0,  23,  Nuc182363,  3949,  0, 0, 0, , 0, 0, 0, 0, 0,
39,  1,  40,  39,  -1,  711, 766,  145.0,  23,  Nuc190571,  3694,  0, 0, 0, , 0, 0, 0, 0, 0,
40,  1,  41,  40,  -1,  658, 745,  149.0,  23,  Nuc200250,  4065,  0, 0, 0, , 0, 0, 0, 0, 0,
41,  1,  42,  41,  -1,  670, 825,  140.0,  25,  Nuc205704,  5282,  0, 0, 0, , 0, 0, 0, 0, 0,
42,  1,  43,  42,  -1,  613, 799,  142.0,  23,  Nuc208537,  4527,  0, 0, 0, , 0, 0, 0, 0, 0,
43,  1,  44,  43,  -1,  824, 748,  116.0,  23,  Nuc209769,  4612,  0, 0, 0, , 0, 0, 0, 0, 0,
44,  1,  45,  44,  -1,  860, 773,  112.0,  25,  Nuc214936,  4142,  0, 0, 0, , 0, 0, 0, 0, 0,
45,  1,  46,  45,  -1,  876, 786,  94.0,  25,  Nuc215665,  3975,  0, 0, 0, , 0, 0, 0, 0, 0,
46,  1,  47,  46,  -1,  830, 836,  97.0,  25,  Nuc220668,  3961,  0, 0, 0, , 0, 0, 0, 0, 0,
47,  1,  48,  47,  -1,  786, 803,  124.0,  23,  Nuc230384,  5750,  0, 0, 0, , 0, 0, 0, 0, 0,
48,  1,  49,  48,  -1,  749, 773,  119.0,  23,  Nuc230681,  4310,  0, 0, 0, , 0, 0, 0, 0, 0,
49,  1,  50,  49,  -1,  734, 852,  114.0,  23,  Nuc248279,  5188,  0, 0, 0, , 0, 0, 0, 0, 0,
50,  1,  51,  50,  -1,  789, 827,  111.0,  23,  Nuc249180,  5113,  0, 0, 0, , 0, 0, 0, 0, 0,
51,  1,  52,  51,  -1,  771, 190,  107.0,  23,  Nuc251890,  3711,  0, 0, 0, , 0, 0, 0, 0, 0,
52,  1,  53,  52,  -1,  829, 225,  98.0,  23,  Nuc255965,  3429,  0, 0, 0, , 0, 0, 0, 0, 0,
53,  1,  54,  53,  -1,  631, 222,  112.0,  25,  Nuc260719,  2300,  0, 0, 0, , 0, 0, 0, 0, 0,
54,  1,  55,  54,  -1,  706, 164,  105.0,  23,  Nuc261262,  3286,  0, 0, 0, , 0, 0, 0, 0, 0,
55,  1,  56,  55,  -1,  681, 213,  135.0,  25,  Nuc264763,  4428,  0, 0, 0, , 0, 0, 0, 0, 0,
56,  1,  57,  56,  -1,  630, 237,  128.0,  23,  Nuc268203,  3488,  0, 0, 0, , 0, 0, 0, 0, 0,
57,  1,  58,  57,  -1,  625, 177,  124.0,  25,  Nuc271244,  4495,  0, 0, 0, , 0, 0, 0, 0, 0,
58,  1,  59,  58,  -1,  709, 194,  123.0,  23,  Nuc272787,  3867,  0, 0, 0, , 0, 0, 0, 0, 0,
59,  1,  60,  59,  -1,  581, 293,  131.0,  23,  Nuc274991,  2207,  0, 0, 0, , 0, 0, 0, 0, 0,
60,  1,  61,  60,  -1,  546, 254,  137.0,  23,  Nuc280426,  3415,  0, 0, 0, , 0, 0, 0, 0, 0,
61,  1,  62,  61,  -1,  596, 199,  140.0,  23,  Nuc283137,  3473,  0, 0, 0, , 0, 0, 0, 0, 0,
62,  1,  63,  62,  -1,  612, 253,  145.0,  23,  Nuc285945,  2905,  0, 0, 0, , 0, 0, 0, 0, 0,
63,  1,  64,  63,  -1,  547, 222,  116.0,  27,  Nuc293763,  3064,  0, 0, 0, , 0, 0, 0, 0, 0,
64,  1,  65,  64,  -1,  548, 178,  129.0,  27,  Nuc293849,  3124,  0, 0, 0, , 0, 0, 0, 0, 0,
65,  1,  66,  65,  -1,  616, 137,  110.0,  25,  Nuc306839,  2659,  0, 0, 0, , 0, 0, 0, 0, 0,
66,  1,  67,  66,  -1,  580, 125,  108.0,  23,  Nuc310957,  3647,  0, 0, 0, , 0, 0, 0, 0, 0,
67,  1,  68,  67,  -1,  851, 292,  113.0,  25,  Nuc314329,  3657,  0, 0, 0, , 0, 0, 0, 0, 0,
68,  1,  69,  68,  -1,  901, 310,  101.0,  23,  Nuc317268,  3363,  0, 0, 0, , 0, 0, 0, 0, 0,
69,  1,  70,  69,  -1,  940, 445,  102.0,  25,  Nuc326415,  4041,  0, 0, 0, , 0, 0, 0, 0, 0,
70,  1,  71,  70,  -1,  934, 381,  109.0,  23,  Nuc330213,  4036,  0, 0, 0, , 0, 0, 0, 0, 0,
71,  1,  72,  71,  -1,  807, 265,  117.0,  25,  Nuc343681,  3837,  0, 0, 0, , 0, 0, 0, 0, 0,
72,  1,  73,  72,  -1,  776, 311,  128.0,  23,  Nuc348460,  3311,  0, 0, 0, , 0, 0, 0, 0, 0,
73,  1,  74,  73,  -1,  858, 336,  127.0,  23,  Nuc359692,  4239,  0, 0, 0, , 0, 0, 0, 0, 0,
74,  1,  75,  74,  -1,  814, 358,  121.0,  25,  Nuc361730,  4805,  0, 0, 0, , 0, 0, 0, 0, 0,
75,  1,  76,  75,  -1,  800, 366,  142.0,  23,  Nuc370613,  3885,  0, 0, 0, , 0, 0, 0, 0, 0,
76,  1,  77,  76,  -1,  750, 328,  150.0,  23,  Nuc382951,  4491,  0, 0, 0, , 0, 0, 0, 0, 0,
77,  1,  78,  77,  -1,  730, 364,  141.0,  21,  Nuc386091,  4057,  0, 0, 0, , 0, 0, 0, 0, 0,
78,  1,  79,  78,  -1,  731, 350,  127.0,  23,  Nuc391879,  3356,  0, 0, 0, , 0, 0, 0, 0, 0,
79,  1,  80,  79,  -1,  682, 281,  137.0,  21,  Nuc406980,  3346,  0, 0, 0, , 0, 0, 0, 0, 0,
80,  1,  81,  80,  -1,  700, 264,  124.0,  21,  Nuc424207,  3272,  0, 0, 0, , 0, 0, 0, 0, 0,
81,  1,  82,  81,  -1,  754, 272,  137.0,  21,  Nuc441250,  4075,  0, 0, 0, , 0, 0, 0, 0, 0,
82,  1,  83,  82,  -1,  762, 238,  121.0,  23,  Nuc442517,  3373,  0, 0, 0, , 0, 0, 0, 0, 0,
83,  1,  84,  83,  -1,  401, 135,  111.0,  23,  Nuc445521,  2357,  0, 0, 0, , 0, 0, 0, 0, 0,
84,  1,  85,  84,  -1,  446, 232,  119.0,  23,  Nuc450562,  1695,  0, 0, 0, , 0, 0, 0, 0, 0,
85,  1,  86,  85,  -1,  391, 217,  124.0,  23,  Nuc450571,  2810,  0, 0, 0, , 0, 0, 0, 0, 0,
86,  1,  87,  86,  -1,  412, 165,  125.0,  23,  Nuc450582,  3996,  0, 0, 0, , 0, 0, 0, 0, 0,
87,  1,  88,  87,  -1,  367, 213,  137.0,  23,  Nuc451864,  2992,  0, 0, 0, , 0, 0, 0, 0, 0,
88,  1,  89,  88,  -1,  432, 321,  128.0,  21,  Nuc452174,  2437,  0, 0, 0, , 0, 0, 0, 0, 0,
89,  1,  90,  89,  -1,  300, 324,  125.0,  23,  Nuc452188,  1893,  0, 0, 0, , 0, 0, 0, 0, 0,
90,  1,  92,  90,  -1,  337, 276,  124.0,  23,  Nuc452195,  1858,  0, 0, 0, , 0, 0, 0, 0, 0,
91,  1,  93,  91,  -1,  404, 285,  122.0,  23,  Nuc452210,  2755,  0, 0, 0, , 0, 0, 0, 0, 0,
92,  1,  95,  92,  -1,  416, 261,  138.0,  21,  Nuc452227,  2633,  0, 0, 0, , 0, 0, 0, 0, 0,
93,  1,  96,  93,  -1,  463, 125,  109.0,  23,  Nuc454684,  3799,  0, 0, 0, , 0, 0, 0, 0, 0,
94,  1,  97,  94,  -1,  517, 129,  112.0,  23,  Nuc454945,  3715,  0, 0, 0, , 0, 0, 0, 0, 0,
95,  1,  98,  95,  -1,  480, 164,  125.0,  23,  Nuc457660,  4320,  0, 0, 0, , 0, 0, 0, 0, 0,
96,  1,  99,  96,  -1,  478, 275,  141.0,  21,  Nuc460160,  2386,  0, 0, 0, , 0, 0, 0, 0, 0,
97,  1,  100,  97,  -1,  453, 224,  129.0,  23,  Nuc462234,  2635,  0, 0, 0, , 0, 0, 0, 0, 0,
98,  1,  101,  98,  -1,  493, 269,  128.0,  23,  Nuc462354,  2510,  0, 0, 0, , 0, 0, 0, 0, 0,
99,  1,  102,  99,  -1,  458, 185,  136.0,  23,  Nuc462390,  3714,  0, 0, 0, , 0, 0, 0, 0, 0,
100,  1,  103,  100,  -1,  511, 190,  139.0,  23,  Nuc465731,  3481,  0, 0, 0, , 0, 0, 0, 0, 0,
101,  1,  104,  101,  -1,  909, 631,  127.0,  25,  Nuc466302,  5492,  0, 0, 0, , 0, 0, 0, 0, 0,
102,  1,  105,  102,  -1,  883, 632,  118.0,  25,  Nuc466611,  5370,  0, 0, 0, , 0, 0, 0, 0, 0,
103,  1,  106,  103,  -1,  943, 670,  103.0,  23,  Nuc478795,  4225,  0, 0, 0, , 0, 0, 0, 0, 0,
104,  1,  107,  104,  -1,  963, 611,  107.0,  23,  Nuc487388,  4248,  0, 0, 0, , 0, 0, 0, 0, 0,
105,  1,  108,  105,  -1,  856, 710,  129.0,  23,  Nuc497668,  4604,  0, 0, 0, , 0, 0, 0, 0, 0,
106,  1,  109,  106,  -1,  821, 677,  124.0,  23,  Nuc500827,  4287,  0, 0, 0, , 0, 0, 0, 0, 0,
107,  1,  110,  107,  -1,  893, 700,  115.0,  25,  Nuc541247,  4378,  0, 0, 0, , 0, 0, 0, 0, 0,
108,  1,  111,  108,  -1,  919, 737,  102.0,  23,  Nuc543597,  4075,  0, 0, 0, , 0, 0, 0, 0, 0,
109,  1,  112,  109,  -1,  815, 683,  142.0,  23,  Nuc546728,  4668,  0, 0, 0, , 0, 0, 0, 0, 0,
110,  1,  113,  110,  -1,  779, 760,  133.0,  23,  Nuc574126,  4846,  0, 0, 0, , 0, 0, 0, 0, 0,
111,  1,  114,  111,  -1,  757, 694,  128.0,  21,  Nuc578603,  4579,  0, 0, 0, , 0, 0, 0, 0, 0,
112,  1,  115,  112,  -1,  769, 639,  130.0,  23,  Nuc590742,  4856,  0, 0, 0, , 0, 0, 0, 0, 0,
113,  1,  116,  113,  -1,  703, 675,  143.0,  23,  Nuc606142,  4542,  0, 0, 0, , 0, 0, 0, 0, 0,
114,  1,  117,  114,  -1,  667, 675,  156.0,  21,  Nuc634000,  5407,  0, 0, 0, , 0, 0, 0, 0, 0,
115,  1,  118,  115,  -1,  767, 725,  147.0,  23,  Nuc668721,  5080,  0, 0, 0, , 0, 0, 0, 0, 0,
116,  1,  119,  116,  -1,  718, 714,  158.0,  23,  Nuc673190,  4514,  0, 0, 0, , 0, 0, 0, 0, 0,
117,  1,  121,  117,  118,  386, 723,  151.0,  21,  Nuc682074,  2466,  0, 0, 0, , 0, 0, 0, 0, 0,
118,  1,  122,  119,  -1,  418, 780,  148.0,  23,  Nuc685639,  2188,  0, 0, 0, , 0, 0, 0, 0, 0,
119,  1,  123,  120,  -1,  380, 820,  142.0,  23,  Nuc685663,  3223,  0, 0, 0, , 0, 0, 0, 0, 0,
120,  1,  124,  121,  -1,  430, 821,  137.0,  23,  Nuc686923,  2758,  0, 0, 0, , 0, 0, 0, 0, 0,
121,  1,  125,  122,  -1,  422, 862,  134.0,  23,  Nuc694116,  3980,  0, 0, 0, , 0, 0, 0, 0, 0,
122,  1,  126,  -1,  -1,  370, 775,  125.0,  23,  Nuc694434,  585,  0, 0, 0, , 0, 0, 0, 0, 0,
123,  1,  127,  123,  -1,  334, 797,  128.0,  21,  Nuc694443,  2952,  0, 0, 0, , 0, 0, 0, 0, 0,
124,  1,  128,  124,  -1,  344, 834,  125.0,  23,  Nuc695091,  3171,  0, 0, 0, , 0, 0, 0, 0, 0,
125,  1,  129,  125,  -1,  893, 386,  120.0,  23,  Nuc701816,  4133,  0, 0, 0, , 0, 0, 0, 0, 0,
126,  1,  130,  126,  -1,  906, 436,  123.0,  23,  Nuc726382,  3975,  0, 0, 0, , 0, 0, 0, 0, 0,
127,  1,  131,  127,  -1,  905, 493,  122.0,  21,  Nuc727170,  4229,  0, 0, 0, , 0, 0, 0, 0, 0,
128,  1,  132,  128,  -1,  951, 482,  120.0,  25,  Nuc733898,  5419,  0, 0, 0, , 0, 0, 0, 0, 0,
129,  1,  133,  129,  -1,  842, 415,  127.0,  23,  Nuc736778,  3345,  0, 0, 0, , 0, 0, 0, 0, 0,
130,  1,  134,  130,  -1,  869, 411,  139.0,  23,  Nuc740823,  4274,  0, 0, 0, , 0, 0, 0, 0, 0,
131,  1,  135,  131,  -1,  848, 481,  136.0,  21,  Nuc744079,  3721,  0, 0, 0, , 0, 0, 0, 0, 0,
132,  1,  136,  132,  -1,  866, 511,  147.0,  21,  Nuc755986,  4693,  0, 0, 0, , 0, 0, 0, 0, 0,
133,  1,  137,  133,  -1,  780, 419,  132.0,  23,  Nuc765561,  4050,  0, 0, 0, , 0, 0, 0, 0, 0,
134,  1,  138,  134,  -1,  793, 467,  127.0,  25,  Nuc767138,  3503,  0, 0, 0, , 0, 0, 0, 0, 0,
135,  1,  139,  135,  -1,  725, 506,  146.0,  23,  Nuc777278,  3882,  0, 0, 0, , 0, 0, 0, 0, 0,
136,  1,  140,  136,  -1,  783, 526,  139.0,  23,  Nuc781780,  3739,  0, 0, 0, , 0, 0, 0, 0, 0,
137,  1,  141,  137,  -1,  786, 486,  158.0,  23,  Nuc781833,  4594,  0, 0, 0, , 0, 0, 0, 0, 0,
138,  1,  142,  138,  -1,  823, 447,  151.0,  21,  Nuc786041,  4967,  0, 0, 0, , 0, 0, 0, 0, 0,
139,  1,  143,  139,  -1,  753, 414,  157.0,  23,  Nuc787828,  4664,  0, 0, 0, , 0, 0, 0, 0, 0,
140,  1,  144,  140,  -1,  713, 443,  155.0,  23,  Nuc795090,  4923,  0, 0, 0, , 0, 0, 0, 0, 0,
141,  1,  145,  141,  -1,  817, 570,  135.0,  23,  Nuc799532,  5501,  0, 0, 0, , 0, 0, 0, 0, 0,
142,  1,  146,  142,  -1,  791, 604,  144.0,  21,  Nuc842577,  3562,  0, 0, 0, , 0, 0, 0, 0, 0,
143,  1,  147,  143,  -1,  864, 633,  138.0,  23,  Nuc846761,  6390,  0, 0, 0, , 0, 0, 0, 0, 0,
144,  1,  148,  144,  -1,  880, 565,  140.0,  23,  Nuc851362,  6277,  0, 0, 0, , 0, 0, 0, 0, 0,
145,  1,  149,  145,  -1,  849, 589,  125.0,  23,  Nuc855296,  5216,  0, 0, 0, , 0, 0, 0, 0, 0,
146,  1,  150,  146,  -1,  856, 521,  123.0,  23,  Nuc886401,  6002,  0, 0, 0, , 0, 0, 0, 0, 0,
147,  1,  151,  147,  -1,  914, 566,  117.0,  23,  Nuc895743,  5884,  0, 0, 0, , 0, 0, 0, 0, 0,
148,  1,  152,  148,  -1,  930, 566,  129.0,  25,  Nuc902818,  5215,  0, 0, 0, , 0, 0, 0, 0, 0,
149,  1,  153,  149,  -1,  970, 546,  111.0,  25,  Nuc906526,  4738,  0, 0, 0, , 0, 0, 0, 0, 0,
150,  1,  154,  150,  -1,  953, 502,  107.0,  25,  Nuc907626,  4206,  0, 0, 0, , 0, 0, 0, 0, 0,
151,  1,  155,  151,  -1,  756, 570,  129.0,  23,  Nuc911907,  2815,  0, 0, 0, , 0, 0, 0, 0, 0,
152,  1,  156,  152,  -1,  720, 586,  141.0,  21,  Nuc938598,  5503,  0, 0, 0, , 0, 0, 0, 0, 0,
153,  1,  157,  153,  -1,  769, 651,  158.0,  21,  Nuc953006,  5633,  0, 0, 0, , 0, 0, 0, 0, 0,
154,  1,  158,  154,  -1,  754, 598,  167.0,  23,  Nuc954601,  5864,  0, 0, 0, , 0, 0, 0, 0, 0,
155,  1,  159,  155,  -1,  733, 603,  157.0,  23,  Nuc956970,  4333,  0, 0, 0, , 0, 0, 0, 0, 0,
156,  1,  160,  156,  -1,  832, 599,  152.0,  23,  Nuc966770,  7441,  0, 0, 0, , 0, 0, 0, 0, 0,
157,  1,  161,  157,  -1,  800, 548,  159.0,  25,  Nuc967919,  6453,  0, 0, 0, , 0, 0, 0, 0, 0,
158,  1,  162,  158,  -1,  528, 578,  146.0,  23,  Nuc1024125,  4560,  0, 0, 0, , 0, 0, 0, 0, 0,
159,  1,  163,  159,  -1,  480, 593,  145.0,  23,  Nuc1056921,  3415,  0, 0, 0, , 0, 0, 0, 0, 0,
160,  1,  164,  160,  -1,  284, 820,  114.0,  21,  Nuc1057056,  2255,  0, 0, 0, , 0, 0, 0, 0, 0,
161,  1,  165,  161,  -1,  289, 771,  119.0,  23,  Nuc1057167,  2490,  0, 0, 0, , 0, 0, 0, 0, 0,
162,  1,  166,  162,  -1,  279, 737,  143.0,  21,  Nuc1057288,  2579,  0, 0, 0, , 0, 0, 0, 0, 0,
163,  1,  167,  163,  164,  305, 761,  132.0,  21,  Nuc1057300,  2577,  0, 0, 0, , 0, 0, 0, 0, 0,
164,  1,  168,  165,  -1,  482, 713,  125.0,  23,  Nuc1057346,  2943,  0, 0, 0, , 0, 0, 0, 0, 0,
165,  1,  169,  166,  -1,  367, 743,  137.0,  25,  Nuc1057657,  2835,  0, 0, 0, , 0, 0, 0, 0, 0,
166,  1,  170,  167,  -1,  457, 744,  139.0,  23,  Nuc1057680,  3321,  0, 0, 0, , 0, 0, 0, 0, 0,
167,  1,  171,  168,  -1,  436, 690,  146.0,  21,  Nuc1057744,  2906,  0, 0, 0, , 0, 0, 0, 0, 0,
168,  1,  172,  169,  -1,  481, 712,  149.0,  21,  Nuc1057762,  2602,  0, 0, 0, , 0, 0, 0, 0, 0,
169,  1,  173,  170,  -1,  504, 582,  129.0,  23,  Nuc1057914,  2618,  0, 0, 0, , 0, 0, 0, 0, 0,
170,  1,  174,  -1,  -1,  540, 604,  132.0,  23,  Nuc1058188,  2313,  0, 0, 0, , 0, 0, 0, 0, 0,
171,  1,  175,  171,  -1,  591, 641,  130.0,  23,  Nuc1058194,  3091,  0, 0, 0, , 0, 0, 0, 0, 0,
172,  1,  176,  -1,  -1,  587, 613,  148.0,  25,  Nuc1062370,  690,  0, 0, 0, , 0, 0, 0, 0, 0,
173,  1,  177,  172,  -1,  564, 650,  146.0,  23,  Nuc1062372,  2685,  0, 0, 0, , 0, 0, 0, 0, 0,
174,  1,  178,  173,  -1,  547, 695,  137.0,  23,  Nuc1091591,  4154,  0, 0, 0, , 0, 0, 0, 0, 0,
175,  1,  179,  174,  -1,  553, 698,  125.0,  25,  Nuc1092036,  3718,  0, 0, 0, , 0, 0, 0, 0, 0,
176,  1,  180,  175,  -1,  627, 635,  145.0,  23,  Nuc1102218,  1855,  0, 0, 0, , 0, 0, 0, 0, 0,
177,  1,  181,  176,  -1,  623, 685,  140.0,  21,  Nuc1124422,  3908,  0, 0, 0, , 0, 0, 0, 0, 0,
178,  1,  182,  177,  -1,  638, 694,  127.0,  23,  Nuc1129022,  3687,  0, 0, 0, , 0, 0, 0, 0, 0,
179,  1,  183,  178,  -1,  597, 749,  122.0,  23,  Nuc1145051,  5252,  0, 0, 0, , 0, 0, 0, 0, 0,
180,  1,  184,  179,  -1,  611, 749,  134.0,  23,  Nuc1145224,  4308,  0, 0, 0, , 0, 0, 0, 0, 0,
181,  1,  185,  180,  -1,  408, 550,  136.0,  23,  Nuc1208205,  2193,  0, 0, 0, , 0, 0, 0, 0, 0,
182,  1,  186,  181,  -1,  457, 567,  136.0,  23,  Nuc1208213,  2217,  0, 0, 0, , 0, 0, 0, 0, 0,
183,  1,  187,  182,  -1,  461, 522,  130.0,  25,  Nuc1208666,  2692,  0, 0, 0, , 0, 0, 0, 0, 0,
184,  1,  189,  183,  -1,  517, 513,  130.0,  23,  Nuc1208684,  3200,  0, 0, 0, , 0, 0, 0, 0, 0,
185,  1,  190,  184,  -1,  567, 733,  147.0,  21,  Nuc1210622,  3267,  0, 0, 0, , 0, 0, 0, 0, 0,
186,  1,  191,  185,  -1,  555, 814,  150.0,  21,  Nuc1231751,  3382,  0, 0, 0, , 0, 0, 0, 0, 0,
187,  1,  192,  186,  -1,  545, 859,  136.0,  21,  Nuc1234870,  3836,  0, 0, 0, , 0, 0, 0, 0, 0,
188,  1,  193,  187,  -1,  464, 820,  150.0,  21,  Nuc1247460,  4289,  0, 0, 0, , 0, 0, 0, 0, 0,
189,  1,  194,  188,  -1,  481, 804,  142.0,  23,  Nuc1248925,  3343,  0, 0, 0, , 0, 0, 0, 0, 0,
190,  1,  195,  189,  -1,  509, 759,  156.0,  21,  Nuc1262379,  4052,  0, 0, 0, , 0, 0, 0, 0, 0,
191,  1,  196,  190,  -1,  469, 764,  162.0,  23,  Nuc1270024,  4050,  0, 0, 0, , 0, 0, 0, 0, 0,
192,  1,  197,  191,  -1,  681, 577,  132.0,  23,  Nuc1272773,  4380,  0, 0, 0, , 0, 0, 0, 0, 0,
193,  1,  198,  192,  -1,  675, 631,  132.0,  25,  Nuc1330331,  4192,  0, 0, 0, , 0, 0, 0, 0, 0,
194,  1,  199,  193,  -1,  656, 602,  152.0,  23,  Nuc1335663,  5954,  0, 0, 0, , 0, 0, 0, 0, 0,
195,  1,  200,  194,  -1,  598, 585,  139.0,  21,  Nuc1336681,  4470,  0, 0, 0, , 0, 0, 0, 0, 0,
196,  1,  201,  195,  -1,  565, 547,  134.0,  23,  Nuc1344450,  3201,  0, 0, 0, , 0, 0, 0, 0, 0,
197,  1,  202,  196,  -1,  621, 531,  135.0,  23,  Nuc1390596,  2715,  0, 0, 0, , 0, 0, 0, 0, 0,
198,  1,  203,  197,  -1,  687, 496,  130.0,  25,  Nuc1418351,  4828,  0, 0, 0, , 0, 0, 0, 0, 0,
199,  1,  204,  198,  -1,  482, 394,  147.0,  23,  Nuc1418792,  3019,  0, 0, 0, , 0, 0, 0, 0, 0,
200,  1,  205,  199,  -1,  394, 614,  159.0,  21,  Nuc1418872,  1431,  0, 0, 0, , 0, 0, 0, 0, 0,
201,  1,  206,  200,  -1,  414, 564,  155.0,  23,  Nuc1419058,  2505,  0, 0, 0, , 0, 0, 0, 0, 0,
202,  1,  207,  201,  -1,  422, 520,  151.0,  21,  Nuc1419071,  2453,  0, 0, 0, , 0, 0, 0, 0, 0,
203,  1,  208,  202,  -1,  424, 527,  179.0,  23,  Nuc1419103,  4485,  0, 0, 0, , 0, 0, 0, 0, 0,
204,  1,  209,  203,  -1,  431, 552,  167.0,  21,  Nuc1419549,  2611,  0, 0, 0, , 0, 0, 0, 0, 0,
205,  1,  210,  -1,  -1,  513, 443,  132.0,  23,  Nuc1426684,  4538,  0, 0, 0, , 0, 0, 0, 0, 0,
206,  1,  211,  204,  -1,  424, 496,  127.0,  25,  Nuc1426697,  1421,  0, 0, 0, , 0, 0, 0, 0, 0,
207,  1,  211,  205,  -1,  414, 447,  127.0,  25,  Nuc1426699,  1743,  0, 0, 0, , 0, 0, 0, 0, 0,
208,  1,  212,  206,  -1,  513, 440,  125.0,  23,  Nuc1426705,  3595,  0, 0, 0, , 0, 0, 0, 0, 0,
209,  1,  212,  207,  -1,  470, 464,  127.0,  23,  Nuc1427156,  3881,  0, 0, 0, , 0, 0, 0, 0, 0,
210,  1,  213,  208,  -1,  633, 466,  129.0,  25,  Nuc1431518,  4117,  0, 0, 0, , 0, 0, 0, 0, 0,
211,  1,  214,  209,  -1,  566, 465,  129.0,  25,  Nuc1453056,  4055,  0, 0, 0, , 0, 0, 0, 0, 0,
212,  1,  215,  210,  -1,  458, 505,  161.0,  23,  Nuc1468267,  3167,  0, 0, 0, , 0, 0, 0, 0, 0,
213,  1,  216,  211,  -1,  475, 516,  152.0,  23,  Nuc1468876,  3870,  0, 0, 0, , 0, 0, 0, 0, 0,
214,  1,  217,  212,  -1,  503, 531,  143.0,  27,  Nuc1476763,  3636,  0, 0, 0, , 0, 0, 0, 0, 0,
215,  1,  218,  213,  -1,  446, 421,  156.0,  29,  Nuc1476778,  1372,  0, 0, 0, , 0, 0, 0, 0, 0,
216,  1,  218,  214,  -1,  480, 457,  149.0,  23,  Nuc1483130,  2849,  0, 0, 0, , 0, 0, 0, 0, 0,
217,  1,  219,  215,  216,  519, 476,  142.0,  21,  Nuc1483141,  2055,  0, 0, 0, , 0, 0, 0, 0, 0,
218,  1,  220,  217,  -1,  370, 378,  165.0,  23,  Nuc1483237,  3145,  0, 0, 0, , 0, 0, 0, 0, 0,
219,  1,  221,  218,  -1,  333, 369,  171.0,  23,  Nuc1492373,  3658,  0, 0, 0, , 0, 0, 0, 0, 0,
220,  1,  222,  219,  -1,  306, 475,  163.0,  21,  Nuc1492481,  686,  0, 0, 0, , 0, 0, 0, 0, 0,
221,  1,  223,  220,  -1,  286, 436,  167.0,  23,  Nuc1492491,  3392,  0, 0, 0, , 0, 0, 0, 0, 0,
222,  1,  224,  221,  -1,  406, 379,  177.0,  21,  Nuc1493015,  4931,  0, 0, 0, , 0, 0, 0, 0, 0,
223,  1,  225,  222,  -1,  389, 422,  157.0,  21,  Nuc1493165,  2715,  0, 0, 0, , 0, 0, 0, 0, 0,
224,  1,  225,  223,  -1,  416, 468,  157.0,  21,  Nuc1493169,  2332,  0, 0, 0, , 0, 0, 0, 0, 0,
225,  1,  226,  224,  -1,  315, 401,  158.0,  21,  Nuc1493185,  1842,  0, 0, 0, , 0, 0, 0, 0, 0,
226,  1,  227,  225,  226,  384, 423,  162.0,  21,  Nuc1493195,  2173,  0, 0, 0, , 0, 0, 0, 0, 0,
227,  1,  228,  227,  -1,  463, 293,  166.0,  21,  Nuc1493237,  2291,  0, 0, 0, , 0, 0, 0, 0, 0,
228,  1,  229,  -1,  -1,  292, 358,  157.0,  23,  Nuc1493608,  2630,  0, 0, 0, , 0, 0, 0, 0, 0,
229,  1,  230,  228,  229,  336, 332,  159.0,  21,  Nuc1493618,  2195,  0, 0, 0, , 0, 0, 0, 0, 0,
230,  1,  231,  230,  -1,  394, 323,  165.0,  21,  Nuc1493777,  3537,  0, 0, 0, , 0, 0, 0, 0, 0,
231,  1,  232,  231,  -1,  423, 366,  156.0,  21,  Nuc1494681,  2832,  0, 0, 0, , 0, 0, 0, 0, 0,
232,  1,  233,  232,  -1,  337, 275,  137.0,  23,  Nuc1494733,  3500,  0, 0, 0, , 0, 0, 0, 0, 0,
233,  1,  234,  233,  -1,  395, 319,  145.0,  23,  Nuc1496189,  2020,  0, 0, 0, , 0, 0, 0, 0, 0,
234,  1,  235,  234,  -1,  431, 264,  156.0,  21,  Nuc1496379,  4193,  0, 0, 0, , 0, 0, 0, 0, 0,
235,  1,  236,  235,  -1,  420, 215,  146.0,  21,  Nuc1497065,  2874,  0, 0, 0, , 0, 0, 0, 0, 0,
236,  1,  237,  236,  -1,  669, 302,  151.0,  23,  Nuc1500739,  3861,  0, 0, 0, , 0, 0, 0, 0, 0,
237,  1,  238,  237,  -1,  631, 349,  163.0,  23,  Nuc1503370,  3946,  0, 0, 0, , 0, 0, 0, 0, 0,
238,  1,  239,  238,  -1,  626, 403,  153.0,  21,  Nuc1508350,  2582,  0, 0, 0, , 0, 0, 0, 0, 0,
239,  1,  240,  239,  -1,  671, 383,  142.0,  23,  Nuc1510135,  3994,  0, 0, 0, , 0, 0, 0, 0, 0,
240,  1,  241,  240,  -1,  612, 401,  130.0,  23,  Nuc1514882,  2355,  0, 0, 0, , 0, 0, 0, 0, 0,
241,  1,  242,  241,  -1,  564, 406,  141.0,  23,  Nuc1514903,  2076,  0, 0, 0, , 0, 0, 0, 0, 0,
242,  1,  243,  242,  -1,  654, 327,  126.0,  21,  Nuc1545775,  2857,  0, 0, 0, , 0, 0, 0, 0, 0,
243,  1,  244,  243,  -1,  602, 337,  145.0,  21,  Nuc1551439,  2265,  0, 0, 0, , 0, 0, 0, 0, 0,
244,  1,  245,  244,  -1,  478, 332,  155.0,  23,  Nuc1553375,  1787,  0, 0, 0, , 0, 0, 0, 0, 0,
245,  1,  246,  245,  -1,  538, 332,  139.0,  23,  Nuc1560742,  1370,  0, 0, 0, , 0, 0, 0, 0, 0,
246,  1,  247,  246,  -1,  544, 276,  152.0,  23,  Nuc1572643,  3463,  0, 0, 0, , 0, 0, 0, 0, 0,
247,  1,  248,  247,  -1,  502, 233,  153.0,  23,  Nuc1575665,  3391,  0, 0, 0, , 0, 0, 0, 0, 0,
248,  1,  249,  248,  -1,  596, 274,  159.0,  21,  Nuc1577627,  3217,  0, 0, 0, , 0, 0, 0, 0, 0,
249,  1,  250,  249,  -1,  578, 333,  165.0,  23,  Nuc1581760,  3904,  0, 0, 0, , 0, 0, 0, 0, 0,
250,  1,  251,  250,  -1,  462, 361,  172.0,  21,  Nuc1584297,  3270,  0, 0, 0, , 0, 0, 0, 0, 0,
251,  1,  252,  251,  -1,  514, 322,  169.0,  21,  Nuc1584422,  3679,  0, 0, 0, , 0, 0, 0, 0, 0,
252,  1,  253,  252,  -1,  652, 464,  151.0,  21,  Nuc1584596,  6480,  0, 0, 0, , 0, 0, 0, 0, 0,
253,  1,  254,  253,  -1,  666, 449,  139.0,  21,  Nuc1602920,  3820,  0, 0, 0, , 0, 0, 0, 0, 0,
254,  1,  255,  254,  -1,  725, 431,  130.0,  23,  Nuc1622768,  4268,  0, 0, 0, , 0, 0, 0, 0, 0,
255,  1,  256,  255,  -1,  680, 411,  127.0,  25,  Nuc1639852,  5110,  0, 0, 0, , 0, 0, 0, 0, 0,
256,  1,  257,  256,  -1,  645, 528,  166.0,  23,  Nuc1640587,  8241,  0, 0, 0, , 0, 0, 0, 0, 0,
257,  1,  258,  257,  -1,  666, 501,  143.0,  23,  Nuc1643534,  8669,  0, 0, 0, , 0, 0, 0, 0, 0,
258,  1,  259,  258,  -1,  640, 530,  150.0,  23,  Nuc1647665,  5659,  0, 0, 0, , 0, 0, 0, 0, 0,
259,  1,  260,  259,  -1,  689, 574,  157.0,  23,  Nuc1703104,  10631,  0, 0, 0, , 0, 0, 0, 0, 0,
260,  1,  261,  260,  -1,  675, 548,  158.0,  21,  Nuc1707831,  4144,  0, 0, 0, , 0, 0, 0, 0, 0,
261,  1,  262,  261,  -1,  661, 559,  144.0,  23,  Nuc1707965,  5670,  0, 0, 0, , 0, 0, 0, 0, 0,
262,  1,  263,  262,  -1,  697, 542,  137.0,  23,  Nuc1738828,  6138,  0, 0, 0, , 0, 0, 0, 0, 0,
263,  1,  264,  263,  -1,  512, 496,  154.0,  21,  Nuc1740629,  5215,  0, 0, 0, , 0, 0, 0, 0, 0,
264,  1,  265,  264,  -1,  528, 536,  157.0,  23,  Nuc1750717,  6722,  0, 0, 0, , 0, 0, 0, 0, 0,
265,  1,  266,  265,  -1,  577, 529,  146.0,  23,  Nuc1754967,  5718,  0, 0, 0, , 0, 0, 0, 0, 0,
266,  1,  267,  266,  -1,  553, 580,  152.0,  21,  Nuc1755557,  6949,  0, 0, 0, , 0, 0, 0, 0, 0,
267,  1,  268,  267,  -1,  526, 521,  172.0,  23,  Nuc1759774,  5220,  0, 0, 0, , 0, 0, 0, 0, 0,
268,  1,  269,  268,  -1,  534, 475,  173.0,  23,  Nuc1762244,  6615,  0, 0, 0, , 0, 0, 0, 0, 0,
269,  1,  270,  269,  -1,  488, 505,  178.0,  23,  Nuc1763425,  5734,  0, 0, 0, , 0, 0, 0, 0, 0,
270,  1,  271,  270,  -1,  441, 484,  174.0,  21,  Nuc1763570,  1942,  0, 0, 0, , 0, 0, 0, 0, 0,
271,  1,  272,  271,  -1,  488, 448,  169.0,  23,  Nuc1763590,  3396,  0, 0, 0, , 0, 0, 0, 0, 0,
272,  1,  273,  272,  -1,  441, 422,  167.0,  23,  Nuc1765093,  4304,  0, 0, 0, , 0, 0, 0, 0, 0,
273,  1,  274,  273,  -1,  504, 493,  167.0,  21,  Nuc1772027,  4946,  0, 0, 0, , 0, 0, 0, 0, 0,
274,  1,  275,  274,  -1,  483, 570,  158.0,  23,  Nuc1773082,  3767,  0, 0, 0, , 0, 0, 0, 0, 0,
275,  1,  276,  275,  -1,  425, 727,  166.0,  21,  Nuc1773188,  4340,  0, 0, 0, , 0, 0, 0, 0, 0,
276,  1,  277,  276,  -1,  405, 669,  159.0,  21,  Nuc1783545,  5326,  0, 0, 0, , 0, 0, 0, 0, 0,
277,  1,  278,  277,  -1,  338, 582,  161.0,  23,  Nuc1784090,  1958,  0, 0, 0, , 0, 0, 0, 0, 0,
278,  1,  279,  278,  279,  361, 700,  167.0,  23,  Nuc1784123,  2852,  0, 0, 0, , 0, 0, 0, 0, 0,
279,  1,  280,  280,  -1,  311, 700,  159.0,  23,  Nuc1784504,  2167,  0, 0, 0, , 0, 0, 0, 0, 0,
280,  1,  281,  281,  -1,  274, 600,  164.0,  21,  Nuc1785276,  1343,  0, 0, 0, , 0, 0, 0, 0, 0,
281,  1,  282,  282,  283,  306, 619,  157.0,  21,  Nuc1785354,  2846,  0, 0, 0, , 0, 0, 0, 0, 0,
282,  1,  283,  284,  -1,  425, 608,  167.0,  21,  Nuc1787986,  2039,  0, 0, 0, , 0, 0, 0, 0, 0,
283,  1,  284,  285,  -1,  354, 605,  172.0,  21,  Nuc1793850,  2933,  0, 0, 0, , 0, 0, 0, 0, 0,
284,  1,  285,  286,  -1,  355, 607,  176.0,  21,  Nuc1793865,  2933,  0, 0, 0, , 0, 0, 0, 0, 0,
285,  1,  285,  287,  -1,  376, 647,  174.0,  21,  Nuc1794052,  3602,  0, 0, 0, , 0, 0, 0, 0, 0,
286,  1,  286,  288,  -1,  468, 422,  181.0,  23,  Nuc1794131,  3682,  0, 0, 0, , 0, 0, 0, 0, 0,
287,  1,  287,  289,  -1,  547, 420,  177.0,  23,  Nuc1794474,  4820,  0, 0, 0, , 0, 0, 0, 0, 0,
288,  1,  288,  290,  -1,  525, 368,  173.0,  21,  Nuc1795187,  3836,  0, 0, 0, , 0, 0, 0, 0, 0,
289,  1,  289,  291,  -1,  630, 462,  169.0,  21,  Nuc1800339,  4989,  0, 0, 0, , 0, 0, 0, 0, 0,
290,  1,  290,  292,  -1,  616, 408,  173.0,  23,  Nuc1842030,  4736,  0, 0, 0, , 0, 0, 0, 0, 0,
291,  1,  291,  293,  -1,  700, 372,  161.0,  23,  Nuc1848883,  5977,  0, 0, 0, , 0, 0, 0, 0, 0,
292,  1,  292,  294,  -1,  683, 416,  168.0,  23,  Nuc1849849,  5928,  0, 0, 0, , 0, 0, 0, 0, 0,
293,  1,  293,  295,  -1,  654, 505,  177.0,  23,  Nuc1850313,  7889,  0, 0, 0, , 0, 0, 0, 0, 0,
294,  1,  294,  296,  -1,  680, 463,  174.0,  23,  Nuc1850859,  6290,  0, 0, 0, , 0, 0, 0, 0, 0,
295,  1,  295,  297,  -1,  746, 466,  167.0,  23,  Nuc1851817,  6400,  0, 0, 0, , 0, 0, 0, 0, 0,
296,  1,  296,  298,  -1,  697, 509,  167.0,  23,  Nuc1854176,  7866,  0, 0, 0, , 0, 0, 0, 0, 0,
297,  1,  297,  299,  -1,  742, 517,  169.0,  23,  Nuc1858795,  6165,  0, 0, 0, , 0, 0, 0, 0, 0,
298,  1,  298,  300,  -1,  638, 582,  168.0,  21,  Nuc1862227,  4161,  0, 0, 0, , 0, 0, 0, 0, 0,
299,  1,  299,  301,  -1,  683, 570,  172.0,  21,  Nuc1863113,  3791,  0, 0, 0, , 0, 0, 0, 0, 0,
300,  1,  300,  302,  -1,  751, 543,  158.0,  23,  Nuc1867439,  5169,  0, 0, 0, , 0, 0, 0, 0, 0,
301,  1,  301,  303,  -1,  713, 540,  163.0,  21,  Nuc1867570,  5692,  0, 0, 0, , 0, 0, 0, 0, 0,
302,  1,  302,  304,  -1,  731, 554,  171.0,  21,  Nuc1868205,  5497,  0, 0, 0, , 0, 0, 0, 0, 0,
303,  1,  303,  305,  -1,  475, 683,  177.0,  23,  Nuc1869401,  3647,  0, 0, 0, , 0, 0, 0, 0, 0,
304,  1,  304,  306,  -1,  424, 673,  175.0,  23,  Nuc1869778,  4832,  0, 0, 0, , 0, 0, 0, 0, 0,
305,  1,  305,  307,  -1,  630, 709,  168.0,  23,  Nuc1870008,  5686,  0, 0, 0, , 0, 0, 0, 0, 0,
306,  1,  306,  308,  -1,  595, 689,  159.0,  21,  Nuc1871463,  4785,  0, 0, 0, , 0, 0, 0, 0, 0,
307,  1,  307,  309,  -1,  618, 778,  155.0,  23,  Nuc1876968,  7462,  0, 0, 0, , 0, 0, 0, 0, 0,
308,  1,  308,  310,  -1,  571, 755,  163.0,  23,  Nuc1880454,  5247,  0, 0, 0, , 0, 0, 0, 0, 0,
309,  1,  309,  311,  -1,  522, 649,  178.0,  21,  Nuc1883052,  4929,  0, 0, 0, , 0, 0, 0, 0, 0,
310,  1,  310,  312,  -1,  560, 662,  172.0,  23,  Nuc1886237,  4810,  0, 0, 0, , 0, 0, 0, 0, 0,
311,  1,  311,  313,  -1,  491, 719,  171.0,  23,  Nuc1889467,  6855,  0, 0, 0, , 0, 0, 0, 0, 0,
312,  1,  312,  314,  -1,  551, 720,  169.0,  23,  Nuc1890974,  6914,  0, 0, 0, , 0, 0, 0, 0, 0,
313,  1,  313,  315,  -1,  626, 645,  171.0,  23,  Nuc1892164,  5037,  0, 0, 0, , 0, 0, 0, 0, 0,
314,  1,  314,  316,  -1,  692, 643,  166.0,  23,  Nuc1918902,  5098,  0, 0, 0, , 0, 0, 0, 0, 0,
315,  1,  315,  317,  -1,  575, 618,  179.0,  21,  Nuc1921293,  5714,  0, 0, 0, , 0, 0, 0, 0, 0,
316,  1,  316,  318,  -1,  575, 564,  179.0,  23,  Nuc1921416,  6695,  0, 0, 0, , 0, 0, 0, 0, 0,
317,  1,  317,  319,  -1,  577, 460,  180.0,  25,  Nuc1922091,  6982,  0, 0, 0, , 0, 0, 0, 0, 0,
318,  1,  318,  320,  -1,  625, 548,  178.0,  23,  Nuc1922191,  7693,  0, 0, 0, , 0, 0, 0, 0, 0,
319,  1,  319,  321,  -1,  507, 601,  183.0,  23,  Nuc1923307,  6347,  0, 0, 0, , 0, 0, 0, 0, 0,
320,  1,  320,  322,  -1,  454, 632,  181.0,  23,  Nuc1924246,  3668,  0, 0, 0, , 0, 0, 0, 0, 0,
321,  1,  321,  323,  -1,  444, 584,  181.0,  21,  Nuc1934140,  3425,  0, 0, 0, , 0, 0, 0, 0, 0,
322,  1,  322,  324,  -1,  470, 662,  165.0,  21,  Nuc1934281,  4881,  0, 0, 0, , 0, 0, 0, 0, 0,
323,  1,  323,  325,  -1,  520, 623,  157.0,  23,  Nuc1942136,  3047,  0, 0, 0, , 0, 0, 0, 0, 0,
324,  1,  324,  326,  -1,  459, 636,  155.0,  21,  Nuc1943200,  4875,  0, 0, 0, , 0, 0, 0, 0, 0,
325,  1,  325,  327,  -1,  525, 681,  159.0,  23,  Nuc1943234,  3117,  0, 0, 0, , 0, 0, 0, 0, 0,
326,  1,  326,  328,  -1,  532, 581,  169.0,  21,  Nuc1950067,  1756,  0, 0, 0, , 0, 0, 0, 0, 0,
327,  1,  327,  329,  -1,  487, 537,  168.0,  23,  Nuc1950333,  4356,  0, 0, 0, , 0, 0, 0, 0, 0,
328,  1,  328,  330,  -1,  488, 597,  171.0,  23,  Nuc1953395,  4438,  0, 0, 0, , 0, 0, 0, 0, 0,
329,  1,  329,  331,  -1,  404, 536,  186.0,  23,  Nuc1953745,  2229,  0, 0, 0, , 0, 0, 0, 0, 0,
330,  1,  330,  332,  -1,  398, 452,  183.0,  21,  Nuc1954716,  3174,  0, 0, 0, , 0, 0, 0, 0, 0,
331,  1,  331,  333,  -1,  496, 533,  185.0,  23,  Nuc1954950,  6365,  0, 0, 0, , 0, 0, 0, 0, 0,
332,  1,  332,  334,  -1,  571, 514,  182.0,  23,  Nuc1955387,  6645,  0, 0, 0, , 0, 0, 0, 0, 0,
333,  1,  333,  335,  -1,  533, 552,  181.0,  23,  Nuc1967357,  7627,  0, 0, 0, , 0, 0, 0, 0, 0,
334,  1,  334,  336,  -1,  512, 467,  184.0,  23,  Nuc1968449,  5252,  0, 0, 0, , 0, 0, 0, 0, 0,
335,  1,  335,  337,  -1,  446, 498,  186.0,  23,  Nuc1968611,  4927,  0, 0, 0, , 0, 0, 0, 0, 0,
336,  1,  336,  338,  -1,  590, 616,  159.0,  23,  Nuc1968848,  4764,  0, 0, 0, , 0, 0, 0, 0, 0,
337,  1,  337,  339,  -1,  592, 518,  171.0,  23,  Nuc2004972,  8480,  0, 0, 0, , 0, 0, 0, 0, 0,
338,  1,  338,  340,  -1,  594, 560,  158.0,  23,  Nuc2006244,  3776,  0, 0, 0, , 0, 0, 0, 0, 0,
339,  1,  339,  341,  -1,  400, 762,  160.0,  21,  Nuc2009256,  3361,  0, 0, 0, , 0, 0, 0, 0, 0,
340,  1,  340,  342,  -1,  556, 502,  162.0,  23,  Nuc2012796,  5804,  0, 0, 0, , 0, 0, 0, 0, 0,
341,  1,  341,  343,  -1,  523, 366,  157.0,  21,  Nuc2021755,  3847,  0, 0, 0, , 0, 0, 0, 0, 0,
342,  1,  342,  344,  -1,  574, 407,  164.0,  21,  Nuc2024308,  6288,  0, 0, 0, , 0, 0, 0, 0, 0,
343,  1,  343,  345,  -1,  538, 437,  155.0,  21,  Nuc2034653,  6256,  0, 0, 0, , 0, 0, 0, 0, 0,
344,  1,  344,  346,  -1,  581, 459,  164.0,  23,  Nuc2034696,  6823,  0, 0, 0, , 0, 0, 0, 0, 0,
345,  1,  345,  347,  -1,  675, 505,  157.0,  23,  Nuc2034843,  7857,  0, 0, 0, , 0, 0, 0, 0, 0,
346,  1,  346,  348,  -1,  612, 500,  155.0,  23,  Nuc2054047,  7829,  0, 0, 0, , 0, 0, 0, 0, 0,
347,  1,  347,  349,  -1,  255, 418,  156.0,  23,  Nuc2064309,  2600,  0, 0, 0, , 0, 0, 0, 0, 0,
348,  1,  348,  350,  -1,  289, 457,  153.0,  23,  Nuc2064313,  2978,  0, 0, 0, , 0, 0, 0, 0, 0,
349,  1,  349,  351,  -1,  345, 470,  149.0,  21,  Nuc2064471,  1873,  0, 0, 0, , 0, 0, 0, 0, 0,
350,  1,  350,  352,  -1,  249, 625,  156.0,  21,  Nuc2064587,  1465,  0, 0, 0, , 0, 0, 0, 0, 0,
351,  1,  351,  353,  -1,  307, 653,  147.0,  21,  Nuc2064668,  1516,  0, 0, 0, , 0, 0, 0, 0, 0,
352,  1,  352,  354,  -1,  320, 705,  143.0,  21,  Nuc2064679,  1475,  0, 0, 0, , 0, 0, 0, 0, 0,
353,  1,  353,  355,  -1,  448, 359,  139.0,  23,  Nuc2064827,  3457,  0, 0, 0, , 0, 0, 0, 0, 0,
354,  1,  355,  356,  -1,  489, 339,  119.0,  27,  Nuc2064903,  1498,  0, 0, 0, , 0, 0, 0, 0, 0,
355,  1,  356,  357,  -1,  490, 336,  129.0,  23,  Nuc2064908,  2465,  0, 0, 0, , 0, 0, 0, 0, 0,
356,  1,  357,  358,  -1,  381, 383,  142.0,  23,  Nuc2070294,  2375,  0, 0, 0, , 0, 0, 0, 0, 0,
357,  1,  358,  359,  -1,  359, 337,  124.0,  25,  Nuc2070322,  1589,  0, 0, 0, , 0, 0, 0, 0, 0,
358,  1,  360,  360,  -1,  409, 381,  126.0,  23,  Nuc2070333,  1608,  0, 0, 0, , 0, 0, 0, 0, 0,
359,  1,  361,  361,  -1,  349, 550,  179.0,  23,  Nuc2070378,  3318,  0, 0, 0, , 0, 0, 0, 0, 0,
360,  1,  362,  362,  -1,  298, 561,  167.0,  23,  Nuc2070520,  3306,  0, 0, 0, , 0, 0, 0, 0, 0,
361,  1,  363,  363,  364,  334, 837,  109.0,  23,  Nuc2070794,  640,  0, 0, 0, , 0, 0, 0, 0, 0,
362,  1,  363,  365,  -1,  387, 834,  110.0,  23,  Nuc2071262,  1202,  0, 0, 0, , 0, 0, 0, 0, 0,
363,  1,  364,  366,  -1,  372, 887,  108.0,  23,  Nuc2071272,  1737,  0, 0, 0, , 0, 0, 0, 0, 0,
364,  1,  365,  367,  -1,  378, 905,  97.0,  23,  Nuc2080676,  2036,  0, 0, 0, , 0, 0, 0, 0, 0,
365,  1,  366,  368,  -1,  415, 627,  141.0,  23,  Nuc2080740,  1895,  0, 0, 0, , 0, 0, 0, 0, 0,
366,  1,  367,  369,  -1,  372, 677,  139.0,  21,  Nuc2080777,  3298,  0, 0, 0, , 0, 0, 0, 0, 0,
367,  1,  368,  370,  -1,  290, 356,  153.0,  23,  Nuc2080848,  2630,  0, 0, 0, , 0, 0, 0, 0, 0,
368,  1,  368,  371,  -1,  248, 337,  148.0,  23,  Nuc2080911,  2710,  0, 0, 0, , 0, 0, 0, 0, 0,
369,  1,  369,  372,  -1,  302, 513,  170.0,  21,  Nuc2081074,  3184,  0, 0, 0, , 0, 0, 0, 0, 0,
370,  1,  371,  373,  374,  370, 535,  168.0,  23,  Nuc2081306,  2829,  0, 0, 0, , 0, 0, 0, 0, 0,
371,  1,  372,  -1,  -1,  396, 484,  169.0,  23,  Nuc2084628,  2793,  0, 0, 0, , 0, 0, 0, 0, 0,
372,  1,  373,  375,  -1,  362, 486,  162.0,  21,  Nuc2084630,  2066,  0, 0, 0, , 0, 0, 0, 0, 0,
373,  1,  374,  376,  -1,  416, 841,  124.0,  23,  Nuc2084911,  3285,  0, 0, 0, , 0, 0, 0, 0, 0,
374,  1,  375,  377,  -1,  376, 873,  118.0,  21,  Nuc2087968,  2268,  0, 0, 0, , 0, 0, 0, 0, 0,
375,  1,  376,  378,  -1,  344, 502,  180.0,  23,  Nuc2088522,  3214,  0, 0, 0, , 0, 0, 0, 0, 0,
376,  1,  377,  379,  -1,  351, 438,  176.0,  23,  Nuc2088542,  2625,  0, 0, 0, , 0, 0, 0, 0, 0,
377,  1,  378,  380,  -1,  427, 686,  126.0,  23,  Nuc2088796,  3394,  0, 0, 0, , 0, 0, 0, 0, 0,
378,  1,  379,  381,  -1,  531, 757,  135.0,  23,  Nuc2088815,  3248,  0, 0, 0, , 0, 0, 0, 0, 0,
379,  1,  380,  382,  -1,  245, 589,  136.0,  21,  Nuc2132788,  2126,  0, 0, 0, , 0, 0, 0, 0, 0,
380,  1,  380,  383,  -1,  243, 592,  131.0,  23,  Nuc2132791,  2126,  0, 0, 0, , 0, 0, 0, 0, 0,
381,  1,  381,  384,  385,  208, 551,  138.0,  23,  Nuc2132797,  2351,  0, 0, 0, , 0, 0, 0, 0, 0,
382,  1,  382,  386,  -1,  268, 555,  141.0,  21,  Nuc2132805,  2000,  0, 0, 0, , 0, 0, 0, 0, 0,
383,  1,  383,  387,  -1,  369, 605,  144.0,  21,  Nuc2132821,  2978,  0, 0, 0, , 0, 0, 0, 0, 0,
384,  1,  385,  388,  389,  322, 573,  144.0,  21,  Nuc2132834,  1684,  0, 0, 0, , 0, 0, 0, 0, 0,
385,  1,  386,  390,  -1,  449, 490,  140.0,  23,  Nuc2132850,  1607,  0, 0, 0, , 0, 0, 0, 0, 0,
386,  1,  387,  391,  -1,  347, 457,  127.0,  23,  Nuc2132857,  646,  0, 0, 0, , 0, 0, 0, 0, 0,
387,  1,  387,  392,  -1,  365, 484,  130.0,  21,  Nuc2132859,  273,  0, 0, 0, , 0, 0, 0, 0, 0,
388,  1,  388,  393,  394,  384, 500,  141.0,  23,  Nuc2132864,  2724,  0, 0, 0, , 0, 0, 0, 0, 0,
389,  1,  389,  395,  -1,  363, 546,  140.0,  23,  Nuc2132878,  3385,  0, 0, 0, , 0, 0, 0, 0, 0,
390,  1,  390,  396,  -1,  289, 563,  155.0,  21,  Nuc2132897,  2869,  0, 0, 0, , 0, 0, 0, 0, 0,
391,  1,  391,  397,  -1,  338, 524,  157.0,  23,  Nuc2134947,  2680,  0, 0, 0, , 0, 0, 0, 0, 0,
392,  1,  392,  398,  -1,  280, 513,  157.0,  23,  Nuc2134956,  3181,  0, 0, 0, , 0, 0, 0, 0, 0,
393,  1,  393,  399,  -1,  235, 484,  158.0,  23,  Nuc2134975,  2075,  0, 0, 0, , 0, 0, 0, 0, 0,
394,  1,  394,  400,  -1,  505, 654,  138.0,  21,  Nuc2134992,  1851,  0, 0, 0, , 0, 0, 0, 0, 0,
395,  1,  395,  401,  -1,  470, 644,  129.0,  23,  Nuc2160201,  2586,  0, 0, 0, , 0, 0, 0, 0, 0,
396,  1,  396,  -1,  -1,  383, 445,  144.0,  23,  Nuc2160221,  2364,  0, 0, 0, , 0, 0, 0, 0, 0,
397,  1,  397,  -1,  -1,  234, 488,  149.0,  25,  Nuc2160230,  292,  0, 0, 0, , 0, 0, 0, 0, 0,
398,  1,  397,  402,  403,  243, 452,  143.0,  23,  Nuc2160231,  1123,  0, 0, 0, , 0, 0, 0, 0, 0,
399,  1,  398,  404,  -1,  270, 374,  138.0,  21,  Nuc2160246,  2959,  0, 0, 0, , 0, 0, 0, 0, 0,
400,  1,  399,  405,  -1,  287, 422,  136.0,  23,  Nuc2160595,  1424,  0, 0, 0, , 0, 0, 0, 0, 0,
401,  1,  400,  406,  -1,  329, 412,  141.0,  23,  Nuc2160599,  1180,  0, 0, 0, , 0, 0, 0, 0, 0,
402,  1,  401,  407,  -1,  330, 342,  146.0,  23,  Nuc2160613,  3302,  0, 0, 0, , 0, 0, 0, 0, 0,
403,  1,  402,  408,  -1,  470, 407,  131.0,  23,  Nuc2161852,  2035,  0, 0, 0, , 0, 0, 0, 0, 0,
404,  1,  403,  409,  -1,  560, 493,  143.0,  23,  Nuc2161875,  2464,  0, 0, 0, , 0, 0, 0, 0, 0,
405,  1,  404,  410,  -1,  597, 455,  146.0,  23,  Nuc2161887,  2330,  0, 0, 0, , 0, 0, 0, 0, 0,
406,  1,  405,  411,  -1,  303, 176,  112.0,  23,  Nuc2161900,  1335,  0, 0, 0, , 0, 0, 0, 0, 0,
407,  1,  406,  412,  -1,  350, 178,  113.0,  23,  Nuc2162687,  1472,  0, 0, 0, , 0, 0, 0, 0, 0,
408,  1,  407,  413,  -1,  299, 236,  133.0,  23,  Nuc2162701,  1858,  0, 0, 0, , 0, 0, 0, 0, 0,
409,  1,  408,  414,  -1,  332, 209,  128.0,  23,  Nuc2162713,  2285,  0, 0, 0, , 0, 0, 0, 0, 0,
410,  1,  410,  415,  -1,  304, 526,  145.0,  21,  Nuc2162730,  2469,  0, 0, 0, , 0, 0, 0, 0, 0,
411,  1,  411,  416,  -1,  230, 498,  141.0,  23,  Nuc2162741,  1044,  0, 0, 0, , 0, 0, 0, 0, 0,
412,  1,  411,  417,  -1,  279, 499,  141.0,  21,  Nuc2162744,  2235,  0, 0, 0, , 0, 0, 0, 0, 0,
413,  1,  412,  -1,  -1,  317, 387,  127.0,  23,  Nuc2162918,  878,  0, 0, 0, , 0, 0, 0, 0, 0,
414,  1,  413,  -1,  -1,  224, 348,  130.0,  23,  Nuc2162920,  1253,  0, 0, 0, , 0, 0, 0, 0, 0,
415,  1,  413,  418,  -1,  272, 367,  125.0,  23,  Nuc2162921,  2370,  0, 0, 0, , 0, 0, 0, 0, 0,
416,  1,  414,  -1,  -1,  273, 302,  140.0,  21,  Nuc2163349,  3037,  0, 0, 0, , 0, 0, 0, 0, 0,
417,  1,  414,  419,  -1,  274, 306,  136.0,  21,  Nuc2163350,  3078,  0, 0, 0, , 0, 0, 0, 0, 0,
418,  1,  415,  420,  -1,  236, 279,  126.0,  25,  Nuc2163359,  986,  0, 0, 0, , 0, 0, 0, 0, 0,
419,  1,  415,  421,  -1,  243, 277,  132.0,  23,  Nuc2163365,  1708,  0, 0, 0, , 0, 0, 0, 0, 0,
420,  1,  416,  422,  -1,  309, 657,  128.0,  23,  Nuc2163374,  1156,  0, 0, 0, , 0, 0, 0, 0, 0,
421,  1,  417,  423,  -1,  340, 702,  125.0,  23,  Nuc2163380,  1846,  0, 0, 0, , 0, 0, 0, 0, 0,
422,  1,  418,  424,  -1,  248, 588,  146.0,  21,  Nuc2163392,  966,  0, 0, 0, , 0, 0, 0, 0, 0,
423,  1,  419,  425,  -1,  246, 651,  142.0,  23,  Nuc2163399,  1074,  0, 0, 0, , 0, 0, 0, 0, 0,
424,  1,  420,  426,  -1,  212, 607,  141.0,  21,  Nuc2163407,  2590,  0, 0, 0, , 0, 0, 0, 0, 0,
425,  1,  421,  -1,  -1,  189, 432,  137.0,  23,  Nuc2163417,  517,  0, 0, 0, , 0, 0, 0, 0, 0,
426,  1,  422,  427,  -1,  216, 387,  142.0,  21,  Nuc2163419,  1333,  0, 0, 0, , 0, 0, 0, 0, 0,
427,  1,  -1,  428,  -1,  234, 457,  127.0,  25,  Nuc2163422,  621,  0, 0, 0, , 0, 0, 0, 0, 0,
