1,  1,  1,  1,  -1,  544, 962,  85.0,  23,  Nuc71,  2359,  0, 0, 0, , 0, 0, 0, 0, 0,
2,  1,  2,  2,  -1,  501, 921,  96.0,  25,  Nuc5287,  2639,  0, 0, 0, , 0, 0, 0, 0, 0,
3,  1,  3,  3,  -1,  445, 949,  85.0,  23,  Nuc7240,  2086,  0, 0, 0, , 0, 0, 0, 0, 0,
4,  1,  4,  4,  -1,  457, 804,  113.0,  21,  Nuc9529,  1665,  0, 0, 0, , 0, 0, 0, 0, 0,
5,  1,  5,  5,  -1,  432, 839,  110.0,  23,  Nuc24134,  3074,  0, 0, 0, , 0, 0, 0, 0, 0,
6,  1,  6,  6,  -1,  429, 896,  101.0,  25,  Nuc24154,  1399,  0, 0, 0, , 0, 0, 0, 0, 0,
7,  1,  7,  7,  -1,  476, 865,  105.0,  25,  Nuc24160,  2478,  0, 0, 0, , 0, 0, 0, 0, 0,
8,  1,  8,  8,  -1,  424, 906,  110.0,  23,  Nuc26091,  3746,  0, 0, 0, , 0, 0, 0, 0, 0,
9,  1,  9,  9,  -1,  480, 922,  108.0,  23,  Nuc28684,  3145,  0, 0, 0, , 0, 0, 0, 0, 0,
10,  1,  10,  10,  -1,  777, 883,  94.0,  23,  Nuc29678,  3515,  0, 0, 0, , 0, 0, 0, 0, 0,
11,  1,  11,  11,  -1,  723, 898,  101.0,  25,  Nuc34364,  3447,  0, 0, 0, , 0, 0, 0, 0, 0,
12,  1,  12,  12,  -1,  674, 895,  112.0,  23,  Nuc37589,  4047,  0, 0, 0, , 0, 0, 0, 0, 0,
13,  1,  13,  13,  -1,  658, 846,  112.0,  21,  Nuc40152,  3251,  0, 0, 0, , 0, 0, 0, 0, 0,
14,  1,  14,  14,  -1,  629, 902,  104.0,  23,  Nuc47893,  3456,  0, 0, 0, , 0, 0, 0, 0, 0,
15,  1,  15,  15,  -1,  590, 933,  100.0,  25,  Nuc49711,  3120,  0, 0, 0, , 0, 0, 0, 0, 0,
16,  1,  16,  16,  -1,  703, 926,  87.0,  23,  Nuc51564,  2851,  0, 0, 0, , 0, 0, 0, 0, 0,
17,  1,  17,  17,  -1,  631, 953,  83.0,  23,  Nuc61183,  2625,  0, 0, 0, , 0, 0, 0, 0, 0,
18,  1,  18,  18,  -1,  616, 828,  124.0,  21,  Nuc63990,  3574,  0, 0, 0, , 0, 0, 0, 0, 0,
19,  1,  19,  19,  -1,  625, 862,  132.0,  21,  Nuc64010,  3445,  0, 0, 0, , 0, 0, 0, 0, 0,
20,  1,  20,  20,  -1,  556, 810,  130.0,  21,  Nuc65782,  3028,  0, 0, 0, , 0, 0, 0, 0, 0,
21,  1,  21,  21,  -1,  528, 915,  105.0,  23,  Nuc69351,  4242,  0, 0, 0, , 0, 0, 0, 0, 0,
22,  1,  22,  22,  -1,  538, 867,  106.0,  25,  Nuc70677,  4189,  0, 0, 0, , 0, 0, 0, 0, 0,
23,  1,  23,  23,  -1,  575, 816,  116.0,  21,  Nuc73734,  2116,  0, 0, 0, , 0, 0, 0, 0, 0,
24,  1,  24,  24,  -1,  573, 868,  117.0,  23,  Nuc76203,  4035,  0, 0, 0, , 0, 0, 0, 0, 0,
25,  1,  25,  25,  -1,  596, 911,  115.0,  23,  Nuc88087,  3224,  0, 0, 0, , 0, 0, 0, 0, 0,
26,  1,  26,  26,  -1,  508, 775,  118.0,  21,  Nuc90602,  3510,  0, 0, 0, , 0, 0, 0, 0, 0,
27,  1,  27,  27,  -1,  403, 765,  135.0,  21,  Nuc102449,  1253,  0, 0, 0, , 0, 0, 0, 0, 0,
28,  1,  28,  28,  -1,  489, 818,  127.0,  21,  Nuc102467,  2633,  0, 0, 0, , 0, 0, 0, 0, 0,
29,  1,  29,  29,  -1,  508, 855,  118.0,  23,  Nuc144324,  4149,  0, 0, 0, , 0, 0, 0, 0, 0,
30,  1,  30,  30,  -1,  536, 900,  122.0,  23,  Nuc146057,  2840,  0, 0, 0, , 0, 0, 0, 0, 0,
31,  1,  31,  31,  -1,  455, 889,  119.0,  25,  Nuc146857,  4462,  0, 0, 0, , 0, 0, 0, 0, 0,
32,  1,  32,  32,  -1,  480, 870,  131.0,  23,  Nuc148368,  4949,  0, 0, 0, , 0, 0, 0, 0, 0,
33,  1,  33,  33,  -1,  361, 265,  155.0,  21,  Nuc152828,  1889,  0, 0, 0, , 0, 0, 0, 0, 0,
34,  1,  34,  34,  -1,  303, 283,  149.0,  23,  Nuc152834,  2485,  0, 0, 0, , 0, 0, 0, 0, 0,
35,  1,  35,  35,  -1,  666, 782,  124.0,  23,  Nuc152917,  3081,  0, 0, 0, , 0, 0, 0, 0, 0,
36,  1,  36,  36,  -1,  703, 736,  127.0,  23,  Nuc170127,  2884,  0, 0, 0, , 0, 0, 0, 0, 0,
37,  1,  37,  37,  -1,  688, 858,  121.0,  23,  Nuc173390,  4009,  0, 0, 0, , 0, 0, 0, 0, 0,
38,  1,  38,  38,  -1,  722, 815,  128.0,  23,  Nuc182364,  3929,  0, 0, 0, , 0, 0, 0, 0, 0,
39,  1,  39,  39,  -1,  713, 766,  145.0,  23,  Nuc190572,  3625,  0, 0, 0, , 0, 0, 0, 0, 0,
40,  1,  40,  40,  -1,  660, 748,  148.0,  23,  Nuc200251,  3591,  0, 0, 0, , 0, 0, 0, 0, 0,
41,  1,  41,  41,  -1,  672, 825,  139.0,  23,  Nuc205705,  4340,  0, 0, 0, , 0, 0, 0, 0, 0,
42,  1,  42,  42,  -1,  613, 800,  142.0,  23,  Nuc208538,  4665,  0, 0, 0, , 0, 0, 0, 0, 0,
43,  1,  43,  43,  -1,  824, 748,  116.0,  23,  Nuc209770,  4123,  0, 0, 0, , 0, 0, 0, 0, 0,
44,  1,  44,  44,  -1,  860, 772,  112.0,  23,  Nuc214937,  4237,  0, 0, 0, , 0, 0, 0, 0, 0,
45,  1,  45,  45,  -1,  878, 784,  94.0,  25,  Nuc215666,  3812,  0, 0, 0, , 0, 0, 0, 0, 0,
46,  1,  46,  46,  -1,  828, 834,  98.0,  25,  Nuc220669,  3900,  0, 0, 0, , 0, 0, 0, 0, 0,
47,  1,  47,  47,  -1,  787, 804,  123.0,  25,  Nuc230385,  4801,  0, 0, 0, , 0, 0, 0, 0, 0,
48,  1,  48,  48,  -1,  749, 773,  118.0,  21,  Nuc230682,  3820,  0, 0, 0, , 0, 0, 0, 0, 0,
49,  1,  49,  49,  -1,  736, 852,  114.0,  25,  Nuc248280,  4749,  0, 0, 0, , 0, 0, 0, 0, 0,
50,  1,  50,  50,  -1,  789, 826,  112.0,  23,  Nuc249181,  4495,  0, 0, 0, , 0, 0, 0, 0, 0,
51,  1,  51,  51,  -1,  773, 189,  107.0,  23,  Nuc251891,  3148,  0, 0, 0, , 0, 0, 0, 0, 0,
52,  1,  52,  52,  -1,  828, 225,  98.0,  25,  Nuc255966,  3559,  0, 0, 0, , 0, 0, 0, 0, 0,
53,  1,  53,  53,  -1,  631, 223,  113.0,  25,  Nuc260720,  2634,  0, 0, 0, , 0, 0, 0, 0, 0,
54,  1,  54,  54,  -1,  704, 165,  106.0,  25,  Nuc261263,  3222,  0, 0, 0, , 0, 0, 0, 0, 0,
55,  1,  55,  55,  -1,  681, 214,  135.0,  23,  Nuc264764,  4154,  0, 0, 0, , 0, 0, 0, 0, 0,
56,  1,  56,  56,  -1,  630, 235,  128.0,  23,  Nuc268204,  2434,  0, 0, 0, , 0, 0, 0, 0, 0,
57,  1,  57,  57,  -1,  626, 178,  124.0,  23,  Nuc271245,  3995,  0, 0, 0, , 0, 0, 0, 0, 0,
58,  1,  58,  58,  -1,  710, 195,  123.0,  23,  Nuc272788,  3728,  0, 0, 0, , 0, 0, 0, 0, 0,
59,  1,  59,  59,  -1,  582, 294,  131.0,  23,  Nuc274992,  2259,  0, 0, 0, , 0, 0, 0, 0, 0,
60,  1,  60,  60,  -1,  545, 254,  137.0,  23,  Nuc280427,  2976,  0, 0, 0, , 0, 0, 0, 0, 0,
61,  1,  61,  61,  -1,  597, 199,  141.0,  23,  Nuc283138,  2963,  0, 0, 0, , 0, 0, 0, 0, 0,
62,  1,  62,  62,  -1,  614, 255,  145.0,  21,  Nuc285946,  3178,  0, 0, 0, , 0, 0, 0, 0, 0,
63,  1,  63,  63,  -1,  545, 221,  116.0,  23,  Nuc293764,  2139,  0, 0, 0, , 0, 0, 0, 0, 0,
64,  1,  64,  64,  -1,  547, 177,  128.0,  25,  Nuc293850,  3035,  0, 0, 0, , 0, 0, 0, 0, 0,
65,  1,  65,  65,  -1,  617, 139,  110.0,  23,  Nuc306840,  2622,  0, 0, 0, , 0, 0, 0, 0, 0,
66,  1,  66,  66,  -1,  581, 126,  108.0,  23,  Nuc310958,  3009,  0, 0, 0, , 0, 0, 0, 0, 0,
67,  1,  67,  67,  -1,  852, 293,  113.0,  23,  Nuc314330,  3182,  0, 0, 0, , 0, 0, 0, 0, 0,
68,  1,  68,  68,  -1,  901, 308,  101.0,  23,  Nuc317269,  3575,  0, 0, 0, , 0, 0, 0, 0, 0,
69,  1,  69,  69,  -1,  943, 444,  104.0,  23,  Nuc326416,  3120,  0, 0, 0, , 0, 0, 0, 0, 0,
70,  1,  70,  70,  -1,  934, 381,  109.0,  23,  Nuc330214,  4041,  0, 0, 0, , 0, 0, 0, 0, 0,
71,  1,  71,  71,  -1,  808, 262,  117.0,  23,  Nuc343682,  2932,  0, 0, 0, , 0, 0, 0, 0, 0,
72,  1,  72,  72,  -1,  776, 309,  127.0,  23,  Nuc348461,  3051,  0, 0, 0, , 0, 0, 0, 0, 0,
73,  1,  73,  73,  -1,  857, 335,  127.0,  21,  Nuc359693,  3495,  0, 0, 0, , 0, 0, 0, 0, 0,
74,  1,  74,  74,  -1,  812, 359,  121.0,  21,  Nuc361731,  3929,  0, 0, 0, , 0, 0, 0, 0, 0,
75,  1,  75,  75,  -1,  800, 364,  142.0,  23,  Nuc370614,  3982,  0, 0, 0, , 0, 0, 0, 0, 0,
76,  1,  76,  76,  -1,  750, 328,  150.0,  23,  Nuc382952,  4064,  0, 0, 0, , 0, 0, 0, 0, 0,
77,  1,  77,  77,  -1,  730, 366,  141.0,  23,  Nuc386092,  4212,  0, 0, 0, , 0, 0, 0, 0, 0,
78,  1,  78,  78,  -1,  732, 350,  126.0,  23,  Nuc391880,  3807,  0, 0, 0, , 0, 0, 0, 0, 0,
79,  1,  79,  79,  -1,  682, 282,  137.0,  21,  Nuc406981,  3321,  0, 0, 0, , 0, 0, 0, 0, 0,
80,  1,  80,  80,  -1,  700, 267,  123.0,  23,  Nuc424208,  3543,  0, 0, 0, , 0, 0, 0, 0, 0,
81,  1,  81,  81,  -1,  755, 272,  137.0,  21,  Nuc441251,  3806,  0, 0, 0, , 0, 0, 0, 0, 0,
82,  1,  82,  82,  -1,  763, 239,  121.0,  23,  Nuc442518,  3214,  0, 0, 0, , 0, 0, 0, 0, 0,
83,  1,  83,  83,  -1,  404, 138,  112.0,  23,  Nuc445522,  1949,  0, 0, 0, , 0, 0, 0, 0, 0,
84,  1,  84,  84,  -1,  447, 235,  119.0,  23,  Nuc450563,  1613,  0, 0, 0, , 0, 0, 0, 0, 0,
85,  1,  85,  85,  -1,  391, 218,  124.0,  23,  Nuc450572,  2620,  0, 0, 0, , 0, 0, 0, 0, 0,
86,  1,  86,  86,  -1,  411, 166,  125.0,  23,  Nuc450583,  3961,  0, 0, 0, , 0, 0, 0, 0, 0,
87,  1,  87,  87,  -1,  365, 214,  137.0,  23,  Nuc451865,  2733,  0, 0, 0, , 0, 0, 0, 0, 0,
88,  1,  88,  88,  -1,  433, 323,  129.0,  21,  Nuc452175,  2409,  0, 0, 0, , 0, 0, 0, 0, 0,
89,  1,  89,  89,  -1,  302, 326,  125.0,  23,  Nuc452189,  1559,  0, 0, 0, , 0, 0, 0, 0, 0,
90,  1,  90,  90,  -1,  337, 278,  125.0,  23,  Nuc452196,  2940,  0, 0, 0, , 0, 0, 0, 0, 0,
91,  1,  91,  91,  -1,  404, 286,  124.0,  21,  Nuc452211,  1969,  0, 0, 0, , 0, 0, 0, 0, 0,
92,  1,  92,  92,  -1,  414, 262,  138.0,  21,  Nuc452228,  2466,  0, 0, 0, , 0, 0, 0, 0, 0,
93,  1,  93,  93,  -1,  465, 128,  110.0,  23,  Nuc454685,  3267,  0, 0, 0, , 0, 0, 0, 0, 0,
94,  1,  94,  94,  -1,  517, 129,  112.0,  23,  Nuc454946,  3504,  0, 0, 0, , 0, 0, 0, 0, 0,
95,  1,  95,  95,  -1,  480, 163,  124.0,  23,  Nuc457661,  3606,  0, 0, 0, , 0, 0, 0, 0, 0,
96,  1,  96,  96,  -1,  478, 273,  141.0,  21,  Nuc460161,  2356,  0, 0, 0, , 0, 0, 0, 0, 0,
97,  1,  97,  97,  -1,  452, 222,  130.0,  23,  Nuc462235,  2904,  0, 0, 0, , 0, 0, 0, 0, 0,
98,  1,  98,  98,  -1,  493, 271,  130.0,  21,  Nuc462355,  1433,  0, 0, 0, , 0, 0, 0, 0, 0,
99,  1,  99,  99,  -1,  457, 185,  136.0,  23,  Nuc462391,  3520,  0, 0, 0, , 0, 0, 0, 0, 0,
100,  1,  100,  100,  -1,  511, 189,  139.0,  23,  Nuc465732,  3420,  0, 0, 0, , 0, 0, 0, 0, 0,
101,  1,  101,  101,  -1,  910, 631,  126.0,  25,  Nuc466303,  5439,  0, 0, 0, , 0, 0, 0, 0, 0,
102,  1,  102,  102,  -1,  883, 634,  117.0,  23,  Nuc466612,  3843,  0, 0, 0, , 0, 0, 0, 0, 0,
103,  1,  103,  103,  -1,  944, 673,  104.0,  25,  Nuc478796,  3894,  0, 0, 0, , 0, 0, 0, 0, 0,
104,  1,  104,  104,  -1,  963, 612,  107.0,  23,  Nuc487389,  3827,  0, 0, 0, , 0, 0, 0, 0, 0,
105,  1,  105,  105,  -1,  858, 708,  128.0,  23,  Nuc497669,  4283,  0, 0, 0, , 0, 0, 0, 0, 0,
106,  1,  106,  106,  -1,  823, 678,  124.0,  21,  Nuc500828,  3909,  0, 0, 0, , 0, 0, 0, 0, 0,
107,  1,  107,  107,  -1,  891, 701,  115.0,  25,  Nuc541248,  3806,  0, 0, 0, , 0, 0, 0, 0, 0,
108,  1,  108,  108,  -1,  920, 736,  103.0,  23,  Nuc543598,  3969,  0, 0, 0, , 0, 0, 0, 0, 0,
109,  1,  109,  109,  -1,  816, 682,  142.0,  23,  Nuc546729,  4853,  0, 0, 0, , 0, 0, 0, 0, 0,
110,  1,  110,  110,  -1,  781, 759,  133.0,  23,  Nuc574127,  3830,  0, 0, 0, , 0, 0, 0, 0, 0,
111,  1,  111,  111,  -1,  757, 696,  127.0,  23,  Nuc578604,  4095,  0, 0, 0, , 0, 0, 0, 0, 0,
112,  1,  112,  112,  -1,  770, 640,  130.0,  23,  Nuc590743,  4465,  0, 0, 0, , 0, 0, 0, 0, 0,
113,  1,  113,  113,  -1,  704, 676,  143.0,  23,  Nuc606143,  4663,  0, 0, 0, , 0, 0, 0, 0, 0,
114,  1,  114,  114,  -1,  666, 675,  155.0,  23,  Nuc634001,  4813,  0, 0, 0, , 0, 0, 0, 0, 0,
115,  1,  115,  115,  -1,  771, 723,  148.0,  23,  Nuc668722,  4067,  0, 0, 0, , 0, 0, 0, 0, 0,
116,  1,  116,  116,  -1,  718, 714,  158.0,  23,  Nuc673191,  4827,  0, 0, 0, , 0, 0, 0, 0, 0,
117,  1,  117,  117,  -1,  339, 769,  151.0,  23,  Nuc682075,  507,  0, 0, 0, , 0, 0, 0, 0, 0,
118,  1,  117,  118,  -1,  386, 724,  151.0,  23,  Nuc684217,  2254,  0, 0, 0, , 0, 0, 0, 0, 0,
119,  1,  118,  119,  -1,  419, 778,  147.0,  21,  Nuc685640,  1839,  0, 0, 0, , 0, 0, 0, 0, 0,
120,  1,  119,  120,  -1,  380, 817,  143.0,  23,  Nuc685664,  2856,  0, 0, 0, , 0, 0, 0, 0, 0,
121,  1,  120,  121,  -1,  430, 818,  137.0,  23,  Nuc686924,  2445,  0, 0, 0, , 0, 0, 0, 0, 0,
122,  1,  121,  122,  -1,  422, 860,  134.0,  23,  Nuc694117,  4067,  0, 0, 0, , 0, 0, 0, 0, 0,
123,  1,  123,  123,  -1,  335, 797,  128.0,  21,  Nuc694444,  3008,  0, 0, 0, , 0, 0, 0, 0, 0,
124,  1,  124,  124,  -1,  344, 834,  125.0,  23,  Nuc695092,  3260,  0, 0, 0, , 0, 0, 0, 0, 0,
125,  1,  125,  125,  -1,  892, 386,  121.0,  21,  Nuc701817,  3783,  0, 0, 0, , 0, 0, 0, 0, 0,
126,  1,  126,  126,  -1,  905, 436,  123.0,  21,  Nuc726383,  3681,  0, 0, 0, , 0, 0, 0, 0, 0,
127,  1,  127,  127,  -1,  905, 494,  122.0,  23,  Nuc727171,  3628,  0, 0, 0, , 0, 0, 0, 0, 0,
128,  1,  128,  128,  -1,  952, 480,  120.0,  21,  Nuc733899,  3650,  0, 0, 0, , 0, 0, 0, 0, 0,
129,  1,  129,  129,  -1,  841, 417,  126.0,  23,  Nuc736779,  3825,  0, 0, 0, , 0, 0, 0, 0, 0,
130,  1,  130,  130,  -1,  869, 411,  139.0,  23,  Nuc740824,  4073,  0, 0, 0, , 0, 0, 0, 0, 0,
131,  1,  131,  131,  -1,  849, 485,  135.0,  21,  Nuc744080,  4407,  0, 0, 0, , 0, 0, 0, 0, 0,
132,  1,  132,  132,  -1,  866, 511,  148.0,  23,  Nuc755987,  3948,  0, 0, 0, , 0, 0, 0, 0, 0,
133,  1,  133,  133,  -1,  780, 422,  132.0,  21,  Nuc765562,  3496,  0, 0, 0, , 0, 0, 0, 0, 0,
134,  1,  134,  134,  -1,  794, 468,  127.0,  23,  Nuc767139,  2572,  0, 0, 0, , 0, 0, 0, 0, 0,
135,  1,  135,  135,  -1,  727, 509,  146.0,  23,  Nuc777279,  4258,  0, 0, 0, , 0, 0, 0, 0, 0,
136,  1,  136,  136,  -1,  784, 525,  139.0,  23,  Nuc781781,  3241,  0, 0, 0, , 0, 0, 0, 0, 0,
137,  1,  137,  137,  -1,  786, 487,  158.0,  23,  Nuc781834,  4765,  0, 0, 0, , 0, 0, 0, 0, 0,
138,  1,  138,  138,  -1,  824, 446,  151.0,  23,  Nuc786042,  5027,  0, 0, 0, , 0, 0, 0, 0, 0,
139,  1,  139,  139,  -1,  756, 414,  157.0,  23,  Nuc787829,  5016,  0, 0, 0, , 0, 0, 0, 0, 0,
140,  1,  140,  140,  -1,  713, 444,  155.0,  23,  Nuc795091,  4070,  0, 0, 0, , 0, 0, 0, 0, 0,
141,  1,  141,  141,  -1,  818, 569,  134.0,  23,  Nuc799533,  5046,  0, 0, 0, , 0, 0, 0, 0, 0,
142,  1,  142,  142,  -1,  792, 607,  144.0,  21,  Nuc842578,  4258,  0, 0, 0, , 0, 0, 0, 0, 0,
143,  1,  143,  143,  -1,  864, 632,  137.0,  21,  Nuc846762,  5409,  0, 0, 0, , 0, 0, 0, 0, 0,
144,  1,  144,  144,  -1,  878, 568,  139.0,  21,  Nuc851363,  5152,  0, 0, 0, , 0, 0, 0, 0, 0,
145,  1,  145,  145,  -1,  849, 591,  124.0,  23,  Nuc855297,  4214,  0, 0, 0, , 0, 0, 0, 0, 0,
146,  1,  146,  146,  -1,  855, 523,  123.0,  21,  Nuc886402,  4769,  0, 0, 0, , 0, 0, 0, 0, 0,
147,  1,  147,  147,  -1,  915, 566,  117.0,  23,  Nuc895744,  4927,  0, 0, 0, , 0, 0, 0, 0, 0,
148,  1,  148,  148,  -1,  930, 566,  129.0,  23,  Nuc902819,  5389,  0, 0, 0, , 0, 0, 0, 0, 0,
149,  1,  149,  149,  -1,  970, 545,  111.0,  25,  Nuc906527,  4505,  0, 0, 0, , 0, 0, 0, 0, 0,
150,  1,  150,  150,  -1,  956, 504,  107.0,  25,  Nuc907627,  3887,  0, 0, 0, , 0, 0, 0, 0, 0,
151,  1,  151,  151,  -1,  754, 571,  129.0,  23,  Nuc911908,  2452,  0, 0, 0, , 0, 0, 0, 0, 0,
152,  1,  152,  152,  -1,  721, 587,  141.0,  21,  Nuc938599,  4929,  0, 0, 0, , 0, 0, 0, 0, 0,
153,  1,  153,  153,  -1,  770, 654,  158.0,  23,  Nuc953007,  5580,  0, 0, 0, , 0, 0, 0, 0, 0,
154,  1,  154,  154,  -1,  755, 597,  166.0,  23,  Nuc954602,  5816,  0, 0, 0, , 0, 0, 0, 0, 0,
155,  1,  155,  155,  -1,  733, 602,  157.0,  23,  Nuc956971,  5042,  0, 0, 0, , 0, 0, 0, 0, 0,
156,  1,  156,  156,  -1,  834, 599,  152.0,  23,  Nuc966771,  5400,  0, 0, 0, , 0, 0, 0, 0, 0,
157,  1,  157,  157,  -1,  800, 550,  159.0,  23,  Nuc967920,  5797,  0, 0, 0, , 0, 0, 0, 0, 0,
158,  1,  158,  158,  -1,  531, 578,  145.0,  23,  Nuc1024126,  4336,  0, 0, 0, , 0, 0, 0, 0, 0,
159,  1,  159,  159,  -1,  481, 592,  145.0,  23,  Nuc1056922,  3339,  0, 0, 0, , 0, 0, 0, 0, 0,
160,  1,  160,  160,  -1,  284, 820,  114.0,  21,  Nuc1057057,  2320,  0, 0, 0, , 0, 0, 0, 0, 0,
161,  1,  161,  161,  162,  288, 773,  120.0,  23,  Nuc1057168,  2834,  0, 0, 0, , 0, 0, 0, 0, 0,
162,  1,  162,  163,  -1,  280, 736,  143.0,  23,  Nuc1057289,  3298,  0, 0, 0, , 0, 0, 0, 0, 0,
163,  1,  163,  -1,  -1,  250, 745,  131.0,  23,  Nuc1057301,  969,  0, 0, 0, , 0, 0, 0, 0, 0,
164,  1,  163,  164,  -1,  303, 763,  132.0,  21,  Nuc1057302,  2179,  0, 0, 0, , 0, 0, 0, 0, 0,
165,  1,  164,  165,  -1,  483, 713,  125.0,  23,  Nuc1057347,  2959,  0, 0, 0, , 0, 0, 0, 0, 0,
166,  1,  165,  166,  167,  367, 743,  136.0,  21,  Nuc1057658,  2340,  0, 0, 0, , 0, 0, 0, 0, 0,
167,  1,  166,  168,  -1,  459, 742,  139.0,  23,  Nuc1057681,  3094,  0, 0, 0, , 0, 0, 0, 0, 0,
168,  1,  167,  169,  -1,  439, 687,  145.0,  23,  Nuc1057745,  3041,  0, 0, 0, , 0, 0, 0, 0, 0,
169,  1,  168,  170,  -1,  481, 715,  149.0,  23,  Nuc1057763,  2199,  0, 0, 0, , 0, 0, 0, 0, 0,
170,  1,  169,  171,  -1,  505, 582,  128.0,  23,  Nuc1057915,  3493,  0, 0, 0, , 0, 0, 0, 0, 0,
171,  1,  171,  172,  -1,  592, 642,  131.0,  23,  Nuc1058195,  3659,  0, 0, 0, , 0, 0, 0, 0, 0,
172,  1,  173,  173,  -1,  565, 651,  145.0,  23,  Nuc1062373,  2227,  0, 0, 0, , 0, 0, 0, 0, 0,
173,  1,  174,  174,  -1,  549, 696,  137.0,  23,  Nuc1091592,  3511,  0, 0, 0, , 0, 0, 0, 0, 0,
174,  1,  175,  175,  -1,  554, 699,  125.0,  23,  Nuc1092037,  4193,  0, 0, 0, , 0, 0, 0, 0, 0,
175,  1,  176,  176,  -1,  629, 635,  146.0,  21,  Nuc1102219,  1798,  0, 0, 0, , 0, 0, 0, 0, 0,
176,  1,  177,  177,  -1,  624, 689,  140.0,  21,  Nuc1124423,  3817,  0, 0, 0, , 0, 0, 0, 0, 0,
177,  1,  178,  178,  -1,  640, 696,  127.0,  23,  Nuc1129023,  3706,  0, 0, 0, , 0, 0, 0, 0, 0,
178,  1,  179,  179,  -1,  598, 750,  122.0,  23,  Nuc1145052,  4454,  0, 0, 0, , 0, 0, 0, 0, 0,
179,  1,  180,  180,  -1,  614, 751,  133.0,  21,  Nuc1145225,  2813,  0, 0, 0, , 0, 0, 0, 0, 0,
180,  1,  181,  181,  -1,  407, 548,  136.0,  21,  Nuc1208206,  1189,  0, 0, 0, , 0, 0, 0, 0, 0,
181,  1,  182,  182,  -1,  458, 566,  136.0,  21,  Nuc1208214,  1860,  0, 0, 0, , 0, 0, 0, 0, 0,
182,  1,  183,  183,  -1,  464, 522,  130.0,  23,  Nuc1208667,  3181,  0, 0, 0, , 0, 0, 0, 0, 0,
183,  1,  184,  184,  -1,  517, 513,  132.0,  23,  Nuc1208685,  2956,  0, 0, 0, , 0, 0, 0, 0, 0,
184,  1,  185,  185,  -1,  568, 734,  147.0,  23,  Nuc1210623,  2850,  0, 0, 0, , 0, 0, 0, 0, 0,
185,  1,  186,  186,  -1,  554, 815,  150.0,  21,  Nuc1231752,  3675,  0, 0, 0, , 0, 0, 0, 0, 0,
186,  1,  187,  187,  -1,  547, 861,  136.0,  21,  Nuc1234871,  3195,  0, 0, 0, , 0, 0, 0, 0, 0,
187,  1,  188,  188,  -1,  463, 819,  150.0,  23,  Nuc1247461,  4165,  0, 0, 0, , 0, 0, 0, 0, 0,
188,  1,  189,  189,  -1,  481, 804,  142.0,  21,  Nuc1248926,  3477,  0, 0, 0, , 0, 0, 0, 0, 0,
189,  1,  190,  190,  -1,  510, 758,  156.0,  21,  Nuc1262380,  3411,  0, 0, 0, , 0, 0, 0, 0, 0,
190,  1,  191,  191,  -1,  470, 762,  162.0,  21,  Nuc1270025,  3733,  0, 0, 0, , 0, 0, 0, 0, 0,
191,  1,  192,  192,  -1,  678, 580,  131.0,  23,  Nuc1272774,  3457,  0, 0, 0, , 0, 0, 0, 0, 0,
192,  1,  193,  193,  -1,  677, 633,  131.0,  23,  Nuc1330332,  3208,  0, 0, 0, , 0, 0, 0, 0, 0,
193,  1,  194,  194,  -1,  656, 604,  151.0,  21,  Nuc1335664,  4809,  0, 0, 0, , 0, 0, 0, 0, 0,
194,  1,  195,  195,  -1,  600, 586,  138.0,  21,  Nuc1336682,  3763,  0, 0, 0, , 0, 0, 0, 0, 0,
195,  1,  196,  196,  -1,  568, 549,  133.0,  23,  Nuc1344451,  3098,  0, 0, 0, , 0, 0, 0, 0, 0,
196,  1,  197,  197,  -1,  624, 529,  134.0,  23,  Nuc1390597,  1956,  0, 0, 0, , 0, 0, 0, 0, 0,
197,  1,  198,  198,  -1,  689, 499,  129.0,  23,  Nuc1418352,  2662,  0, 0, 0, , 0, 0, 0, 0, 0,
198,  1,  199,  199,  -1,  481, 396,  147.0,  23,  Nuc1418793,  3131,  0, 0, 0, , 0, 0, 0, 0, 0,
199,  1,  200,  200,  -1,  393, 616,  162.0,  23,  Nuc1418873,  2171,  0, 0, 0, , 0, 0, 0, 0, 0,
200,  1,  201,  201,  -1,  416, 567,  155.0,  23,  Nuc1419059,  1592,  0, 0, 0, , 0, 0, 0, 0, 0,
201,  1,  202,  202,  -1,  423, 521,  152.0,  23,  Nuc1419072,  2742,  0, 0, 0, , 0, 0, 0, 0, 0,
202,  1,  203,  203,  -1,  424, 525,  179.0,  23,  Nuc1419104,  4306,  0, 0, 0, , 0, 0, 0, 0, 0,
203,  1,  204,  204,  -1,  433, 551,  167.0,  23,  Nuc1419550,  2447,  0, 0, 0, , 0, 0, 0, 0, 0,
204,  1,  206,  -1,  -1,  424, 502,  129.0,  25,  Nuc1426698,  1016,  0, 0, 0, , 0, 0, 0, 0, 0,
205,  1,  207,  205,  -1,  415, 451,  127.0,  23,  Nuc1426700,  1601,  0, 0, 0, , 0, 0, 0, 0, 0,
206,  1,  208,  206,  -1,  514, 444,  128.0,  23,  Nuc1426706,  4621,  0, 0, 0, , 0, 0, 0, 0, 0,
207,  1,  209,  207,  208,  470, 467,  126.0,  25,  Nuc1427157,  4021,  0, 0, 0, , 0, 0, 0, 0, 0,
208,  1,  210,  209,  -1,  634, 472,  129.0,  23,  Nuc1431519,  5021,  0, 0, 0, , 0, 0, 0, 0, 0,
209,  1,  211,  210,  -1,  568, 468,  130.0,  23,  Nuc1453057,  4174,  0, 0, 0, , 0, 0, 0, 0, 0,
210,  1,  212,  211,  -1,  459, 504,  162.0,  21,  Nuc1468268,  2909,  0, 0, 0, , 0, 0, 0, 0, 0,
211,  1,  213,  212,  -1,  473, 517,  152.0,  21,  Nuc1468877,  3737,  0, 0, 0, , 0, 0, 0, 0, 0,
212,  1,  214,  213,  -1,  504, 532,  143.0,  21,  Nuc1476764,  2482,  0, 0, 0, , 0, 0, 0, 0, 0,
213,  1,  215,  214,  -1,  443, 421,  156.0,  27,  Nuc1476779,  3471,  0, 0, 0, , 0, 0, 0, 0, 0,
214,  1,  216,  215,  -1,  481, 456,  150.0,  23,  Nuc1483131,  2754,  0, 0, 0, , 0, 0, 0, 0, 0,
215,  1,  217,  -1,  -1,  481, 451,  142.0,  25,  Nuc1483142,  1504,  0, 0, 0, , 0, 0, 0, 0, 0,
216,  1,  217,  216,  -1,  519, 478,  142.0,  21,  Nuc1483143,  2199,  0, 0, 0, , 0, 0, 0, 0, 0,
217,  1,  218,  217,  218,  370, 379,  165.0,  23,  Nuc1483238,  2676,  0, 0, 0, , 0, 0, 0, 0, 0,
218,  1,  219,  219,  -1,  333, 369,  170.0,  23,  Nuc1492374,  3175,  0, 0, 0, , 0, 0, 0, 0, 0,
219,  1,  220,  220,  -1,  304, 475,  163.0,  21,  Nuc1492482,  707,  0, 0, 0, , 0, 0, 0, 0, 0,
220,  1,  221,  221,  -1,  286, 435,  167.0,  23,  Nuc1492492,  2244,  0, 0, 0, , 0, 0, 0, 0, 0,
221,  1,  222,  222,  -1,  407, 378,  177.0,  23,  Nuc1493016,  4574,  0, 0, 0, , 0, 0, 0, 0, 0,
222,  1,  223,  223,  -1,  389, 422,  154.0,  21,  Nuc1493166,  2472,  0, 0, 0, , 0, 0, 0, 0, 0,
223,  1,  224,  224,  -1,  418, 470,  154.0,  21,  Nuc1493170,  1687,  0, 0, 0, , 0, 0, 0, 0, 0,
224,  1,  225,  225,  -1,  315, 402,  158.0,  21,  Nuc1493186,  1915,  0, 0, 0, , 0, 0, 0, 0, 0,
225,  1,  226,  -1,  -1,  349, 431,  171.0,  23,  Nuc1493196,  1883,  0, 0, 0, , 0, 0, 0, 0, 0,
226,  1,  226,  226,  -1,  382, 425,  161.0,  21,  Nuc1493197,  2663,  0, 0, 0, , 0, 0, 0, 0, 0,
227,  1,  227,  227,  -1,  463, 293,  166.0,  21,  Nuc1493238,  2080,  0, 0, 0, , 0, 0, 0, 0, 0,
228,  1,  229,  -1,  -1,  333, 331,  162.0,  21,  Nuc1493619,  1903,  0, 0, 0, , 0, 0, 0, 0, 0,
229,  1,  229,  228,  -1,  331, 333,  158.0,  19,  Nuc1493620,  1903,  0, 0, 0, , 0, 0, 0, 0, 0,
230,  1,  230,  229,  -1,  396, 322,  165.0,  23,  Nuc1493778,  3648,  0, 0, 0, , 0, 0, 0, 0, 0,
231,  1,  231,  230,  -1,  422, 368,  156.0,  21,  Nuc1494682,  2240,  0, 0, 0, , 0, 0, 0, 0, 0,
232,  1,  232,  231,  -1,  337, 277,  137.0,  23,  Nuc1494734,  3288,  0, 0, 0, , 0, 0, 0, 0, 0,
233,  1,  233,  232,  -1,  394, 321,  145.0,  23,  Nuc1496190,  2184,  0, 0, 0, , 0, 0, 0, 0, 0,
234,  1,  234,  233,  -1,  429, 263,  156.0,  23,  Nuc1496380,  4192,  0, 0, 0, , 0, 0, 0, 0, 0,
235,  1,  235,  234,  -1,  421, 214,  146.0,  21,  Nuc1497066,  2662,  0, 0, 0, , 0, 0, 0, 0, 0,
236,  1,  236,  235,  236,  669, 304,  151.0,  23,  Nuc1500740,  3036,  0, 0, 0, , 0, 0, 0, 0, 0,
237,  1,  237,  237,  238,  632, 350,  163.0,  23,  Nuc1503371,  3774,  0, 0, 0, , 0, 0, 0, 0, 0,
238,  1,  238,  239,  -1,  626, 406,  153.0,  23,  Nuc1508351,  2965,  0, 0, 0, , 0, 0, 0, 0, 0,
239,  1,  239,  240,  241,  672, 384,  142.0,  23,  Nuc1510136,  4012,  0, 0, 0, , 0, 0, 0, 0, 0,
240,  1,  240,  242,  -1,  614, 404,  130.0,  23,  Nuc1514883,  2461,  0, 0, 0, , 0, 0, 0, 0, 0,
241,  1,  241,  243,  -1,  563, 405,  141.0,  23,  Nuc1514904,  2483,  0, 0, 0, , 0, 0, 0, 0, 0,
242,  1,  242,  244,  -1,  651, 328,  126.0,  21,  Nuc1545776,  3022,  0, 0, 0, , 0, 0, 0, 0, 0,
243,  1,  243,  245,  -1,  603, 338,  144.0,  23,  Nuc1551440,  2948,  0, 0, 0, , 0, 0, 0, 0, 0,
244,  1,  244,  246,  -1,  470, 335,  153.0,  23,  Nuc1553376,  2325,  0, 0, 0, , 0, 0, 0, 0, 0,
245,  1,  245,  247,  -1,  539, 336,  138.0,  21,  Nuc1560743,  1209,  0, 0, 0, , 0, 0, 0, 0, 0,
246,  1,  246,  248,  -1,  545, 276,  152.0,  23,  Nuc1572644,  3216,  0, 0, 0, , 0, 0, 0, 0, 0,
247,  1,  247,  249,  -1,  503, 231,  153.0,  23,  Nuc1575666,  2757,  0, 0, 0, , 0, 0, 0, 0, 0,
248,  1,  248,  250,  -1,  595, 273,  159.0,  21,  Nuc1577628,  3694,  0, 0, 0, , 0, 0, 0, 0, 0,
249,  1,  249,  251,  -1,  580, 332,  165.0,  23,  Nuc1581761,  4040,  0, 0, 0, , 0, 0, 0, 0, 0,
250,  1,  250,  252,  -1,  464, 360,  173.0,  21,  Nuc1584298,  2833,  0, 0, 0, , 0, 0, 0, 0, 0,
251,  1,  251,  253,  -1,  513, 321,  169.0,  21,  Nuc1584423,  3476,  0, 0, 0, , 0, 0, 0, 0, 0,
252,  1,  252,  254,  -1,  651, 467,  151.0,  21,  Nuc1584597,  6743,  0, 0, 0, , 0, 0, 0, 0, 0,
253,  1,  253,  255,  -1,  666, 451,  139.0,  21,  Nuc1602921,  2513,  0, 0, 0, , 0, 0, 0, 0, 0,
254,  1,  254,  256,  -1,  725, 433,  130.0,  21,  Nuc1622769,  3766,  0, 0, 0, , 0, 0, 0, 0, 0,
255,  1,  255,  257,  -1,  680, 412,  127.0,  23,  Nuc1639853,  3055,  0, 0, 0, , 0, 0, 0, 0, 0,
256,  1,  256,  258,  -1,  646, 528,  166.0,  23,  Nuc1640588,  8477,  0, 0, 0, , 0, 0, 0, 0, 0,
257,  1,  257,  259,  -1,  664, 504,  142.0,  23,  Nuc1643535,  8922,  0, 0, 0, , 0, 0, 0, 0, 0,
258,  1,  258,  260,  -1,  641, 530,  150.0,  23,  Nuc1647666,  5143,  0, 0, 0, , 0, 0, 0, 0, 0,
259,  1,  259,  261,  -1,  691, 575,  157.0,  23,  Nuc1703105,  10784,  0, 0, 0, , 0, 0, 0, 0, 0,
260,  1,  260,  262,  -1,  676, 548,  157.0,  21,  Nuc1707832,  6164,  0, 0, 0, , 0, 0, 0, 0, 0,
261,  1,  261,  263,  -1,  663, 561,  144.0,  23,  Nuc1707966,  6043,  0, 0, 0, , 0, 0, 0, 0, 0,
262,  1,  262,  264,  -1,  697, 545,  137.0,  23,  Nuc1738829,  5876,  0, 0, 0, , 0, 0, 0, 0, 0,
263,  1,  263,  265,  -1,  512, 497,  154.0,  21,  Nuc1740630,  4783,  0, 0, 0, , 0, 0, 0, 0, 0,
264,  1,  264,  266,  -1,  529, 537,  157.0,  23,  Nuc1750718,  7598,  0, 0, 0, , 0, 0, 0, 0, 0,
265,  1,  265,  267,  -1,  577, 530,  146.0,  23,  Nuc1754968,  6182,  0, 0, 0, , 0, 0, 0, 0, 0,
266,  1,  266,  268,  -1,  553, 580,  153.0,  21,  Nuc1755558,  6641,  0, 0, 0, , 0, 0, 0, 0, 0,
267,  1,  267,  269,  -1,  528, 521,  172.0,  23,  Nuc1759775,  5374,  0, 0, 0, , 0, 0, 0, 0, 0,
268,  1,  268,  270,  -1,  534, 473,  173.0,  23,  Nuc1762245,  6720,  0, 0, 0, , 0, 0, 0, 0, 0,
269,  1,  269,  271,  -1,  488, 501,  179.0,  23,  Nuc1763426,  6284,  0, 0, 0, , 0, 0, 0, 0, 0,
270,  1,  270,  -1,  -1,  440, 483,  174.0,  21,  Nuc1763571,  1811,  0, 0, 0, , 0, 0, 0, 0, 0,
271,  1,  271,  272,  -1,  489, 447,  169.0,  23,  Nuc1763591,  3386,  0, 0, 0, , 0, 0, 0, 0, 0,
272,  1,  272,  273,  -1,  438, 419,  168.0,  23,  Nuc1765094,  4348,  0, 0, 0, , 0, 0, 0, 0, 0,
273,  1,  273,  274,  -1,  506, 493,  167.0,  23,  Nuc1772028,  5260,  0, 0, 0, , 0, 0, 0, 0, 0,
274,  1,  274,  275,  -1,  485, 569,  158.0,  21,  Nuc1773083,  2779,  0, 0, 0, , 0, 0, 0, 0, 0,
275,  1,  275,  276,  -1,  426, 726,  166.0,  21,  Nuc1773189,  3902,  0, 0, 0, , 0, 0, 0, 0, 0,
276,  1,  276,  277,  -1,  407, 669,  160.0,  21,  Nuc1783546,  3271,  0, 0, 0, , 0, 0, 0, 0, 0,
277,  1,  277,  278,  -1,  338, 582,  161.0,  23,  Nuc1784091,  1872,  0, 0, 0, , 0, 0, 0, 0, 0,
278,  1,  278,  279,  -1,  377, 651,  169.0,  21,  Nuc1784124,  3368,  0, 0, 0, , 0, 0, 0, 0, 0,
279,  1,  278,  280,  -1,  362, 700,  167.0,  23,  Nuc1784126,  2805,  0, 0, 0, , 0, 0, 0, 0, 0,
280,  1,  279,  281,  -1,  311, 699,  159.0,  23,  Nuc1784505,  2269,  0, 0, 0, , 0, 0, 0, 0, 0,
281,  1,  280,  282,  283,  275, 597,  162.0,  19,  Nuc1785277,  640,  0, 0, 0, , 0, 0, 0, 0, 0,
282,  1,  281,  284,  -1,  307, 618,  161.0,  21,  Nuc1785355,  2723,  0, 0, 0, , 0, 0, 0, 0, 0,
283,  1,  281,  285,  286,  307, 617,  156.0,  21,  Nuc1787967,  2703,  0, 0, 0, , 0, 0, 0, 0, 0,
284,  1,  282,  287,  -1,  427, 604,  167.0,  21,  Nuc1787987,  1865,  0, 0, 0, , 0, 0, 0, 0, 0,
285,  1,  283,  288,  -1,  351, 602,  170.0,  21,  Nuc1793851,  1178,  0, 0, 0, , 0, 0, 0, 0, 0,
286,  1,  284,  289,  -1,  352, 608,  176.0,  21,  Nuc1793866,  1633,  0, 0, 0, , 0, 0, 0, 0, 0,
287,  1,  285,  290,  -1,  377, 648,  174.0,  21,  Nuc1794053,  3427,  0, 0, 0, , 0, 0, 0, 0, 0,
288,  1,  286,  291,  -1,  468, 422,  182.0,  23,  Nuc1794132,  3471,  0, 0, 0, , 0, 0, 0, 0, 0,
289,  1,  287,  292,  -1,  548, 420,  178.0,  21,  Nuc1794475,  4079,  0, 0, 0, , 0, 0, 0, 0, 0,
290,  1,  288,  293,  -1,  526, 367,  174.0,  21,  Nuc1795188,  4432,  0, 0, 0, , 0, 0, 0, 0, 0,
291,  1,  289,  294,  -1,  631, 460,  168.0,  23,  Nuc1800340,  4745,  0, 0, 0, , 0, 0, 0, 0, 0,
292,  1,  290,  295,  -1,  616, 407,  174.0,  21,  Nuc1842031,  4845,  0, 0, 0, , 0, 0, 0, 0, 0,
293,  1,  291,  296,  -1,  700, 372,  161.0,  21,  Nuc1848884,  5281,  0, 0, 0, , 0, 0, 0, 0, 0,
294,  1,  292,  297,  -1,  683, 414,  168.0,  21,  Nuc1849850,  5949,  0, 0, 0, , 0, 0, 0, 0, 0,
295,  1,  293,  298,  -1,  653, 503,  177.0,  25,  Nuc1850314,  6417,  0, 0, 0, , 0, 0, 0, 0, 0,
296,  1,  294,  299,  -1,  681, 463,  174.0,  23,  Nuc1850860,  6810,  0, 0, 0, , 0, 0, 0, 0, 0,
297,  1,  295,  300,  -1,  745, 465,  167.0,  23,  Nuc1851818,  6238,  0, 0, 0, , 0, 0, 0, 0, 0,
298,  1,  296,  301,  -1,  698, 509,  167.0,  23,  Nuc1854177,  7514,  0, 0, 0, , 0, 0, 0, 0, 0,
299,  1,  297,  302,  -1,  743, 517,  169.0,  21,  Nuc1858796,  6185,  0, 0, 0, , 0, 0, 0, 0, 0,
300,  1,  298,  303,  -1,  637, 580,  168.0,  23,  Nuc1862228,  3573,  0, 0, 0, , 0, 0, 0, 0, 0,
301,  1,  299,  304,  -1,  682, 569,  173.0,  23,  Nuc1863114,  4180,  0, 0, 0, , 0, 0, 0, 0, 0,
302,  1,  300,  305,  -1,  751, 544,  157.0,  23,  Nuc1867440,  6270,  0, 0, 0, , 0, 0, 0, 0, 0,
303,  1,  301,  306,  -1,  714, 542,  163.0,  21,  Nuc1867571,  5697,  0, 0, 0, , 0, 0, 0, 0, 0,
304,  1,  302,  307,  -1,  731, 553,  171.0,  21,  Nuc1868206,  5437,  0, 0, 0, , 0, 0, 0, 0, 0,
305,  1,  303,  308,  -1,  475, 682,  177.0,  23,  Nuc1869402,  3967,  0, 0, 0, , 0, 0, 0, 0, 0,
306,  1,  304,  309,  -1,  424, 673,  175.0,  25,  Nuc1869779,  5051,  0, 0, 0, , 0, 0, 0, 0, 0,
307,  1,  305,  310,  -1,  630, 706,  168.0,  21,  Nuc1870009,  5027,  0, 0, 0, , 0, 0, 0, 0, 0,
308,  1,  306,  311,  -1,  597, 689,  158.0,  21,  Nuc1871464,  4884,  0, 0, 0, , 0, 0, 0, 0, 0,
309,  1,  307,  312,  -1,  618, 776,  154.0,  23,  Nuc1876969,  5011,  0, 0, 0, , 0, 0, 0, 0, 0,
310,  1,  308,  313,  -1,  573, 756,  163.0,  23,  Nuc1880455,  5250,  0, 0, 0, , 0, 0, 0, 0, 0,
311,  1,  309,  314,  -1,  522, 649,  178.0,  21,  Nuc1883053,  4762,  0, 0, 0, , 0, 0, 0, 0, 0,
312,  1,  310,  315,  -1,  563, 660,  172.0,  23,  Nuc1886238,  5198,  0, 0, 0, , 0, 0, 0, 0, 0,
313,  1,  311,  316,  -1,  493, 719,  171.0,  21,  Nuc1889468,  5261,  0, 0, 0, , 0, 0, 0, 0, 0,
314,  1,  312,  317,  -1,  552, 719,  168.0,  23,  Nuc1890975,  5163,  0, 0, 0, , 0, 0, 0, 0, 0,
315,  1,  313,  318,  -1,  628, 644,  171.0,  23,  Nuc1892165,  4627,  0, 0, 0, , 0, 0, 0, 0, 0,
316,  1,  314,  319,  -1,  692, 645,  166.0,  23,  Nuc1918903,  5078,  0, 0, 0, , 0, 0, 0, 0, 0,
317,  1,  315,  320,  -1,  577, 617,  179.0,  23,  Nuc1921294,  5122,  0, 0, 0, , 0, 0, 0, 0, 0,
318,  1,  316,  321,  -1,  576, 562,  179.0,  23,  Nuc1921417,  5642,  0, 0, 0, , 0, 0, 0, 0, 0,
319,  1,  317,  322,  -1,  579, 459,  180.0,  23,  Nuc1922092,  5693,  0, 0, 0, , 0, 0, 0, 0, 0,
320,  1,  318,  323,  -1,  626, 549,  178.0,  23,  Nuc1922192,  7348,  0, 0, 0, , 0, 0, 0, 0, 0,
321,  1,  319,  324,  -1,  507, 598,  183.0,  25,  Nuc1923308,  6387,  0, 0, 0, , 0, 0, 0, 0, 0,
322,  1,  320,  325,  -1,  454, 631,  182.0,  23,  Nuc1924247,  3174,  0, 0, 0, , 0, 0, 0, 0, 0,
323,  1,  321,  326,  -1,  445, 582,  181.0,  21,  Nuc1934141,  3517,  0, 0, 0, , 0, 0, 0, 0, 0,
324,  1,  322,  327,  -1,  471, 662,  165.0,  21,  Nuc1934282,  4312,  0, 0, 0, , 0, 0, 0, 0, 0,
325,  1,  323,  328,  -1,  521, 627,  156.0,  23,  Nuc1942137,  3777,  0, 0, 0, , 0, 0, 0, 0, 0,
326,  1,  324,  329,  -1,  460, 634,  155.0,  21,  Nuc1943201,  4237,  0, 0, 0, , 0, 0, 0, 0, 0,
327,  1,  325,  330,  -1,  526, 680,  159.0,  23,  Nuc1943235,  3682,  0, 0, 0, , 0, 0, 0, 0, 0,
328,  1,  326,  331,  -1,  533, 577,  169.0,  23,  Nuc1950068,  1492,  0, 0, 0, , 0, 0, 0, 0, 0,
329,  1,  327,  332,  -1,  488, 536,  168.0,  23,  Nuc1950334,  4434,  0, 0, 0, , 0, 0, 0, 0, 0,
330,  1,  328,  333,  -1,  488, 596,  171.0,  21,  Nuc1953396,  5277,  0, 0, 0, , 0, 0, 0, 0, 0,
331,  1,  329,  334,  -1,  402, 532,  186.0,  25,  Nuc1953746,  2129,  0, 0, 0, , 0, 0, 0, 0, 0,
332,  1,  330,  335,  -1,  394, 450,  184.0,  21,  Nuc1954717,  2840,  0, 0, 0, , 0, 0, 0, 0, 0,
333,  1,  331,  336,  -1,  495, 531,  185.0,  23,  Nuc1954951,  5483,  0, 0, 0, , 0, 0, 0, 0, 0,
334,  1,  332,  337,  -1,  570, 514,  183.0,  21,  Nuc1955388,  5380,  0, 0, 0, , 0, 0, 0, 0, 0,
335,  1,  333,  338,  -1,  533, 550,  182.0,  23,  Nuc1967358,  6164,  0, 0, 0, , 0, 0, 0, 0, 0,
336,  1,  334,  339,  -1,  512, 466,  184.0,  23,  Nuc1968450,  4984,  0, 0, 0, , 0, 0, 0, 0, 0,
337,  1,  335,  340,  -1,  447, 496,  186.0,  25,  Nuc1968612,  5173,  0, 0, 0, , 0, 0, 0, 0, 0,
338,  1,  336,  341,  -1,  590, 616,  159.0,  23,  Nuc1968849,  4653,  0, 0, 0, , 0, 0, 0, 0, 0,
339,  1,  337,  342,  -1,  593, 519,  171.0,  23,  Nuc2004973,  8473,  0, 0, 0, , 0, 0, 0, 0, 0,
340,  1,  338,  343,  -1,  593, 559,  158.0,  23,  Nuc2006245,  4470,  0, 0, 0, , 0, 0, 0, 0, 0,
341,  1,  339,  344,  -1,  400, 760,  160.0,  23,  Nuc2009257,  3494,  0, 0, 0, , 0, 0, 0, 0, 0,
342,  1,  340,  345,  -1,  557, 496,  163.0,  23,  Nuc2012797,  3879,  0, 0, 0, , 0, 0, 0, 0, 0,
343,  1,  341,  346,  347,  524, 369,  157.0,  21,  Nuc2021756,  4297,  0, 0, 0, , 0, 0, 0, 0, 0,
344,  1,  342,  348,  -1,  573, 405,  164.0,  23,  Nuc2024309,  5708,  0, 0, 0, , 0, 0, 0, 0, 0,
345,  1,  343,  349,  -1,  536, 438,  155.0,  21,  Nuc2034654,  5488,  0, 0, 0, , 0, 0, 0, 0, 0,
346,  1,  344,  350,  -1,  582, 459,  164.0,  23,  Nuc2034697,  6737,  0, 0, 0, , 0, 0, 0, 0, 0,
347,  1,  345,  351,  -1,  675, 507,  157.0,  21,  Nuc2034844,  7538,  0, 0, 0, , 0, 0, 0, 0, 0,
348,  1,  346,  352,  -1,  612, 501,  154.0,  23,  Nuc2054048,  7927,  0, 0, 0, , 0, 0, 0, 0, 0,
349,  1,  347,  -1,  -1,  253, 418,  156.0,  21,  Nuc2064310,  500,  0, 0, 0, , 0, 0, 0, 0, 0,
350,  1,  348,  353,  -1,  290, 456,  152.0,  23,  Nuc2064314,  2351,  0, 0, 0, , 0, 0, 0, 0, 0,
351,  1,  349,  -1,  -1,  344, 470,  149.0,  21,  Nuc2064472,  1672,  0, 0, 0, , 0, 0, 0, 0, 0,
352,  1,  350,  354,  -1,  250, 624,  156.0,  21,  Nuc2064588,  1206,  0, 0, 0, , 0, 0, 0, 0, 0,
353,  1,  351,  355,  -1,  307, 654,  147.0,  21,  Nuc2064669,  1489,  0, 0, 0, , 0, 0, 0, 0, 0,
354,  1,  352,  356,  -1,  321, 704,  142.0,  21,  Nuc2064680,  1711,  0, 0, 0, , 0, 0, 0, 0, 0,
355,  1,  353,  357,  -1,  448, 360,  139.0,  23,  Nuc2064828,  3794,  0, 0, 0, , 0, 0, 0, 0, 0,
356,  1,  354,  358,  -1,  491, 342,  120.0,  27,  Nuc2064904,  1583,  0, 0, 0, , 0, 0, 0, 0, 0,
357,  1,  355,  359,  360,  492, 340,  129.0,  25,  Nuc2064909,  2477,  0, 0, 0, , 0, 0, 0, 0, 0,
358,  1,  356,  361,  -1,  381, 381,  143.0,  23,  Nuc2070295,  2066,  0, 0, 0, , 0, 0, 0, 0, 0,
359,  1,  357,  362,  363,  358, 336,  124.0,  23,  Nuc2070323,  1667,  0, 0, 0, , 0, 0, 0, 0, 0,
360,  1,  358,  364,  365,  409, 383,  126.0,  23,  Nuc2070334,  1203,  0, 0, 0, , 0, 0, 0, 0, 0,
361,  1,  359,  366,  -1,  348, 550,  180.0,  23,  Nuc2070379,  3192,  0, 0, 0, , 0, 0, 0, 0, 0,
362,  1,  360,  367,  -1,  297, 560,  167.0,  23,  Nuc2070521,  2706,  0, 0, 0, , 0, 0, 0, 0, 0,
363,  1,  361,  368,  -1,  363, 803,  113.0,  21,  Nuc2070795,  254,  0, 0, 0, , 0, 0, 0, 0, 0,
364,  1,  361,  -1,  -1,  335, 839,  110.0,  25,  Nuc2071261,  1295,  0, 0, 0, , 0, 0, 0, 0, 0,
365,  1,  362,  369,  -1,  387, 834,  110.0,  21,  Nuc2071263,  1996,  0, 0, 0, , 0, 0, 0, 0, 0,
366,  1,  363,  370,  -1,  372, 889,  109.0,  21,  Nuc2071273,  1360,  0, 0, 0, , 0, 0, 0, 0, 0,
367,  1,  364,  371,  -1,  376, 903,  98.0,  23,  Nuc2080677,  1811,  0, 0, 0, , 0, 0, 0, 0, 0,
368,  1,  365,  372,  373,  418, 626,  140.0,  23,  Nuc2080741,  2297,  0, 0, 0, , 0, 0, 0, 0, 0,
369,  1,  366,  374,  -1,  374, 676,  139.0,  23,  Nuc2080778,  2909,  0, 0, 0, , 0, 0, 0, 0, 0,
370,  1,  367,  375,  376,  292, 355,  153.0,  21,  Nuc2080849,  1811,  0, 0, 0, , 0, 0, 0, 0, 0,
371,  1,  368,  377,  -1,  248, 338,  148.0,  23,  Nuc2080912,  2582,  0, 0, 0, , 0, 0, 0, 0, 0,
372,  1,  369,  378,  -1,  304, 513,  171.0,  21,  Nuc2081075,  2976,  0, 0, 0, , 0, 0, 0, 0, 0,
373,  1,  370,  379,  -1,  349, 550,  174.0,  21,  Nuc2081307,  2082,  0, 0, 0, , 0, 0, 0, 0, 0,
374,  1,  370,  380,  -1,  371, 538,  168.0,  21,  Nuc2081310,  2454,  0, 0, 0, , 0, 0, 0, 0, 0,
375,  1,  372,  381,  -1,  362, 487,  162.0,  21,  Nuc2084631,  2189,  0, 0, 0, , 0, 0, 0, 0, 0,
376,  1,  373,  382,  -1,  417, 839,  124.0,  23,  Nuc2084912,  2765,  0, 0, 0, , 0, 0, 0, 0, 0,
377,  1,  374,  383,  -1,  377, 873,  119.0,  21,  Nuc2087969,  2404,  0, 0, 0, , 0, 0, 0, 0, 0,
378,  1,  375,  384,  -1,  344, 495,  178.0,  25,  Nuc2088523,  2523,  0, 0, 0, , 0, 0, 0, 0, 0,
379,  1,  376,  385,  -1,  350, 436,  176.0,  23,  Nuc2088543,  2154,  0, 0, 0, , 0, 0, 0, 0, 0,
380,  1,  377,  386,  -1,  426, 690,  125.0,  23,  Nuc2088797,  3443,  0, 0, 0, , 0, 0, 0, 0, 0,
381,  1,  378,  387,  -1,  534, 753,  136.0,  23,  Nuc2088816,  3174,  0, 0, 0, , 0, 0, 0, 0, 0,
382,  1,  379,  388,  -1,  244, 587,  136.0,  21,  Nuc2132789,  2124,  0, 0, 0, , 0, 0, 0, 0, 0,
383,  1,  380,  389,  -1,  242, 591,  131.0,  21,  Nuc2132792,  2382,  0, 0, 0, , 0, 0, 0, 0, 0,
384,  1,  381,  -1,  -1,  190, 501,  132.0,  23,  Nuc2132798,  735,  0, 0, 0, , 0, 0, 0, 0, 0,
385,  1,  381,  390,  -1,  207, 550,  137.0,  21,  Nuc2132799,  1240,  0, 0, 0, , 0, 0, 0, 0, 0,
386,  1,  382,  391,  -1,  269, 553,  140.0,  21,  Nuc2132806,  1608,  0, 0, 0, , 0, 0, 0, 0, 0,
387,  1,  383,  392,  -1,  371, 604,  144.0,  23,  Nuc2132822,  3046,  0, 0, 0, , 0, 0, 0, 0, 0,
388,  1,  384,  393,  -1,  285, 601,  147.0,  21,  Nuc2132835,  1075,  0, 0, 0, , 0, 0, 0, 0, 0,
389,  1,  384,  -1,  -1,  321, 573,  144.0,  21,  Nuc2132839,  770,  0, 0, 0, , 0, 0, 0, 0, 0,
390,  1,  385,  -1,  -1,  448, 489,  140.0,  23,  Nuc2132851,  955,  0, 0, 0, , 0, 0, 0, 0, 0,
391,  1,  386,  -1,  -1,  348, 458,  127.0,  23,  Nuc2132858,  596,  0, 0, 0, , 0, 0, 0, 0, 0,
392,  1,  387,  -1,  -1,  366, 486,  131.0,  21,  Nuc2132860,  555,  0, 0, 0, , 0, 0, 0, 0, 0,
393,  1,  388,  -1,  -1,  422, 521,  147.0,  23,  Nuc2132865,  2438,  0, 0, 0, , 0, 0, 0, 0, 0,
394,  1,  388,  394,  -1,  384, 503,  141.0,  23,  Nuc2132866,  2242,  0, 0, 0, , 0, 0, 0, 0, 0,
395,  1,  389,  395,  -1,  364, 545,  141.0,  21,  Nuc2132879,  3034,  0, 0, 0, , 0, 0, 0, 0, 0,
396,  1,  390,  396,  -1,  289, 562,  156.0,  21,  Nuc2132898,  3152,  0, 0, 0, , 0, 0, 0, 0, 0,
397,  1,  391,  397,  -1,  337, 525,  156.0,  23,  Nuc2134948,  2699,  0, 0, 0, , 0, 0, 0, 0, 0,
398,  1,  392,  398,  -1,  278, 513,  157.0,  23,  Nuc2134957,  3173,  0, 0, 0, , 0, 0, 0, 0, 0,
399,  1,  393,  399,  -1,  236, 484,  157.0,  23,  Nuc2134976,  2324,  0, 0, 0, , 0, 0, 0, 0, 0,
400,  1,  394,  400,  -1,  507, 657,  139.0,  23,  Nuc2134993,  2554,  0, 0, 0, , 0, 0, 0, 0, 0,
401,  1,  395,  401,  402,  473, 645,  129.0,  23,  Nuc2160202,  2026,  0, 0, 0, , 0, 0, 0, 0, 0,
402,  1,  398,  403,  -1,  252, 416,  147.0,  21,  Nuc2160232,  1010,  0, 0, 0, , 0, 0, 0, 0, 0,
403,  1,  398,  404,  -1,  242, 452,  143.0,  23,  Nuc2160238,  775,  0, 0, 0, , 0, 0, 0, 0, 0,
404,  1,  399,  405,  -1,  270, 372,  139.0,  21,  Nuc2160247,  2420,  0, 0, 0, , 0, 0, 0, 0, 0,
405,  1,  400,  -1,  -1,  299, 465,  134.0,  23,  Nuc2160596,  817,  0, 0, 0, , 0, 0, 0, 0, 0,
406,  1,  401,  406,  -1,  329, 411,  141.0,  23,  Nuc2160600,  1599,  0, 0, 0, , 0, 0, 0, 0, 0,
407,  1,  402,  407,  -1,  330, 342,  146.0,  23,  Nuc2160614,  3398,  0, 0, 0, , 0, 0, 0, 0, 0,
408,  1,  403,  408,  -1,  470, 409,  130.0,  23,  Nuc2161853,  2140,  0, 0, 0, , 0, 0, 0, 0, 0,
409,  1,  404,  409,  -1,  561, 496,  143.0,  23,  Nuc2161876,  3537,  0, 0, 0, , 0, 0, 0, 0, 0,
410,  1,  405,  410,  -1,  596, 456,  146.0,  23,  Nuc2161888,  2824,  0, 0, 0, , 0, 0, 0, 0, 0,
411,  1,  406,  411,  -1,  305, 177,  112.0,  23,  Nuc2161901,  1747,  0, 0, 0, , 0, 0, 0, 0, 0,
412,  1,  407,  412,  -1,  354, 177,  113.0,  23,  Nuc2162688,  1523,  0, 0, 0, , 0, 0, 0, 0, 0,
413,  1,  408,  413,  -1,  299, 236,  134.0,  23,  Nuc2162702,  1891,  0, 0, 0, , 0, 0, 0, 0, 0,
414,  1,  409,  414,  -1,  330, 209,  127.0,  23,  Nuc2162714,  2645,  0, 0, 0, , 0, 0, 0, 0, 0,
415,  1,  410,  415,  -1,  306, 525,  145.0,  23,  Nuc2162731,  2325,  0, 0, 0, , 0, 0, 0, 0, 0,
416,  1,  411,  416,  -1,  229, 499,  140.0,  21,  Nuc2162742,  765,  0, 0, 0, , 0, 0, 0, 0, 0,
417,  1,  412,  417,  -1,  279, 499,  140.0,  21,  Nuc2162745,  1908,  0, 0, 0, , 0, 0, 0, 0, 0,
418,  1,  415,  418,  419,  272, 368,  126.0,  21,  Nuc2162922,  2037,  0, 0, 0, , 0, 0, 0, 0, 0,
419,  1,  417,  420,  -1,  273, 304,  137.0,  23,  Nuc2163351,  2881,  0, 0, 0, , 0, 0, 0, 0, 0,
420,  1,  418,  421,  -1,  240, 275,  126.0,  23,  Nuc2163360,  807,  0, 0, 0, , 0, 0, 0, 0, 0,
421,  1,  419,  422,  -1,  242, 278,  132.0,  23,  Nuc2163366,  1368,  0, 0, 0, , 0, 0, 0, 0, 0,
422,  1,  420,  -1,  -1,  309, 656,  127.0,  23,  Nuc2163375,  1115,  0, 0, 0, , 0, 0, 0, 0, 0,
423,  1,  421,  423,  -1,  339, 703,  125.0,  23,  Nuc2163381,  2202,  0, 0, 0, , 0, 0, 0, 0, 0,
424,  1,  422,  424,  -1,  248, 588,  146.0,  21,  Nuc2163393,  1300,  0, 0, 0, , 0, 0, 0, 0, 0,
425,  1,  423,  425,  -1,  246, 651,  141.0,  23,  Nuc2163400,  1375,  0, 0, 0, , 0, 0, 0, 0, 0,
426,  1,  424,  426,  -1,  212, 606,  142.0,  21,  Nuc2163408,  2129,  0, 0, 0, , 0, 0, 0, 0, 0,
427,  1,  426,  427,  -1,  216, 386,  144.0,  23,  Nuc2163420,  756,  0, 0, 0, , 0, 0, 0, 0, 0,
428,  1,  427,  428,  -1,  235, 459,  127.0,  23,  Nuc2163423,  765,  0, 0, 0, , 0, 0, 0, 0, 0,
