1,  1,  1,  1,  -1,  545, 960,  85.0,  23,  Nuc72,  2297,  0, 0, 0, , 0, 0, 0, 0, 0,
2,  1,  2,  2,  -1,  502, 920,  96.0,  25,  Nuc5288,  2951,  0, 0, 0, , 0, 0, 0, 0, 0,
3,  1,  3,  3,  -1,  444, 945,  85.0,  23,  Nuc7241,  2428,  0, 0, 0, , 0, 0, 0, 0, 0,
4,  1,  4,  4,  5,  455, 803,  113.0,  21,  Nuc9530,  1936,  0, 0, 0, , 0, 0, 0, 0, 0,
5,  1,  5,  6,  -1,  431, 838,  110.0,  23,  Nuc24135,  3622,  0, 0, 0, , 0, 0, 0, 0, 0,
6,  1,  6,  -1,  -1,  426, 893,  101.0,  27,  Nuc24155,  652,  0, 0, 0, , 0, 0, 0, 0, 0,
7,  1,  7,  7,  -1,  473, 863,  106.0,  23,  Nuc24161,  2458,  0, 0, 0, , 0, 0, 0, 0, 0,
8,  1,  8,  8,  -1,  424, 905,  109.0,  21,  Nuc26092,  3541,  0, 0, 0, , 0, 0, 0, 0, 0,
9,  1,  9,  9,  -1,  480, 923,  107.0,  21,  Nuc28685,  2985,  0, 0, 0, , 0, 0, 0, 0, 0,
10,  1,  10,  10,  -1,  778, 882,  93.0,  23,  Nuc29679,  3183,  0, 0, 0, , 0, 0, 0, 0, 0,
11,  1,  11,  11,  -1,  724, 897,  101.0,  23,  Nuc34365,  3567,  0, 0, 0, , 0, 0, 0, 0, 0,
12,  1,  12,  12,  -1,  674, 893,  112.0,  23,  Nuc37590,  3773,  0, 0, 0, , 0, 0, 0, 0, 0,
13,  1,  13,  13,  -1,  659, 846,  112.0,  21,  Nuc40153,  2456,  0, 0, 0, , 0, 0, 0, 0, 0,
14,  1,  14,  14,  -1,  629, 901,  104.0,  23,  Nuc47894,  3095,  0, 0, 0, , 0, 0, 0, 0, 0,
15,  1,  15,  15,  -1,  591, 931,  100.0,  23,  Nuc49712,  2977,  0, 0, 0, , 0, 0, 0, 0, 0,
16,  1,  16,  16,  -1,  704, 923,  87.0,  23,  Nuc51565,  2696,  0, 0, 0, , 0, 0, 0, 0, 0,
17,  1,  17,  17,  -1,  632, 951,  84.0,  25,  Nuc61184,  2623,  0, 0, 0, , 0, 0, 0, 0, 0,
18,  1,  18,  18,  -1,  617, 826,  124.0,  23,  Nuc63991,  3150,  0, 0, 0, , 0, 0, 0, 0, 0,
19,  1,  19,  19,  -1,  625, 863,  132.0,  21,  Nuc64011,  2862,  0, 0, 0, , 0, 0, 0, 0, 0,
20,  1,  20,  20,  -1,  557, 812,  129.0,  23,  Nuc65783,  2264,  0, 0, 0, , 0, 0, 0, 0, 0,
21,  1,  21,  21,  -1,  529, 916,  105.0,  21,  Nuc69352,  3309,  0, 0, 0, , 0, 0, 0, 0, 0,
22,  1,  22,  22,  -1,  536, 865,  106.0,  23,  Nuc70678,  3220,  0, 0, 0, , 0, 0, 0, 0, 0,
23,  1,  23,  23,  -1,  574, 815,  115.0,  23,  Nuc73735,  1896,  0, 0, 0, , 0, 0, 0, 0, 0,
24,  1,  24,  24,  -1,  576, 869,  117.0,  25,  Nuc76204,  3616,  0, 0, 0, , 0, 0, 0, 0, 0,
25,  1,  25,  25,  -1,  600, 909,  115.0,  21,  Nuc88088,  2794,  0, 0, 0, , 0, 0, 0, 0, 0,
26,  1,  26,  26,  -1,  506, 773,  118.0,  23,  Nuc90603,  3435,  0, 0, 0, , 0, 0, 0, 0, 0,
27,  1,  27,  -1,  -1,  400, 769,  136.0,  21,  Nuc102450,  1549,  0, 0, 0, , 0, 0, 0, 0, 0,
28,  1,  28,  27,  -1,  488, 816,  127.0,  23,  Nuc102468,  2296,  0, 0, 0, , 0, 0, 0, 0, 0,
29,  1,  29,  28,  -1,  508, 855,  118.0,  23,  Nuc144325,  2805,  0, 0, 0, , 0, 0, 0, 0, 0,
30,  1,  30,  29,  -1,  538, 902,  122.0,  21,  Nuc146058,  2309,  0, 0, 0, , 0, 0, 0, 0, 0,
31,  1,  31,  30,  -1,  454, 890,  119.0,  23,  Nuc146858,  4836,  0, 0, 0, , 0, 0, 0, 0, 0,
32,  1,  32,  31,  -1,  480, 870,  132.0,  23,  Nuc148369,  4989,  0, 0, 0, , 0, 0, 0, 0, 0,
33,  1,  33,  32,  -1,  361, 263,  154.0,  21,  Nuc152829,  2753,  0, 0, 0, , 0, 0, 0, 0, 0,
34,  1,  34,  33,  -1,  304, 284,  148.0,  21,  Nuc152835,  1748,  0, 0, 0, , 0, 0, 0, 0, 0,
35,  1,  35,  34,  35,  667, 780,  124.0,  25,  Nuc152918,  2942,  0, 0, 0, , 0, 0, 0, 0, 0,
36,  1,  36,  36,  -1,  703, 735,  127.0,  23,  Nuc170128,  3427,  0, 0, 0, , 0, 0, 0, 0, 0,
37,  1,  37,  37,  -1,  688, 857,  122.0,  21,  Nuc173391,  3228,  0, 0, 0, , 0, 0, 0, 0, 0,
38,  1,  38,  38,  -1,  723, 815,  128.0,  23,  Nuc182365,  3901,  0, 0, 0, , 0, 0, 0, 0, 0,
39,  1,  39,  39,  -1,  713, 767,  144.0,  23,  Nuc190573,  3910,  0, 0, 0, , 0, 0, 0, 0, 0,
40,  1,  40,  40,  41,  659, 748,  148.0,  23,  Nuc200252,  3710,  0, 0, 0, , 0, 0, 0, 0, 0,
41,  1,  41,  42,  -1,  674, 825,  139.0,  23,  Nuc205706,  3789,  0, 0, 0, , 0, 0, 0, 0, 0,
42,  1,  42,  43,  -1,  612, 802,  141.0,  23,  Nuc208539,  3696,  0, 0, 0, , 0, 0, 0, 0, 0,
43,  1,  43,  44,  -1,  827, 747,  116.0,  21,  Nuc209771,  3441,  0, 0, 0, , 0, 0, 0, 0, 0,
44,  1,  44,  45,  -1,  860, 770,  112.0,  23,  Nuc214938,  4477,  0, 0, 0, , 0, 0, 0, 0, 0,
45,  1,  45,  46,  -1,  878, 785,  95.0,  25,  Nuc215667,  3039,  0, 0, 0, , 0, 0, 0, 0, 0,
46,  1,  46,  47,  -1,  828, 834,  98.0,  25,  Nuc220670,  3040,  0, 0, 0, , 0, 0, 0, 0, 0,
47,  1,  47,  48,  -1,  787, 803,  123.0,  23,  Nuc230386,  3986,  0, 0, 0, , 0, 0, 0, 0, 0,
48,  1,  48,  49,  50,  748, 774,  118.0,  23,  Nuc230683,  4048,  0, 0, 0, , 0, 0, 0, 0, 0,
49,  1,  49,  51,  -1,  738, 851,  114.0,  21,  Nuc248281,  3525,  0, 0, 0, , 0, 0, 0, 0, 0,
50,  1,  50,  52,  -1,  790, 824,  111.0,  21,  Nuc249182,  3795,  0, 0, 0, , 0, 0, 0, 0, 0,
51,  1,  51,  53,  -1,  774, 187,  107.0,  23,  Nuc251892,  2575,  0, 0, 0, , 0, 0, 0, 0, 0,
52,  1,  52,  54,  -1,  827, 223,  98.0,  23,  Nuc255967,  2778,  0, 0, 0, , 0, 0, 0, 0, 0,
53,  1,  53,  55,  -1,  628, 225,  112.0,  21,  Nuc260721,  1692,  0, 0, 0, , 0, 0, 0, 0, 0,
54,  1,  54,  56,  -1,  704, 165,  106.0,  23,  Nuc261264,  2511,  0, 0, 0, , 0, 0, 0, 0, 0,
55,  1,  55,  57,  58,  681, 213,  135.0,  23,  Nuc264765,  3853,  0, 0, 0, , 0, 0, 0, 0, 0,
56,  1,  56,  59,  -1,  628, 232,  128.0,  21,  Nuc268205,  2706,  0, 0, 0, , 0, 0, 0, 0, 0,
57,  1,  57,  60,  -1,  627, 176,  123.0,  21,  Nuc271246,  3237,  0, 0, 0, , 0, 0, 0, 0, 0,
58,  1,  58,  61,  -1,  709, 195,  123.0,  23,  Nuc272789,  3798,  0, 0, 0, , 0, 0, 0, 0, 0,
59,  1,  59,  62,  -1,  584, 292,  131.0,  23,  Nuc274993,  2274,  0, 0, 0, , 0, 0, 0, 0, 0,
60,  1,  60,  63,  64,  546, 254,  137.0,  23,  Nuc280428,  2317,  0, 0, 0, , 0, 0, 0, 0, 0,
61,  1,  61,  65,  -1,  595, 197,  140.0,  21,  Nuc283139,  2948,  0, 0, 0, , 0, 0, 0, 0, 0,
62,  1,  62,  66,  -1,  617, 254,  145.0,  21,  Nuc285947,  3204,  0, 0, 0, , 0, 0, 0, 0, 0,
63,  1,  63,  67,  -1,  542, 221,  116.0,  21,  Nuc293765,  2204,  0, 0, 0, , 0, 0, 0, 0, 0,
64,  1,  64,  68,  -1,  545, 176,  127.0,  21,  Nuc293851,  2327,  0, 0, 0, , 0, 0, 0, 0, 0,
65,  1,  65,  69,  -1,  618, 137,  109.0,  21,  Nuc306841,  1662,  0, 0, 0, , 0, 0, 0, 0, 0,
66,  1,  66,  70,  -1,  581, 125,  108.0,  21,  Nuc310959,  2317,  0, 0, 0, , 0, 0, 0, 0, 0,
67,  1,  67,  71,  -1,  851, 293,  113.0,  21,  Nuc314331,  3130,  0, 0, 0, , 0, 0, 0, 0, 0,
68,  1,  68,  72,  -1,  899, 303,  102.0,  21,  Nuc317270,  3282,  0, 0, 0, , 0, 0, 0, 0, 0,
69,  1,  69,  73,  -1,  947, 443,  105.0,  21,  Nuc326417,  2756,  0, 0, 0, , 0, 0, 0, 0, 0,
70,  1,  70,  74,  -1,  932, 382,  109.0,  21,  Nuc330215,  3383,  0, 0, 0, , 0, 0, 0, 0, 0,
71,  1,  71,  75,  -1,  808, 261,  117.0,  23,  Nuc343683,  3015,  0, 0, 0, , 0, 0, 0, 0, 0,
72,  1,  72,  76,  -1,  774, 310,  127.0,  23,  Nuc348462,  3038,  0, 0, 0, , 0, 0, 0, 0, 0,
73,  1,  73,  77,  -1,  855, 336,  127.0,  21,  Nuc359694,  3475,  0, 0, 0, , 0, 0, 0, 0, 0,
74,  1,  74,  78,  -1,  811, 358,  122.0,  21,  Nuc361732,  3354,  0, 0, 0, , 0, 0, 0, 0, 0,
75,  1,  75,  79,  -1,  800, 364,  142.0,  23,  Nuc370615,  3777,  0, 0, 0, , 0, 0, 0, 0, 0,
76,  1,  76,  80,  -1,  748, 326,  150.0,  23,  Nuc382953,  3316,  0, 0, 0, , 0, 0, 0, 0, 0,
77,  1,  77,  81,  -1,  732, 367,  142.0,  23,  Nuc386093,  4025,  0, 0, 0, , 0, 0, 0, 0, 0,
78,  1,  78,  82,  83,  729, 350,  127.0,  23,  Nuc391881,  3559,  0, 0, 0, , 0, 0, 0, 0, 0,
79,  1,  79,  84,  -1,  681, 282,  137.0,  23,  Nuc406982,  3439,  0, 0, 0, , 0, 0, 0, 0, 0,
80,  1,  80,  85,  -1,  699, 267,  123.0,  23,  Nuc424209,  3166,  0, 0, 0, , 0, 0, 0, 0, 0,
81,  1,  81,  86,  -1,  758, 271,  138.0,  21,  Nuc441252,  3551,  0, 0, 0, , 0, 0, 0, 0, 0,
82,  1,  82,  87,  -1,  763, 238,  121.0,  23,  Nuc442519,  3194,  0, 0, 0, , 0, 0, 0, 0, 0,
83,  1,  83,  88,  -1,  404, 138,  112.0,  23,  Nuc445523,  2015,  0, 0, 0, , 0, 0, 0, 0, 0,
84,  1,  84,  89,  -1,  448, 239,  119.0,  21,  Nuc450564,  560,  0, 0, 0, , 0, 0, 0, 0, 0,
85,  1,  85,  90,  -1,  392, 220,  124.0,  23,  Nuc450573,  1898,  0, 0, 0, , 0, 0, 0, 0, 0,
86,  1,  86,  91,  -1,  412, 168,  124.0,  23,  Nuc450584,  3268,  0, 0, 0, , 0, 0, 0, 0, 0,
87,  1,  87,  92,  -1,  367, 214,  137.0,  21,  Nuc451866,  2372,  0, 0, 0, , 0, 0, 0, 0, 0,
88,  1,  88,  93,  -1,  433, 323,  129.0,  21,  Nuc452176,  2214,  0, 0, 0, , 0, 0, 0, 0, 0,
89,  1,  89,  -1,  -1,  301, 325,  125.0,  23,  Nuc452190,  1090,  0, 0, 0, , 0, 0, 0, 0, 0,
90,  1,  90,  94,  -1,  338, 276,  123.0,  23,  Nuc452197,  2257,  0, 0, 0, , 0, 0, 0, 0, 0,
91,  1,  91,  95,  -1,  405, 285,  123.0,  21,  Nuc452212,  1452,  0, 0, 0, , 0, 0, 0, 0, 0,
92,  1,  92,  96,  97,  414, 260,  139.0,  21,  Nuc452229,  3003,  0, 0, 0, , 0, 0, 0, 0, 0,
93,  1,  93,  98,  -1,  466, 128,  110.0,  23,  Nuc454686,  3252,  0, 0, 0, , 0, 0, 0, 0, 0,
94,  1,  94,  99,  -1,  515, 129,  112.0,  23,  Nuc454947,  3227,  0, 0, 0, , 0, 0, 0, 0, 0,
95,  1,  95,  100,  -1,  481, 162,  124.0,  23,  Nuc457662,  2935,  0, 0, 0, , 0, 0, 0, 0, 0,
96,  1,  96,  101,  -1,  479, 273,  141.0,  23,  Nuc460162,  2215,  0, 0, 0, , 0, 0, 0, 0, 0,
97,  1,  97,  102,  -1,  453, 221,  130.0,  21,  Nuc462236,  2587,  0, 0, 0, , 0, 0, 0, 0, 0,
98,  1,  98,  103,  -1,  492, 269,  128.0,  21,  Nuc462356,  1750,  0, 0, 0, , 0, 0, 0, 0, 0,
99,  1,  99,  104,  -1,  457, 184,  136.0,  23,  Nuc462392,  3323,  0, 0, 0, , 0, 0, 0, 0, 0,
100,  1,  100,  105,  -1,  511, 189,  139.0,  23,  Nuc465733,  3359,  0, 0, 0, , 0, 0, 0, 0, 0,
101,  1,  101,  106,  -1,  910, 632,  126.0,  21,  Nuc466304,  4021,  0, 0, 0, , 0, 0, 0, 0, 0,
102,  1,  102,  107,  -1,  885, 636,  116.0,  21,  Nuc466613,  4367,  0, 0, 0, , 0, 0, 0, 0, 0,
103,  1,  103,  108,  -1,  946, 673,  103.0,  23,  Nuc478797,  3140,  0, 0, 0, , 0, 0, 0, 0, 0,
104,  1,  104,  109,  -1,  963, 613,  107.0,  23,  Nuc487390,  3070,  0, 0, 0, , 0, 0, 0, 0, 0,
105,  1,  105,  110,  -1,  857, 708,  128.0,  21,  Nuc497670,  3805,  0, 0, 0, , 0, 0, 0, 0, 0,
106,  1,  106,  111,  112,  820, 678,  123.0,  21,  Nuc500829,  3722,  0, 0, 0, , 0, 0, 0, 0, 0,
107,  1,  107,  113,  -1,  892, 701,  115.0,  23,  Nuc541249,  3492,  0, 0, 0, , 0, 0, 0, 0, 0,
108,  1,  108,  114,  -1,  921, 735,  103.0,  23,  Nuc543599,  3177,  0, 0, 0, , 0, 0, 0, 0, 0,
109,  1,  109,  115,  -1,  818, 681,  142.0,  23,  Nuc546730,  4492,  0, 0, 0, , 0, 0, 0, 0, 0,
110,  1,  110,  116,  -1,  781, 759,  132.0,  23,  Nuc574128,  4286,  0, 0, 0, , 0, 0, 0, 0, 0,
111,  1,  111,  117,  -1,  757, 694,  127.0,  23,  Nuc578605,  3867,  0, 0, 0, , 0, 0, 0, 0, 0,
112,  1,  112,  118,  -1,  770, 640,  130.0,  23,  Nuc590744,  4853,  0, 0, 0, , 0, 0, 0, 0, 0,
113,  1,  113,  119,  120,  703, 673,  142.0,  21,  Nuc606144,  3433,  0, 0, 0, , 0, 0, 0, 0, 0,
114,  1,  114,  121,  -1,  666, 675,  154.0,  23,  Nuc634002,  5243,  0, 0, 0, , 0, 0, 0, 0, 0,
115,  1,  115,  122,  -1,  773, 722,  147.0,  23,  Nuc668723,  4562,  0, 0, 0, , 0, 0, 0, 0, 0,
116,  1,  116,  123,  -1,  716, 714,  158.0,  23,  Nuc673192,  4692,  0, 0, 0, , 0, 0, 0, 0, 0,
117,  1,  117,  124,  -1,  336, 770,  150.0,  23,  Nuc682076,  2389,  0, 0, 0, , 0, 0, 0, 0, 0,
118,  1,  118,  125,  -1,  387, 722,  152.0,  27,  Nuc684218,  1882,  0, 0, 0, , 0, 0, 0, 0, 0,
119,  1,  119,  126,  -1,  419, 776,  148.0,  23,  Nuc685641,  2683,  0, 0, 0, , 0, 0, 0, 0, 0,
120,  1,  120,  127,  -1,  378, 817,  143.0,  23,  Nuc685665,  3228,  0, 0, 0, , 0, 0, 0, 0, 0,
121,  1,  121,  128,  -1,  430, 817,  137.0,  23,  Nuc686925,  2782,  0, 0, 0, , 0, 0, 0, 0, 0,
122,  1,  122,  129,  -1,  422, 859,  134.0,  23,  Nuc694118,  3593,  0, 0, 0, , 0, 0, 0, 0, 0,
123,  1,  123,  130,  -1,  335, 797,  129.0,  21,  Nuc694445,  2735,  0, 0, 0, , 0, 0, 0, 0, 0,
124,  1,  124,  131,  -1,  345, 834,  125.0,  23,  Nuc695093,  3335,  0, 0, 0, , 0, 0, 0, 0, 0,
125,  1,  125,  132,  -1,  893, 385,  121.0,  21,  Nuc701818,  3292,  0, 0, 0, , 0, 0, 0, 0, 0,
126,  1,  126,  133,  -1,  904, 438,  123.0,  21,  Nuc726384,  3535,  0, 0, 0, , 0, 0, 0, 0, 0,
127,  1,  127,  134,  -1,  905, 493,  122.0,  23,  Nuc727172,  3295,  0, 0, 0, , 0, 0, 0, 0, 0,
128,  1,  128,  135,  -1,  953, 480,  120.0,  21,  Nuc733900,  3341,  0, 0, 0, , 0, 0, 0, 0, 0,
129,  1,  129,  136,  -1,  839, 418,  126.0,  23,  Nuc736780,  3708,  0, 0, 0, , 0, 0, 0, 0, 0,
130,  1,  130,  137,  -1,  871, 410,  139.0,  23,  Nuc740825,  3860,  0, 0, 0, , 0, 0, 0, 0, 0,
131,  1,  131,  138,  -1,  849, 487,  135.0,  21,  Nuc744081,  3288,  0, 0, 0, , 0, 0, 0, 0, 0,
132,  1,  132,  139,  -1,  867, 511,  148.0,  23,  Nuc755988,  4348,  0, 0, 0, , 0, 0, 0, 0, 0,
133,  1,  133,  140,  -1,  778, 422,  131.0,  23,  Nuc765563,  3896,  0, 0, 0, , 0, 0, 0, 0, 0,
134,  1,  134,  141,  -1,  793, 469,  127.0,  23,  Nuc767140,  3225,  0, 0, 0, , 0, 0, 0, 0, 0,
135,  1,  135,  142,  143,  728, 510,  145.0,  23,  Nuc777280,  3870,  0, 0, 0, , 0, 0, 0, 0, 0,
136,  1,  136,  144,  -1,  784, 526,  139.0,  23,  Nuc781782,  2699,  0, 0, 0, , 0, 0, 0, 0, 0,
137,  1,  137,  145,  -1,  786, 486,  158.0,  23,  Nuc781835,  4462,  0, 0, 0, , 0, 0, 0, 0, 0,
138,  1,  138,  146,  -1,  827, 446,  152.0,  23,  Nuc786043,  4168,  0, 0, 0, , 0, 0, 0, 0, 0,
139,  1,  139,  147,  148,  757, 412,  157.0,  23,  Nuc787830,  4745,  0, 0, 0, , 0, 0, 0, 0, 0,
140,  1,  140,  149,  150,  714, 445,  154.0,  23,  Nuc795092,  4440,  0, 0, 0, , 0, 0, 0, 0, 0,
141,  1,  141,  151,  152,  818, 570,  134.0,  25,  Nuc799534,  3983,  0, 0, 0, , 0, 0, 0, 0, 0,
142,  1,  142,  153,  -1,  792, 607,  144.0,  23,  Nuc842579,  3843,  0, 0, 0, , 0, 0, 0, 0, 0,
143,  1,  143,  154,  -1,  865, 631,  137.0,  21,  Nuc846763,  4586,  0, 0, 0, , 0, 0, 0, 0, 0,
144,  1,  144,  155,  -1,  878, 568,  139.0,  21,  Nuc851364,  4321,  0, 0, 0, , 0, 0, 0, 0, 0,
145,  1,  145,  156,  -1,  849, 591,  123.0,  23,  Nuc855298,  4102,  0, 0, 0, , 0, 0, 0, 0, 0,
146,  1,  146,  157,  -1,  855, 524,  123.0,  21,  Nuc886403,  4528,  0, 0, 0, , 0, 0, 0, 0, 0,
147,  1,  147,  158,  -1,  916, 565,  117.0,  21,  Nuc895745,  4802,  0, 0, 0, , 0, 0, 0, 0, 0,
148,  1,  148,  159,  -1,  932, 565,  129.0,  21,  Nuc902820,  4083,  0, 0, 0, , 0, 0, 0, 0, 0,
149,  1,  149,  160,  -1,  972, 544,  111.0,  21,  Nuc906528,  3637,  0, 0, 0, , 0, 0, 0, 0, 0,
150,  1,  150,  161,  -1,  959, 505,  106.0,  21,  Nuc907628,  2957,  0, 0, 0, , 0, 0, 0, 0, 0,
151,  1,  151,  162,  -1,  750, 571,  129.0,  23,  Nuc911909,  3413,  0, 0, 0, , 0, 0, 0, 0, 0,
152,  1,  152,  163,  -1,  722, 587,  141.0,  21,  Nuc938600,  4204,  0, 0, 0, , 0, 0, 0, 0, 0,
153,  1,  153,  164,  -1,  771, 656,  158.0,  23,  Nuc953008,  5406,  0, 0, 0, , 0, 0, 0, 0, 0,
154,  1,  154,  165,  -1,  755, 598,  166.0,  23,  Nuc954603,  5850,  0, 0, 0, , 0, 0, 0, 0, 0,
155,  1,  155,  166,  -1,  733, 600,  157.0,  23,  Nuc956972,  4577,  0, 0, 0, , 0, 0, 0, 0, 0,
156,  1,  156,  167,  -1,  838, 597,  152.0,  21,  Nuc966772,  5139,  0, 0, 0, , 0, 0, 0, 0, 0,
157,  1,  157,  168,  -1,  801, 549,  159.0,  23,  Nuc967921,  5597,  0, 0, 0, , 0, 0, 0, 0, 0,
158,  1,  158,  169,  -1,  532, 578,  145.0,  21,  Nuc1024127,  3995,  0, 0, 0, , 0, 0, 0, 0, 0,
159,  1,  159,  170,  -1,  484, 593,  146.0,  23,  Nuc1056923,  3287,  0, 0, 0, , 0, 0, 0, 0, 0,
160,  1,  160,  171,  -1,  283, 819,  114.0,  21,  Nuc1057058,  2297,  0, 0, 0, , 0, 0, 0, 0, 0,
161,  1,  161,  172,  -1,  231, 758,  119.0,  21,  Nuc1057169,  217,  0, 0, 0, , 0, 0, 0, 0, 0,
162,  1,  161,  173,  -1,  286, 772,  119.0,  23,  Nuc1057274,  2510,  0, 0, 0, , 0, 0, 0, 0, 0,
163,  1,  162,  174,  -1,  280, 737,  143.0,  23,  Nuc1057290,  2407,  0, 0, 0, , 0, 0, 0, 0, 0,
164,  1,  164,  -1,  -1,  299, 765,  132.0,  21,  Nuc1057303,  499,  0, 0, 0, , 0, 0, 0, 0, 0,
165,  1,  165,  175,  -1,  482, 712,  125.0,  23,  Nuc1057348,  2909,  0, 0, 0, , 0, 0, 0, 0, 0,
166,  1,  166,  -1,  -1,  336, 770,  145.0,  21,  Nuc1057659,  2161,  0, 0, 0, , 0, 0, 0, 0, 0,
167,  1,  166,  176,  177,  363, 742,  136.0,  21,  Nuc1057660,  2166,  0, 0, 0, , 0, 0, 0, 0, 0,
168,  1,  167,  178,  179,  459, 743,  138.0,  23,  Nuc1057682,  2908,  0, 0, 0, , 0, 0, 0, 0, 0,
169,  1,  168,  180,  -1,  440, 684,  143.0,  23,  Nuc1057746,  2960,  0, 0, 0, , 0, 0, 0, 0, 0,
170,  1,  169,  181,  -1,  482, 714,  149.0,  25,  Nuc1057764,  1950,  0, 0, 0, , 0, 0, 0, 0, 0,
171,  1,  170,  182,  -1,  504, 580,  129.0,  23,  Nuc1057916,  2385,  0, 0, 0, , 0, 0, 0, 0, 0,
172,  1,  171,  183,  -1,  590, 643,  131.0,  23,  Nuc1058196,  3279,  0, 0, 0, , 0, 0, 0, 0, 0,
173,  1,  172,  184,  -1,  569, 649,  143.0,  21,  Nuc1062374,  3324,  0, 0, 0, , 0, 0, 0, 0, 0,
174,  1,  173,  185,  186,  550, 694,  137.0,  23,  Nuc1091593,  3614,  0, 0, 0, , 0, 0, 0, 0, 0,
175,  1,  174,  187,  -1,  552, 698,  125.0,  23,  Nuc1092038,  4608,  0, 0, 0, , 0, 0, 0, 0, 0,
176,  1,  175,  188,  -1,  633, 638,  146.0,  21,  Nuc1102220,  1535,  0, 0, 0, , 0, 0, 0, 0, 0,
177,  1,  176,  189,  -1,  624, 689,  140.0,  23,  Nuc1124424,  3509,  0, 0, 0, , 0, 0, 0, 0, 0,
178,  1,  177,  190,  -1,  640, 696,  126.0,  23,  Nuc1129024,  3974,  0, 0, 0, , 0, 0, 0, 0, 0,
179,  1,  178,  191,  -1,  599, 750,  122.0,  23,  Nuc1145053,  3803,  0, 0, 0, , 0, 0, 0, 0, 0,
180,  1,  179,  192,  -1,  614, 750,  133.0,  23,  Nuc1145226,  3038,  0, 0, 0, , 0, 0, 0, 0, 0,
181,  1,  180,  193,  -1,  406, 546,  137.0,  21,  Nuc1208207,  1144,  0, 0, 0, , 0, 0, 0, 0, 0,
182,  1,  181,  194,  -1,  456, 565,  135.0,  21,  Nuc1208215,  278,  0, 0, 0, , 0, 0, 0, 0, 0,
183,  1,  182,  195,  -1,  462, 522,  129.0,  23,  Nuc1208668,  2425,  0, 0, 0, , 0, 0, 0, 0, 0,
184,  1,  183,  196,  -1,  513, 512,  131.0,  23,  Nuc1208686,  2025,  0, 0, 0, , 0, 0, 0, 0, 0,
185,  1,  184,  197,  -1,  574, 740,  147.0,  23,  Nuc1210624,  2793,  0, 0, 0, , 0, 0, 0, 0, 0,
186,  1,  185,  198,  -1,  553, 815,  150.0,  21,  Nuc1231753,  3239,  0, 0, 0, , 0, 0, 0, 0, 0,
187,  1,  186,  199,  -1,  548, 861,  136.0,  21,  Nuc1234872,  2868,  0, 0, 0, , 0, 0, 0, 0, 0,
188,  1,  187,  200,  -1,  462, 820,  150.0,  21,  Nuc1247462,  3198,  0, 0, 0, , 0, 0, 0, 0, 0,
189,  1,  188,  201,  -1,  482, 805,  142.0,  23,  Nuc1248927,  2741,  0, 0, 0, , 0, 0, 0, 0, 0,
190,  1,  189,  202,  203,  511, 759,  156.0,  23,  Nuc1262381,  3140,  0, 0, 0, , 0, 0, 0, 0, 0,
191,  1,  190,  204,  -1,  470, 766,  162.0,  23,  Nuc1270026,  3782,  0, 0, 0, , 0, 0, 0, 0, 0,
192,  1,  191,  205,  -1,  676, 577,  130.0,  21,  Nuc1272775,  3702,  0, 0, 0, , 0, 0, 0, 0, 0,
193,  1,  192,  206,  -1,  676, 631,  131.0,  23,  Nuc1330333,  2637,  0, 0, 0, , 0, 0, 0, 0, 0,
194,  1,  193,  207,  -1,  655, 603,  151.0,  23,  Nuc1335665,  4098,  0, 0, 0, , 0, 0, 0, 0, 0,
195,  1,  194,  208,  -1,  598, 586,  138.0,  21,  Nuc1336683,  3511,  0, 0, 0, , 0, 0, 0, 0, 0,
196,  1,  195,  209,  -1,  567, 549,  134.0,  23,  Nuc1344452,  2605,  0, 0, 0, , 0, 0, 0, 0, 0,
197,  1,  196,  210,  -1,  621, 527,  135.0,  21,  Nuc1390598,  2270,  0, 0, 0, , 0, 0, 0, 0, 0,
198,  1,  197,  211,  -1,  686, 503,  130.0,  21,  Nuc1418353,  3318,  0, 0, 0, , 0, 0, 0, 0, 0,
199,  1,  198,  -1,  -1,  485, 395,  147.0,  23,  Nuc1418794,  2682,  0, 0, 0, , 0, 0, 0, 0, 0,
200,  1,  199,  212,  -1,  393, 616,  162.0,  21,  Nuc1418874,  1866,  0, 0, 0, , 0, 0, 0, 0, 0,
201,  1,  200,  -1,  -1,  416, 567,  155.0,  23,  Nuc1419060,  1896,  0, 0, 0, , 0, 0, 0, 0, 0,
202,  1,  201,  213,  -1,  422, 521,  154.0,  23,  Nuc1419073,  2170,  0, 0, 0, , 0, 0, 0, 0, 0,
203,  1,  202,  214,  -1,  425, 527,  180.0,  23,  Nuc1419105,  3907,  0, 0, 0, , 0, 0, 0, 0, 0,
204,  1,  203,  215,  -1,  434, 552,  168.0,  23,  Nuc1419551,  2399,  0, 0, 0, , 0, 0, 0, 0, 0,
205,  1,  205,  216,  -1,  412, 451,  127.0,  23,  Nuc1426701,  1736,  0, 0, 0, , 0, 0, 0, 0, 0,
206,  1,  206,  217,  -1,  512, 443,  130.0,  23,  Nuc1426707,  4825,  0, 0, 0, , 0, 0, 0, 0, 0,
207,  1,  207,  218,  -1,  512, 442,  125.0,  23,  Nuc1427158,  3630,  0, 0, 0, , 0, 0, 0, 0, 0,
208,  1,  207,  219,  -1,  469, 468,  126.0,  25,  Nuc1427161,  4622,  0, 0, 0, , 0, 0, 0, 0, 0,
209,  1,  208,  220,  -1,  629, 472,  129.0,  21,  Nuc1431520,  4060,  0, 0, 0, , 0, 0, 0, 0, 0,
210,  1,  209,  221,  -1,  567, 469,  130.0,  21,  Nuc1453058,  3117,  0, 0, 0, , 0, 0, 0, 0, 0,
211,  1,  210,  222,  -1,  460, 504,  162.0,  21,  Nuc1468269,  3356,  0, 0, 0, , 0, 0, 0, 0, 0,
212,  1,  211,  223,  -1,  471, 517,  153.0,  21,  Nuc1468878,  4144,  0, 0, 0, , 0, 0, 0, 0, 0,
213,  1,  212,  224,  -1,  503, 533,  143.0,  21,  Nuc1476765,  2693,  0, 0, 0, , 0, 0, 0, 0, 0,
214,  1,  213,  225,  -1,  444, 418,  156.0,  27,  Nuc1476780,  3849,  0, 0, 0, , 0, 0, 0, 0, 0,
215,  1,  214,  226,  -1,  480, 459,  148.0,  23,  Nuc1483132,  1841,  0, 0, 0, , 0, 0, 0, 0, 0,
216,  1,  216,  227,  -1,  518, 478,  142.0,  21,  Nuc1483144,  2006,  0, 0, 0, , 0, 0, 0, 0, 0,
217,  1,  217,  -1,  -1,  332, 371,  164.0,  21,  Nuc1483239,  1986,  0, 0, 0, , 0, 0, 0, 0, 0,
218,  1,  217,  228,  -1,  371, 381,  166.0,  21,  Nuc1483240,  3312,  0, 0, 0, , 0, 0, 0, 0, 0,
219,  1,  218,  229,  -1,  335, 369,  171.0,  23,  Nuc1492375,  2997,  0, 0, 0, , 0, 0, 0, 0, 0,
220,  1,  219,  -1,  -1,  303, 476,  163.0,  21,  Nuc1492483,  1344,  0, 0, 0, , 0, 0, 0, 0, 0,
221,  1,  220,  230,  -1,  285, 434,  166.0,  23,  Nuc1492493,  2571,  0, 0, 0, , 0, 0, 0, 0, 0,
222,  1,  221,  231,  -1,  409, 379,  177.0,  23,  Nuc1493017,  4797,  0, 0, 0, , 0, 0, 0, 0, 0,
223,  1,  222,  232,  -1,  387, 422,  156.0,  21,  Nuc1493167,  3198,  0, 0, 0, , 0, 0, 0, 0, 0,
224,  1,  223,  233,  -1,  419, 470,  153.0,  21,  Nuc1493171,  2010,  0, 0, 0, , 0, 0, 0, 0, 0,
225,  1,  224,  -1,  -1,  317, 402,  158.0,  21,  Nuc1493187,  1784,  0, 0, 0, , 0, 0, 0, 0, 0,
226,  1,  226,  234,  -1,  381, 427,  161.0,  21,  Nuc1493198,  2894,  0, 0, 0, , 0, 0, 0, 0, 0,
227,  1,  227,  235,  -1,  462, 293,  166.0,  21,  Nuc1493239,  2015,  0, 0, 0, , 0, 0, 0, 0, 0,
228,  1,  229,  236,  -1,  332, 330,  159.0,  21,  Nuc1493621,  1392,  0, 0, 0, , 0, 0, 0, 0, 0,
229,  1,  230,  237,  238,  396, 322,  165.0,  23,  Nuc1493779,  3187,  0, 0, 0, , 0, 0, 0, 0, 0,
230,  1,  231,  -1,  -1,  425, 375,  157.0,  23,  Nuc1494683,  2405,  0, 0, 0, , 0, 0, 0, 0, 0,
231,  1,  232,  239,  -1,  335, 274,  137.0,  23,  Nuc1494735,  2821,  0, 0, 0, , 0, 0, 0, 0, 0,
232,  1,  233,  240,  241,  396, 324,  148.0,  21,  Nuc1496191,  1981,  0, 0, 0, , 0, 0, 0, 0, 0,
233,  1,  234,  242,  -1,  429, 264,  156.0,  23,  Nuc1496381,  3737,  0, 0, 0, , 0, 0, 0, 0, 0,
234,  1,  235,  243,  -1,  421, 213,  146.0,  21,  Nuc1497067,  2327,  0, 0, 0, , 0, 0, 0, 0, 0,
235,  1,  236,  244,  -1,  670, 319,  149.0,  21,  Nuc1500741,  1935,  0, 0, 0, , 0, 0, 0, 0, 0,
236,  1,  236,  245,  -1,  669, 290,  153.0,  21,  Nuc1502238,  2244,  0, 0, 0, , 0, 0, 0, 0, 0,
237,  1,  237,  246,  -1,  625, 354,  160.0,  21,  Nuc1503372,  2248,  0, 0, 0, , 0, 0, 0, 0, 0,
238,  1,  237,  247,  -1,  639, 349,  166.0,  21,  Nuc1507084,  2028,  0, 0, 0, , 0, 0, 0, 0, 0,
239,  1,  238,  248,  -1,  636, 413,  155.0,  21,  Nuc1508352,  2706,  0, 0, 0, , 0, 0, 0, 0, 0,
240,  1,  239,  249,  -1,  664, 373,  143.0,  21,  Nuc1510137,  1896,  0, 0, 0, , 0, 0, 0, 0, 0,
241,  1,  239,  250,  251,  681, 392,  142.0,  23,  Nuc1514827,  1753,  0, 0, 0, , 0, 0, 0, 0, 0,
242,  1,  240,  252,  -1,  613, 404,  131.0,  23,  Nuc1514884,  3021,  0, 0, 0, , 0, 0, 0, 0, 0,
243,  1,  241,  253,  -1,  562, 406,  140.0,  23,  Nuc1514905,  1885,  0, 0, 0, , 0, 0, 0, 0, 0,
244,  1,  242,  254,  -1,  649, 329,  126.0,  23,  Nuc1545777,  2868,  0, 0, 0, , 0, 0, 0, 0, 0,
245,  1,  243,  255,  -1,  601, 336,  144.0,  23,  Nuc1551441,  3314,  0, 0, 0, , 0, 0, 0, 0, 0,
246,  1,  244,  256,  257,  466, 340,  150.0,  21,  Nuc1553377,  2371,  0, 0, 0, , 0, 0, 0, 0, 0,
247,  1,  245,  258,  -1,  525, 343,  138.0,  21,  Nuc1560744,  1616,  0, 0, 0, , 0, 0, 0, 0, 0,
248,  1,  246,  259,  260,  548, 274,  151.0,  31,  Nuc1572645,  6893,  0, 0, 0, , 0, 0, 0, 0, 0,
249,  1,  247,  261,  262,  504, 230,  153.0,  23,  Nuc1575667,  2432,  0, 0, 0, , 0, 0, 0, 0, 0,
250,  1,  248,  263,  -1,  596, 272,  159.0,  21,  Nuc1577629,  3432,  0, 0, 0, , 0, 0, 0, 0, 0,
251,  1,  249,  264,  -1,  578, 332,  166.0,  23,  Nuc1581762,  3423,  0, 0, 0, , 0, 0, 0, 0, 0,
252,  1,  250,  265,  -1,  463, 360,  173.0,  23,  Nuc1584299,  2785,  0, 0, 0, , 0, 0, 0, 0, 0,
253,  1,  251,  266,  -1,  513, 320,  169.0,  23,  Nuc1584424,  3628,  0, 0, 0, , 0, 0, 0, 0, 0,
254,  1,  252,  267,  -1,  650, 469,  151.0,  21,  Nuc1584598,  5651,  0, 0, 0, , 0, 0, 0, 0, 0,
255,  1,  253,  268,  -1,  664, 453,  139.0,  23,  Nuc1602922,  2826,  0, 0, 0, , 0, 0, 0, 0, 0,
256,  1,  254,  269,  -1,  725, 432,  130.0,  23,  Nuc1622770,  4130,  0, 0, 0, , 0, 0, 0, 0, 0,
257,  1,  255,  270,  -1,  676, 410,  127.0,  23,  Nuc1639854,  3117,  0, 0, 0, , 0, 0, 0, 0, 0,
258,  1,  256,  271,  -1,  646, 529,  166.0,  23,  Nuc1640589,  8462,  0, 0, 0, , 0, 0, 0, 0, 0,
259,  1,  257,  272,  -1,  663, 507,  142.0,  23,  Nuc1643536,  8281,  0, 0, 0, , 0, 0, 0, 0, 0,
260,  1,  258,  273,  -1,  641, 530,  150.0,  23,  Nuc1647667,  4705,  0, 0, 0, , 0, 0, 0, 0, 0,
261,  1,  259,  274,  275,  692, 574,  157.0,  23,  Nuc1703106,  9635,  0, 0, 0, , 0, 0, 0, 0, 0,
262,  1,  260,  276,  -1,  675, 550,  157.0,  21,  Nuc1707833,  7255,  0, 0, 0, , 0, 0, 0, 0, 0,
263,  1,  261,  277,  -1,  662, 562,  144.0,  21,  Nuc1707967,  6038,  0, 0, 0, , 0, 0, 0, 0, 0,
264,  1,  262,  278,  -1,  696, 547,  137.0,  23,  Nuc1738830,  6119,  0, 0, 0, , 0, 0, 0, 0, 0,
265,  1,  263,  279,  -1,  511, 499,  154.0,  23,  Nuc1740631,  4088,  0, 0, 0, , 0, 0, 0, 0, 0,
266,  1,  264,  280,  -1,  529, 536,  157.0,  23,  Nuc1750719,  6147,  0, 0, 0, , 0, 0, 0, 0, 0,
267,  1,  265,  281,  -1,  576, 531,  146.0,  23,  Nuc1754969,  6401,  0, 0, 0, , 0, 0, 0, 0, 0,
268,  1,  266,  282,  283,  553, 580,  153.0,  23,  Nuc1755559,  6161,  0, 0, 0, , 0, 0, 0, 0, 0,
269,  1,  267,  284,  -1,  529, 522,  172.0,  23,  Nuc1759776,  5795,  0, 0, 0, , 0, 0, 0, 0, 0,
270,  1,  268,  285,  -1,  536, 473,  173.0,  21,  Nuc1762246,  5995,  0, 0, 0, , 0, 0, 0, 0, 0,
271,  1,  269,  286,  287,  486, 503,  179.0,  23,  Nuc1763427,  6306,  0, 0, 0, , 0, 0, 0, 0, 0,
272,  1,  271,  288,  -1,  492, 445,  169.0,  21,  Nuc1763592,  4227,  0, 0, 0, , 0, 0, 0, 0, 0,
273,  1,  272,  289,  290,  440, 423,  166.0,  25,  Nuc1765095,  4757,  0, 0, 0, , 0, 0, 0, 0, 0,
274,  1,  273,  291,  -1,  505, 494,  167.0,  21,  Nuc1772029,  4997,  0, 0, 0, , 0, 0, 0, 0, 0,
275,  1,  274,  292,  -1,  486, 571,  159.0,  21,  Nuc1773084,  2338,  0, 0, 0, , 0, 0, 0, 0, 0,
276,  1,  275,  293,  -1,  427, 726,  166.0,  23,  Nuc1773190,  3454,  0, 0, 0, , 0, 0, 0, 0, 0,
277,  1,  276,  294,  -1,  407, 669,  160.0,  23,  Nuc1783547,  2784,  0, 0, 0, , 0, 0, 0, 0, 0,
278,  1,  277,  295,  -1,  338, 583,  162.0,  23,  Nuc1784092,  1210,  0, 0, 0, , 0, 0, 0, 0, 0,
279,  1,  278,  -1,  -1,  378, 652,  170.0,  21,  Nuc1784125,  3370,  0, 0, 0, , 0, 0, 0, 0, 0,
280,  1,  279,  296,  -1,  362, 700,  167.0,  23,  Nuc1784127,  2421,  0, 0, 0, , 0, 0, 0, 0, 0,
281,  1,  280,  297,  -1,  312, 700,  159.0,  23,  Nuc1784506,  1925,  0, 0, 0, , 0, 0, 0, 0, 0,
282,  1,  281,  -1,  -1,  276, 601,  167.0,  21,  Nuc1785278,  1464,  0, 0, 0, , 0, 0, 0, 0, 0,
283,  1,  281,  298,  -1,  275, 598,  162.0,  19,  Nuc1785279,  1464,  0, 0, 0, , 0, 0, 0, 0, 0,
284,  1,  282,  299,  -1,  308, 618,  160.0,  21,  Nuc1785356,  3218,  0, 0, 0, , 0, 0, 0, 0, 0,
285,  1,  283,  300,  -1,  339, 578,  156.0,  21,  Nuc1787968,  275,  0, 0, 0, , 0, 0, 0, 0, 0,
286,  1,  283,  -1,  -1,  308, 615,  153.0,  21,  Nuc1787970,  2187,  0, 0, 0, , 0, 0, 0, 0, 0,
287,  1,  284,  301,  -1,  425, 605,  167.0,  21,  Nuc1787988,  1107,  0, 0, 0, , 0, 0, 0, 0, 0,
288,  1,  285,  -1,  -1,  351, 602,  170.0,  23,  Nuc1793852,  857,  0, 0, 0, , 0, 0, 0, 0, 0,
289,  1,  286,  302,  -1,  353, 610,  179.0,  23,  Nuc1793867,  833,  0, 0, 0, , 0, 0, 0, 0, 0,
290,  1,  287,  303,  -1,  377, 649,  174.0,  21,  Nuc1794054,  3370,  0, 0, 0, , 0, 0, 0, 0, 0,
291,  1,  288,  304,  -1,  470, 422,  182.0,  23,  Nuc1794133,  3238,  0, 0, 0, , 0, 0, 0, 0, 0,
292,  1,  289,  305,  -1,  550, 419,  178.0,  21,  Nuc1794476,  4211,  0, 0, 0, , 0, 0, 0, 0, 0,
293,  1,  290,  306,  -1,  526, 367,  174.0,  23,  Nuc1795189,  4194,  0, 0, 0, , 0, 0, 0, 0, 0,
294,  1,  291,  307,  308,  635, 461,  169.0,  23,  Nuc1800341,  4762,  0, 0, 0, , 0, 0, 0, 0, 0,
295,  1,  292,  309,  -1,  618, 408,  173.0,  23,  Nuc1842032,  5010,  0, 0, 0, , 0, 0, 0, 0, 0,
296,  1,  293,  310,  -1,  700, 373,  161.0,  21,  Nuc1848885,  5300,  0, 0, 0, , 0, 0, 0, 0, 0,
297,  1,  294,  311,  -1,  686, 415,  168.0,  23,  Nuc1849851,  5246,  0, 0, 0, , 0, 0, 0, 0, 0,
298,  1,  295,  312,  -1,  655, 505,  178.0,  21,  Nuc1850315,  5477,  0, 0, 0, , 0, 0, 0, 0, 0,
299,  1,  296,  313,  -1,  682, 463,  173.0,  23,  Nuc1850861,  7334,  0, 0, 0, , 0, 0, 0, 0, 0,
300,  1,  297,  314,  -1,  748, 464,  167.0,  23,  Nuc1851819,  6121,  0, 0, 0, , 0, 0, 0, 0, 0,
301,  1,  298,  315,  -1,  699, 510,  167.0,  23,  Nuc1854178,  7304,  0, 0, 0, , 0, 0, 0, 0, 0,
302,  1,  299,  316,  -1,  744, 517,  169.0,  23,  Nuc1858797,  6183,  0, 0, 0, , 0, 0, 0, 0, 0,
303,  1,  300,  317,  318,  636, 584,  168.0,  23,  Nuc1862229,  3470,  0, 0, 0, , 0, 0, 0, 0, 0,
304,  1,  301,  319,  -1,  680, 570,  173.0,  23,  Nuc1863115,  4490,  0, 0, 0, , 0, 0, 0, 0, 0,
305,  1,  302,  320,  -1,  751, 542,  157.0,  21,  Nuc1867441,  6374,  0, 0, 0, , 0, 0, 0, 0, 0,
306,  1,  303,  321,  -1,  716, 544,  163.0,  21,  Nuc1867572,  6042,  0, 0, 0, , 0, 0, 0, 0, 0,
307,  1,  304,  322,  -1,  732, 554,  171.0,  21,  Nuc1868207,  5483,  0, 0, 0, , 0, 0, 0, 0, 0,
308,  1,  305,  323,  -1,  476, 684,  177.0,  23,  Nuc1869403,  3937,  0, 0, 0, , 0, 0, 0, 0, 0,
309,  1,  306,  324,  -1,  424, 676,  175.0,  21,  Nuc1869780,  3799,  0, 0, 0, , 0, 0, 0, 0, 0,
310,  1,  307,  325,  -1,  630, 709,  168.0,  21,  Nuc1870010,  4737,  0, 0, 0, , 0, 0, 0, 0, 0,
311,  1,  308,  326,  -1,  600, 689,  158.0,  23,  Nuc1871465,  4613,  0, 0, 0, , 0, 0, 0, 0, 0,
312,  1,  309,  327,  -1,  619, 777,  154.0,  23,  Nuc1876970,  4624,  0, 0, 0, , 0, 0, 0, 0, 0,
313,  1,  310,  328,  -1,  575, 756,  163.0,  21,  Nuc1880456,  4847,  0, 0, 0, , 0, 0, 0, 0, 0,
314,  1,  311,  329,  -1,  521, 652,  178.0,  23,  Nuc1883054,  4406,  0, 0, 0, , 0, 0, 0, 0, 0,
315,  1,  312,  330,  -1,  567, 661,  172.0,  23,  Nuc1886239,  4911,  0, 0, 0, , 0, 0, 0, 0, 0,
316,  1,  313,  331,  -1,  494, 719,  171.0,  23,  Nuc1889469,  5195,  0, 0, 0, , 0, 0, 0, 0, 0,
317,  1,  314,  332,  -1,  554, 720,  168.0,  21,  Nuc1890976,  5281,  0, 0, 0, , 0, 0, 0, 0, 0,
318,  1,  315,  333,  -1,  630, 645,  171.0,  23,  Nuc1892166,  4880,  0, 0, 0, , 0, 0, 0, 0, 0,
319,  1,  316,  334,  -1,  694, 646,  166.0,  23,  Nuc1918904,  4124,  0, 0, 0, , 0, 0, 0, 0, 0,
320,  1,  317,  335,  -1,  578, 618,  179.0,  23,  Nuc1921295,  4814,  0, 0, 0, , 0, 0, 0, 0, 0,
321,  1,  318,  336,  -1,  577, 563,  179.0,  21,  Nuc1921418,  5480,  0, 0, 0, , 0, 0, 0, 0, 0,
322,  1,  319,  337,  -1,  582, 460,  180.0,  23,  Nuc1922093,  4225,  0, 0, 0, , 0, 0, 0, 0, 0,
323,  1,  320,  338,  -1,  627, 551,  178.0,  23,  Nuc1922193,  7134,  0, 0, 0, , 0, 0, 0, 0, 0,
324,  1,  321,  339,  -1,  508, 598,  183.0,  25,  Nuc1923309,  6115,  0, 0, 0, , 0, 0, 0, 0, 0,
325,  1,  322,  340,  -1,  455, 632,  182.0,  23,  Nuc1924248,  2946,  0, 0, 0, , 0, 0, 0, 0, 0,
326,  1,  323,  341,  -1,  444, 584,  182.0,  21,  Nuc1934142,  3254,  0, 0, 0, , 0, 0, 0, 0, 0,
327,  1,  324,  342,  -1,  469, 663,  166.0,  23,  Nuc1934283,  4313,  0, 0, 0, , 0, 0, 0, 0, 0,
328,  1,  325,  343,  344,  522, 620,  158.0,  23,  Nuc1942138,  2604,  0, 0, 0, , 0, 0, 0, 0, 0,
329,  1,  326,  345,  -1,  460, 635,  155.0,  21,  Nuc1943202,  3185,  0, 0, 0, , 0, 0, 0, 0, 0,
330,  1,  327,  346,  347,  526, 681,  159.0,  23,  Nuc1943236,  3939,  0, 0, 0, , 0, 0, 0, 0, 0,
331,  1,  328,  348,  -1,  535, 580,  168.0,  23,  Nuc1950069,  1669,  0, 0, 0, , 0, 0, 0, 0, 0,
332,  1,  329,  349,  -1,  490, 537,  168.0,  21,  Nuc1950335,  4490,  0, 0, 0, , 0, 0, 0, 0, 0,
333,  1,  330,  350,  -1,  487, 597,  171.0,  23,  Nuc1953397,  4180,  0, 0, 0, , 0, 0, 0, 0, 0,
334,  1,  331,  351,  -1,  402, 532,  186.0,  23,  Nuc1953747,  2222,  0, 0, 0, , 0, 0, 0, 0, 0,
335,  1,  332,  352,  -1,  395, 449,  184.0,  21,  Nuc1954718,  2286,  0, 0, 0, , 0, 0, 0, 0, 0,
336,  1,  333,  353,  -1,  495, 531,  185.0,  23,  Nuc1954952,  5305,  0, 0, 0, , 0, 0, 0, 0, 0,
337,  1,  334,  354,  -1,  570, 514,  183.0,  23,  Nuc1955389,  4508,  0, 0, 0, , 0, 0, 0, 0, 0,
338,  1,  335,  355,  -1,  532, 551,  182.0,  23,  Nuc1967359,  6033,  0, 0, 0, , 0, 0, 0, 0, 0,
339,  1,  336,  356,  -1,  513, 467,  184.0,  23,  Nuc1968451,  4786,  0, 0, 0, , 0, 0, 0, 0, 0,
340,  1,  337,  357,  -1,  447, 497,  186.0,  23,  Nuc1968613,  5364,  0, 0, 0, , 0, 0, 0, 0, 0,
341,  1,  338,  358,  -1,  590, 616,  159.0,  23,  Nuc1968850,  3695,  0, 0, 0, , 0, 0, 0, 0, 0,
342,  1,  339,  359,  -1,  592, 520,  171.0,  23,  Nuc2004974,  7078,  0, 0, 0, , 0, 0, 0, 0, 0,
343,  1,  340,  360,  361,  594, 559,  157.0,  25,  Nuc2006246,  4301,  0, 0, 0, , 0, 0, 0, 0, 0,
344,  1,  341,  362,  -1,  400, 762,  161.0,  23,  Nuc2009258,  3356,  0, 0, 0, , 0, 0, 0, 0, 0,
345,  1,  342,  363,  -1,  557, 497,  163.0,  21,  Nuc2012798,  3608,  0, 0, 0, , 0, 0, 0, 0, 0,
346,  1,  343,  364,  -1,  512, 378,  160.0,  21,  Nuc2021757,  2357,  0, 0, 0, , 0, 0, 0, 0, 0,
347,  1,  343,  365,  -1,  535, 366,  156.0,  21,  Nuc2023769,  1383,  0, 0, 0, , 0, 0, 0, 0, 0,
348,  1,  344,  366,  -1,  569, 406,  164.0,  25,  Nuc2024310,  2765,  0, 0, 0, , 0, 0, 0, 0, 0,
349,  1,  345,  367,  -1,  535, 439,  155.0,  21,  Nuc2034655,  3837,  0, 0, 0, , 0, 0, 0, 0, 0,
350,  1,  346,  368,  -1,  582, 457,  164.0,  21,  Nuc2034698,  7317,  0, 0, 0, , 0, 0, 0, 0, 0,
351,  1,  347,  369,  -1,  678, 509,  157.0,  21,  Nuc2034845,  7685,  0, 0, 0, , 0, 0, 0, 0, 0,
352,  1,  348,  370,  -1,  610, 502,  155.0,  23,  Nuc2054049,  6777,  0, 0, 0, , 0, 0, 0, 0, 0,
353,  1,  350,  371,  -1,  289, 457,  154.0,  23,  Nuc2064315,  2042,  0, 0, 0, , 0, 0, 0, 0, 0,
354,  1,  352,  372,  -1,  251, 624,  155.0,  21,  Nuc2064589,  1316,  0, 0, 0, , 0, 0, 0, 0, 0,
355,  1,  353,  373,  -1,  307, 651,  149.0,  23,  Nuc2064670,  1563,  0, 0, 0, , 0, 0, 0, 0, 0,
356,  1,  354,  -1,  -1,  320, 703,  142.0,  21,  Nuc2064681,  1733,  0, 0, 0, , 0, 0, 0, 0, 0,
357,  1,  355,  374,  -1,  443, 362,  139.0,  23,  Nuc2064829,  2515,  0, 0, 0, , 0, 0, 0, 0, 0,
358,  1,  356,  -1,  -1,  489, 341,  120.0,  25,  Nuc2064905,  1095,  0, 0, 0, , 0, 0, 0, 0, 0,
359,  1,  357,  -1,  -1,  520, 380,  128.0,  23,  Nuc2064910,  918,  0, 0, 0, , 0, 0, 0, 0, 0,
360,  1,  357,  375,  -1,  489, 340,  128.0,  23,  Nuc2064911,  1237,  0, 0, 0, , 0, 0, 0, 0, 0,
361,  1,  358,  376,  -1,  380, 381,  143.0,  25,  Nuc2070296,  2597,  0, 0, 0, , 0, 0, 0, 0, 0,
362,  1,  359,  377,  -1,  321, 389,  126.0,  23,  Nuc2070324,  845,  0, 0, 0, , 0, 0, 0, 0, 0,
363,  1,  359,  378,  -1,  356, 337,  125.0,  23,  Nuc2070326,  1399,  0, 0, 0, , 0, 0, 0, 0, 0,
364,  1,  360,  379,  -1,  359, 407,  125.0,  23,  Nuc2070335,  1798,  0, 0, 0, , 0, 0, 0, 0, 0,
365,  1,  360,  380,  -1,  408, 385,  126.0,  23,  Nuc2070337,  1946,  0, 0, 0, , 0, 0, 0, 0, 0,
366,  1,  361,  381,  -1,  347, 551,  180.0,  23,  Nuc2070380,  2348,  0, 0, 0, , 0, 0, 0, 0, 0,
367,  1,  362,  382,  -1,  296, 559,  167.0,  23,  Nuc2070522,  2676,  0, 0, 0, , 0, 0, 0, 0, 0,
368,  1,  363,  383,  -1,  361, 800,  113.0,  21,  Nuc2070796,  1041,  0, 0, 0, , 0, 0, 0, 0, 0,
369,  1,  365,  384,  -1,  387, 831,  109.0,  23,  Nuc2071264,  1854,  0, 0, 0, , 0, 0, 0, 0, 0,
370,  1,  366,  385,  -1,  372, 890,  109.0,  21,  Nuc2071274,  1325,  0, 0, 0, , 0, 0, 0, 0, 0,
371,  1,  367,  386,  -1,  375, 900,  98.0,  23,  Nuc2080678,  1399,  0, 0, 0, , 0, 0, 0, 0, 0,
372,  1,  368,  387,  -1,  371, 600,  138.0,  21,  Nuc2080742,  1152,  0, 0, 0, , 0, 0, 0, 0, 0,
373,  1,  368,  388,  -1,  417, 626,  141.0,  23,  Nuc2080744,  1934,  0, 0, 0, , 0, 0, 0, 0, 0,
374,  1,  369,  389,  -1,  373, 676,  140.0,  21,  Nuc2080779,  2839,  0, 0, 0, , 0, 0, 0, 0, 0,
375,  1,  370,  -1,  -1,  291, 360,  157.0,  21,  Nuc2080850,  2004,  0, 0, 0, , 0, 0, 0, 0, 0,
376,  1,  370,  390,  -1,  291, 353,  152.0,  21,  Nuc2080851,  2217,  0, 0, 0, , 0, 0, 0, 0, 0,
377,  1,  371,  391,  -1,  248, 338,  147.0,  23,  Nuc2080913,  2735,  0, 0, 0, , 0, 0, 0, 0, 0,
378,  1,  372,  392,  -1,  303, 510,  168.0,  23,  Nuc2081076,  2511,  0, 0, 0, , 0, 0, 0, 0, 0,
379,  1,  373,  393,  -1,  348, 550,  174.0,  21,  Nuc2081308,  1205,  0, 0, 0, , 0, 0, 0, 0, 0,
380,  1,  374,  394,  395,  373, 539,  168.0,  21,  Nuc2081311,  2755,  0, 0, 0, , 0, 0, 0, 0, 0,
381,  1,  375,  396,  -1,  361, 487,  162.0,  23,  Nuc2084632,  1858,  0, 0, 0, , 0, 0, 0, 0, 0,
382,  1,  376,  397,  -1,  417, 839,  124.0,  23,  Nuc2084913,  3411,  0, 0, 0, , 0, 0, 0, 0, 0,
383,  1,  377,  398,  -1,  377, 873,  119.0,  23,  Nuc2087970,  2532,  0, 0, 0, , 0, 0, 0, 0, 0,
384,  1,  378,  399,  -1,  344, 498,  179.0,  23,  Nuc2088524,  2358,  0, 0, 0, , 0, 0, 0, 0, 0,
385,  1,  379,  400,  401,  350, 435,  176.0,  23,  Nuc2088544,  1574,  0, 0, 0, , 0, 0, 0, 0, 0,
386,  1,  380,  402,  -1,  425, 690,  125.0,  23,  Nuc2088798,  3392,  0, 0, 0, , 0, 0, 0, 0, 0,
387,  1,  381,  403,  404,  534, 757,  135.0,  23,  Nuc2088817,  6656,  0, 0, 0, , 0, 0, 0, 0, 0,
388,  1,  382,  -1,  -1,  242, 586,  136.0,  21,  Nuc2132790,  1823,  0, 0, 0, , 0, 0, 0, 0, 0,
389,  1,  383,  -1,  -1,  240, 589,  131.0,  23,  Nuc2132793,  1823,  0, 0, 0, , 0, 0, 0, 0, 0,
390,  1,  385,  -1,  -1,  209, 547,  137.0,  21,  Nuc2132800,  966,  0, 0, 0, , 0, 0, 0, 0, 0,
391,  1,  386,  405,  -1,  267, 553,  139.0,  21,  Nuc2132807,  1915,  0, 0, 0, , 0, 0, 0, 0, 0,
392,  1,  387,  406,  -1,  371, 603,  144.0,  23,  Nuc2132823,  3322,  0, 0, 0, , 0, 0, 0, 0, 0,
393,  1,  388,  407,  -1,  284, 605,  149.0,  21,  Nuc2132836,  1637,  0, 0, 0, , 0, 0, 0, 0, 0,
394,  1,  394,  -1,  -1,  384, 501,  143.0,  21,  Nuc2132867,  1996,  0, 0, 0, , 0, 0, 0, 0, 0,
395,  1,  395,  408,  -1,  364, 543,  141.0,  21,  Nuc2132880,  2560,  0, 0, 0, , 0, 0, 0, 0, 0,
396,  1,  396,  409,  -1,  289, 563,  156.0,  21,  Nuc2132899,  2294,  0, 0, 0, , 0, 0, 0, 0, 0,
397,  1,  397,  410,  -1,  335, 524,  157.0,  21,  Nuc2134949,  2077,  0, 0, 0, , 0, 0, 0, 0, 0,
398,  1,  398,  411,  -1,  277, 514,  157.0,  23,  Nuc2134958,  2546,  0, 0, 0, , 0, 0, 0, 0, 0,
399,  1,  399,  412,  -1,  236, 485,  157.0,  23,  Nuc2134977,  2262,  0, 0, 0, , 0, 0, 0, 0, 0,
400,  1,  400,  413,  -1,  506, 658,  139.0,  23,  Nuc2134994,  2900,  0, 0, 0, , 0, 0, 0, 0, 0,
401,  1,  401,  -1,  -1,  472, 639,  126.0,  25,  Nuc2160203,  2729,  0, 0, 0, , 0, 0, 0, 0, 0,
402,  1,  401,  -1,  -1,  473, 644,  130.0,  23,  Nuc2160204,  2729,  0, 0, 0, , 0, 0, 0, 0, 0,
403,  1,  402,  414,  -1,  251, 415,  149.0,  21,  Nuc2160233,  1048,  0, 0, 0, , 0, 0, 0, 0, 0,
404,  1,  403,  -1,  -1,  240, 447,  143.0,  23,  Nuc2160239,  1545,  0, 0, 0, , 0, 0, 0, 0, 0,
405,  1,  404,  415,  -1,  271, 370,  141.0,  21,  Nuc2160248,  2549,  0, 0, 0, , 0, 0, 0, 0, 0,
406,  1,  406,  -1,  -1,  328, 411,  141.0,  23,  Nuc2160601,  1463,  0, 0, 0, , 0, 0, 0, 0, 0,
407,  1,  407,  416,  -1,  332, 339,  146.0,  21,  Nuc2160615,  2243,  0, 0, 0, , 0, 0, 0, 0, 0,
408,  1,  408,  -1,  -1,  468, 408,  129.0,  23,  Nuc2161854,  2192,  0, 0, 0, , 0, 0, 0, 0, 0,
409,  1,  409,  417,  -1,  560, 497,  143.0,  21,  Nuc2161877,  3700,  0, 0, 0, , 0, 0, 0, 0, 0,
410,  1,  410,  418,  -1,  595, 455,  147.0,  21,  Nuc2161889,  2140,  0, 0, 0, , 0, 0, 0, 0, 0,
411,  1,  411,  419,  -1,  307, 175,  112.0,  23,  Nuc2161902,  2133,  0, 0, 0, , 0, 0, 0, 0, 0,
412,  1,  412,  420,  -1,  358, 179,  114.0,  23,  Nuc2162689,  1475,  0, 0, 0, , 0, 0, 0, 0, 0,
413,  1,  413,  421,  -1,  298, 236,  134.0,  21,  Nuc2162703,  1917,  0, 0, 0, , 0, 0, 0, 0, 0,
414,  1,  414,  422,  -1,  328, 208,  127.0,  21,  Nuc2162715,  2246,  0, 0, 0, , 0, 0, 0, 0, 0,
415,  1,  415,  423,  -1,  304, 524,  145.0,  23,  Nuc2162732,  2608,  0, 0, 0, , 0, 0, 0, 0, 0,
416,  1,  416,  -1,  -1,  227, 498,  141.0,  21,  Nuc2162743,  1004,  0, 0, 0, , 0, 0, 0, 0, 0,
417,  1,  417,  424,  425,  277, 497,  142.0,  21,  Nuc2162746,  2320,  0, 0, 0, , 0, 0, 0, 0, 0,
418,  1,  418,  426,  -1,  240, 408,  130.0,  21,  Nuc2162923,  986,  0, 0, 0, , 0, 0, 0, 0, 0,
419,  1,  418,  427,  -1,  272, 367,  127.0,  21,  Nuc2162925,  2332,  0, 0, 0, , 0, 0, 0, 0, 0,
420,  1,  419,  428,  -1,  269, 302,  137.0,  21,  Nuc2163352,  3126,  0, 0, 0, , 0, 0, 0, 0, 0,
421,  1,  420,  429,  -1,  240, 275,  127.0,  23,  Nuc2163361,  2226,  0, 0, 0, , 0, 0, 0, 0, 0,
422,  1,  421,  -1,  -1,  242, 276,  132.0,  21,  Nuc2163367,  2236,  0, 0, 0, , 0, 0, 0, 0, 0,
423,  1,  423,  430,  -1,  339, 700,  127.0,  23,  Nuc2163382,  1998,  0, 0, 0, , 0, 0, 0, 0, 0,
424,  1,  424,  431,  -1,  247, 587,  146.0,  21,  Nuc2163394,  1707,  0, 0, 0, , 0, 0, 0, 0, 0,
425,  1,  425,  432,  -1,  245, 648,  141.0,  21,  Nuc2163401,  1589,  0, 0, 0, , 0, 0, 0, 0, 0,
426,  1,  426,  433,  -1,  212, 605,  143.0,  21,  Nuc2163409,  2669,  0, 0, 0, , 0, 0, 0, 0, 0,
427,  1,  427,  -1,  -1,  217, 387,  142.0,  23,  Nuc2163421,  1917,  0, 0, 0, , 0, 0, 0, 0, 0,
428,  1,  428,  -1,  -1,  235, 458,  127.0,  23,  Nuc2163424,  251,  0, 0, 0, , 0, 0, 0, 0, 0,
429,  1,  -1,  434,  -1,  172, 359,  126.0,  23,  Nuc2163425,  477,  0, 0, 0, , 0, 0, 0, 0, 0,
430,  1,  -1,  -1,  -1,  195, 405,  126.0,  23,  Nuc2163427,  255,  0, 0, 0, , 0, 0, 0, 0, 0,
431,  1,  -1,  -1,  -1,  309, 583,  130.0,  21,  Nuc2163428,  812,  0, 0, 0, , 0, 0, 0, 0, 0,
