1,  1,  1,  1,  -1,  545, 960,  85.0,  23,  Nuc73,  1750,  0, 0, 0, , 0, 0, 0, 0, 0,
2,  1,  2,  2,  -1,  505, 918,  94.0,  21,  Nuc5289,  1702,  0, 0, 0, , 0, 0, 0, 0, 0,
3,  1,  3,  3,  -1,  442, 942,  85.0,  21,  Nuc7242,  1982,  0, 0, 0, , 0, 0, 0, 0, 0,
4,  1,  4,  4,  -1,  443, 782,  124.0,  23,  Nuc9531,  290,  0, 0, 0, , 0, 0, 0, 0, 0,
5,  1,  4,  5,  6,  459, 806,  112.0,  21,  Nuc24042,  2016,  0, 0, 0, , 0, 0, 0, 0, 0,
6,  1,  5,  7,  -1,  433, 840,  110.0,  23,  Nuc24136,  3454,  0, 0, 0, , 0, 0, 0, 0, 0,
7,  1,  7,  8,  -1,  473, 864,  105.0,  23,  Nuc24162,  2987,  0, 0, 0, , 0, 0, 0, 0, 0,
8,  1,  8,  9,  -1,  423, 904,  109.0,  21,  Nuc26093,  3530,  0, 0, 0, , 0, 0, 0, 0, 0,
9,  1,  9,  10,  -1,  481, 922,  107.0,  23,  Nuc28686,  2643,  0, 0, 0, , 0, 0, 0, 0, 0,
10,  1,  10,  11,  -1,  780, 880,  93.0,  23,  Nuc29680,  2532,  0, 0, 0, , 0, 0, 0, 0, 0,
11,  1,  11,  12,  -1,  726, 894,  100.0,  23,  Nuc34366,  2838,  0, 0, 0, , 0, 0, 0, 0, 0,
12,  1,  12,  13,  -1,  672, 891,  112.0,  21,  Nuc37591,  3322,  0, 0, 0, , 0, 0, 0, 0, 0,
13,  1,  13,  14,  -1,  659, 845,  112.0,  21,  Nuc40154,  3126,  0, 0, 0, , 0, 0, 0, 0, 0,
14,  1,  14,  15,  -1,  628, 900,  104.0,  21,  Nuc47895,  2833,  0, 0, 0, , 0, 0, 0, 0, 0,
15,  1,  15,  16,  -1,  591, 931,  100.0,  23,  Nuc49713,  2440,  0, 0, 0, , 0, 0, 0, 0, 0,
16,  1,  16,  17,  -1,  704, 921,  87.0,  23,  Nuc51566,  2358,  0, 0, 0, , 0, 0, 0, 0, 0,
17,  1,  17,  18,  -1,  632, 951,  85.0,  23,  Nuc61185,  2090,  0, 0, 0, , 0, 0, 0, 0, 0,
18,  1,  18,  19,  -1,  617, 827,  123.0,  23,  Nuc63992,  3053,  0, 0, 0, , 0, 0, 0, 0, 0,
19,  1,  19,  20,  -1,  624, 864,  132.0,  21,  Nuc64012,  2969,  0, 0, 0, , 0, 0, 0, 0, 0,
20,  1,  20,  21,  -1,  558, 810,  129.0,  23,  Nuc65784,  2321,  0, 0, 0, , 0, 0, 0, 0, 0,
21,  1,  21,  22,  -1,  529, 919,  105.0,  21,  Nuc69353,  2766,  0, 0, 0, , 0, 0, 0, 0, 0,
22,  1,  22,  23,  -1,  536, 864,  105.0,  21,  Nuc70679,  3167,  0, 0, 0, , 0, 0, 0, 0, 0,
23,  1,  23,  24,  25,  575, 814,  115.0,  23,  Nuc73736,  2010,  0, 0, 0, , 0, 0, 0, 0, 0,
24,  1,  24,  26,  -1,  578, 869,  116.0,  21,  Nuc76205,  2417,  0, 0, 0, , 0, 0, 0, 0, 0,
25,  1,  25,  27,  -1,  599, 908,  115.0,  21,  Nuc88089,  2455,  0, 0, 0, , 0, 0, 0, 0, 0,
26,  1,  26,  28,  -1,  507, 774,  118.0,  23,  Nuc90604,  3067,  0, 0, 0, , 0, 0, 0, 0, 0,
27,  1,  28,  29,  30,  491, 814,  127.0,  25,  Nuc102469,  2226,  0, 0, 0, , 0, 0, 0, 0, 0,
28,  1,  29,  31,  -1,  509, 855,  118.0,  21,  Nuc144326,  2813,  0, 0, 0, , 0, 0, 0, 0, 0,
29,  1,  30,  32,  -1,  539, 901,  122.0,  21,  Nuc146059,  2126,  0, 0, 0, , 0, 0, 0, 0, 0,
30,  1,  31,  33,  -1,  454, 891,  119.0,  23,  Nuc146859,  3523,  0, 0, 0, , 0, 0, 0, 0, 0,
31,  1,  32,  34,  35,  479, 870,  131.0,  23,  Nuc148370,  4335,  0, 0, 0, , 0, 0, 0, 0, 0,
32,  1,  33,  -1,  -1,  358, 259,  154.0,  21,  Nuc152830,  1465,  0, 0, 0, , 0, 0, 0, 0, 0,
33,  1,  34,  36,  -1,  306, 285,  149.0,  21,  Nuc152836,  1369,  0, 0, 0, , 0, 0, 0, 0, 0,
34,  1,  35,  37,  -1,  665, 784,  127.0,  23,  Nuc152919,  1191,  0, 0, 0, , 0, 0, 0, 0, 0,
35,  1,  35,  38,  -1,  670, 781,  121.0,  21,  Nuc161544,  1738,  0, 0, 0, , 0, 0, 0, 0, 0,
36,  1,  36,  39,  -1,  702, 734,  130.0,  21,  Nuc170129,  2217,  0, 0, 0, , 0, 0, 0, 0, 0,
37,  1,  37,  40,  -1,  687, 857,  122.0,  23,  Nuc173392,  3058,  0, 0, 0, , 0, 0, 0, 0, 0,
38,  1,  38,  41,  -1,  727, 813,  128.0,  23,  Nuc182366,  3262,  0, 0, 0, , 0, 0, 0, 0, 0,
39,  1,  39,  42,  43,  715, 767,  144.0,  25,  Nuc190574,  3907,  0, 0, 0, , 0, 0, 0, 0, 0,
40,  1,  40,  44,  -1,  656, 751,  152.0,  21,  Nuc200253,  1953,  0, 0, 0, , 0, 0, 0, 0, 0,
41,  1,  40,  45,  -1,  658, 746,  146.0,  21,  Nuc201648,  2230,  0, 0, 0, , 0, 0, 0, 0, 0,
42,  1,  41,  46,  -1,  677, 826,  138.0,  23,  Nuc205707,  3462,  0, 0, 0, , 0, 0, 0, 0, 0,
43,  1,  42,  47,  -1,  614, 804,  141.0,  23,  Nuc208540,  3780,  0, 0, 0, , 0, 0, 0, 0, 0,
44,  1,  43,  48,  -1,  828, 746,  115.0,  21,  Nuc209772,  3271,  0, 0, 0, , 0, 0, 0, 0, 0,
45,  1,  44,  49,  -1,  860, 769,  112.0,  23,  Nuc214939,  4319,  0, 0, 0, , 0, 0, 0, 0, 0,
46,  1,  45,  50,  -1,  880, 785,  95.0,  23,  Nuc215668,  3098,  0, 0, 0, , 0, 0, 0, 0, 0,
47,  1,  46,  51,  -1,  828, 833,  97.0,  21,  Nuc220671,  2863,  0, 0, 0, , 0, 0, 0, 0, 0,
48,  1,  47,  52,  -1,  788, 803,  123.0,  23,  Nuc230387,  3724,  0, 0, 0, , 0, 0, 0, 0, 0,
49,  1,  48,  53,  -1,  715, 738,  124.0,  23,  Nuc230684,  2090,  0, 0, 0, , 0, 0, 0, 0, 0,
50,  1,  48,  54,  -1,  752, 777,  117.0,  21,  Nuc240521,  3436,  0, 0, 0, , 0, 0, 0, 0, 0,
51,  1,  49,  55,  -1,  738, 850,  113.0,  21,  Nuc248282,  3401,  0, 0, 0, , 0, 0, 0, 0, 0,
52,  1,  50,  56,  -1,  790, 825,  111.0,  21,  Nuc249183,  3927,  0, 0, 0, , 0, 0, 0, 0, 0,
53,  1,  51,  57,  -1,  776, 184,  106.0,  21,  Nuc251893,  2427,  0, 0, 0, , 0, 0, 0, 0, 0,
54,  1,  52,  58,  -1,  825, 221,  98.0,  21,  Nuc255968,  2983,  0, 0, 0, , 0, 0, 0, 0, 0,
55,  1,  53,  59,  -1,  627, 223,  112.0,  21,  Nuc260722,  2062,  0, 0, 0, , 0, 0, 0, 0, 0,
56,  1,  54,  60,  -1,  706, 165,  106.0,  23,  Nuc261265,  2453,  0, 0, 0, , 0, 0, 0, 0, 0,
57,  1,  55,  61,  -1,  676, 264,  139.0,  21,  Nuc264766,  1849,  0, 0, 0, , 0, 0, 0, 0, 0,
58,  1,  55,  62,  -1,  683, 208,  134.0,  21,  Nuc264768,  3379,  0, 0, 0, , 0, 0, 0, 0, 0,
59,  1,  56,  63,  -1,  625, 231,  127.0,  21,  Nuc268206,  2830,  0, 0, 0, , 0, 0, 0, 0, 0,
60,  1,  57,  64,  -1,  628, 175,  123.0,  21,  Nuc271247,  3444,  0, 0, 0, , 0, 0, 0, 0, 0,
61,  1,  58,  65,  -1,  710, 192,  123.0,  23,  Nuc272790,  3740,  0, 0, 0, , 0, 0, 0, 0, 0,
62,  1,  59,  66,  67,  584, 293,  131.0,  23,  Nuc274994,  2343,  0, 0, 0, , 0, 0, 0, 0, 0,
63,  1,  60,  68,  -1,  544, 314,  140.0,  21,  Nuc280429,  1227,  0, 0, 0, , 0, 0, 0, 0, 0,
64,  1,  60,  69,  -1,  542, 253,  137.0,  23,  Nuc281710,  2561,  0, 0, 0, , 0, 0, 0, 0, 0,
65,  1,  61,  70,  -1,  594, 195,  139.0,  21,  Nuc283140,  2806,  0, 0, 0, , 0, 0, 0, 0, 0,
66,  1,  62,  71,  72,  617, 258,  144.0,  21,  Nuc285948,  3382,  0, 0, 0, , 0, 0, 0, 0, 0,
67,  1,  63,  73,  -1,  541, 219,  116.0,  21,  Nuc293766,  2492,  0, 0, 0, , 0, 0, 0, 0, 0,
68,  1,  64,  74,  -1,  543, 176,  127.0,  21,  Nuc293852,  2067,  0, 0, 0, , 0, 0, 0, 0, 0,
69,  1,  65,  75,  -1,  615, 133,  109.0,  21,  Nuc306842,  1856,  0, 0, 0, , 0, 0, 0, 0, 0,
70,  1,  66,  76,  -1,  582, 123,  107.0,  21,  Nuc310960,  2228,  0, 0, 0, , 0, 0, 0, 0, 0,
71,  1,  67,  77,  -1,  854, 292,  112.0,  21,  Nuc314332,  2766,  0, 0, 0, , 0, 0, 0, 0, 0,
72,  1,  68,  78,  -1,  899, 302,  101.0,  21,  Nuc317271,  2752,  0, 0, 0, , 0, 0, 0, 0, 0,
73,  1,  69,  79,  -1,  948, 442,  105.0,  21,  Nuc326418,  2824,  0, 0, 0, , 0, 0, 0, 0, 0,
74,  1,  70,  80,  -1,  933, 379,  109.0,  21,  Nuc330216,  2732,  0, 0, 0, , 0, 0, 0, 0, 0,
75,  1,  71,  81,  -1,  808, 264,  118.0,  23,  Nuc343684,  3035,  0, 0, 0, , 0, 0, 0, 0, 0,
76,  1,  72,  82,  -1,  772, 312,  128.0,  23,  Nuc348463,  2730,  0, 0, 0, , 0, 0, 0, 0, 0,
77,  1,  73,  83,  -1,  855, 335,  128.0,  21,  Nuc359695,  3182,  0, 0, 0, , 0, 0, 0, 0, 0,
78,  1,  74,  84,  -1,  809, 355,  122.0,  23,  Nuc361733,  3152,  0, 0, 0, , 0, 0, 0, 0, 0,
79,  1,  75,  85,  86,  801, 360,  141.0,  23,  Nuc370616,  3493,  0, 0, 0, , 0, 0, 0, 0, 0,
80,  1,  76,  87,  88,  747, 324,  150.0,  23,  Nuc382954,  3626,  0, 0, 0, , 0, 0, 0, 0, 0,
81,  1,  77,  89,  -1,  737, 375,  142.0,  23,  Nuc386094,  2104,  0, 0, 0, , 0, 0, 0, 0, 0,
82,  1,  78,  90,  -1,  739, 362,  127.0,  23,  Nuc391882,  2173,  0, 0, 0, , 0, 0, 0, 0, 0,
83,  1,  78,  91,  -1,  722, 343,  126.0,  21,  Nuc406094,  2518,  0, 0, 0, , 0, 0, 0, 0, 0,
84,  1,  79,  92,  -1,  679, 291,  137.0,  21,  Nuc406983,  2140,  0, 0, 0, , 0, 0, 0, 0, 0,
85,  1,  80,  93,  94,  698, 264,  123.0,  27,  Nuc424210,  3175,  0, 0, 0, , 0, 0, 0, 0, 0,
86,  1,  81,  95,  -1,  760, 272,  138.0,  21,  Nuc441253,  3334,  0, 0, 0, , 0, 0, 0, 0, 0,
87,  1,  82,  96,  -1,  766, 238,  121.0,  23,  Nuc442520,  2892,  0, 0, 0, , 0, 0, 0, 0, 0,
88,  1,  83,  97,  -1,  400, 138,  112.0,  21,  Nuc445524,  2515,  0, 0, 0, , 0, 0, 0, 0, 0,
89,  1,  84,  98,  -1,  448, 237,  119.0,  21,  Nuc450565,  1041,  0, 0, 0, , 0, 0, 0, 0, 0,
90,  1,  85,  99,  -1,  392, 214,  125.0,  21,  Nuc450574,  1901,  0, 0, 0, , 0, 0, 0, 0, 0,
91,  1,  86,  100,  -1,  412, 168,  125.0,  21,  Nuc450585,  3239,  0, 0, 0, , 0, 0, 0, 0, 0,
92,  1,  87,  101,  -1,  366, 213,  137.0,  21,  Nuc451867,  2549,  0, 0, 0, , 0, 0, 0, 0, 0,
93,  1,  88,  -1,  -1,  431, 320,  130.0,  23,  Nuc452177,  1793,  0, 0, 0, , 0, 0, 0, 0, 0,
94,  1,  90,  102,  -1,  339, 270,  125.0,  21,  Nuc452198,  2077,  0, 0, 0, , 0, 0, 0, 0, 0,
95,  1,  91,  103,  -1,  404, 282,  123.0,  21,  Nuc452213,  1892,  0, 0, 0, , 0, 0, 0, 0, 0,
96,  1,  92,  -1,  -1,  389, 310,  138.0,  21,  Nuc452230,  1686,  0, 0, 0, , 0, 0, 0, 0, 0,
97,  1,  92,  104,  -1,  412, 259,  139.0,  21,  Nuc452231,  3118,  0, 0, 0, , 0, 0, 0, 0, 0,
98,  1,  93,  105,  -1,  467, 128,  110.0,  21,  Nuc454687,  3035,  0, 0, 0, , 0, 0, 0, 0, 0,
99,  1,  94,  106,  -1,  513, 127,  112.0,  21,  Nuc454948,  3256,  0, 0, 0, , 0, 0, 0, 0, 0,
100,  1,  95,  107,  -1,  480, 160,  124.0,  21,  Nuc457663,  2971,  0, 0, 0, , 0, 0, 0, 0, 0,
101,  1,  96,  108,  -1,  477, 272,  143.0,  23,  Nuc460163,  2735,  0, 0, 0, , 0, 0, 0, 0, 0,
102,  1,  97,  109,  -1,  453, 220,  130.0,  21,  Nuc462237,  2846,  0, 0, 0, , 0, 0, 0, 0, 0,
103,  1,  98,  110,  -1,  491, 267,  128.0,  21,  Nuc462357,  2321,  0, 0, 0, , 0, 0, 0, 0, 0,
104,  1,  99,  111,  -1,  459, 183,  136.0,  23,  Nuc462393,  2782,  0, 0, 0, , 0, 0, 0, 0, 0,
105,  1,  100,  112,  -1,  511, 188,  139.0,  23,  Nuc465734,  3048,  0, 0, 0, , 0, 0, 0, 0, 0,
106,  1,  101,  113,  -1,  909, 631,  126.0,  21,  Nuc466305,  3844,  0, 0, 0, , 0, 0, 0, 0, 0,
107,  1,  102,  114,  -1,  886, 636,  116.0,  21,  Nuc466614,  3470,  0, 0, 0, , 0, 0, 0, 0, 0,
108,  1,  103,  115,  -1,  949, 673,  102.0,  23,  Nuc478798,  3338,  0, 0, 0, , 0, 0, 0, 0, 0,
109,  1,  104,  116,  -1,  963, 611,  107.0,  23,  Nuc487391,  3230,  0, 0, 0, , 0, 0, 0, 0, 0,
110,  1,  105,  117,  -1,  858, 708,  128.0,  21,  Nuc497671,  3872,  0, 0, 0, , 0, 0, 0, 0, 0,
111,  1,  106,  118,  -1,  767, 703,  124.0,  23,  Nuc500830,  2243,  0, 0, 0, , 0, 0, 0, 0, 0,
112,  1,  106,  119,  -1,  822, 675,  123.0,  21,  Nuc526949,  3625,  0, 0, 0, , 0, 0, 0, 0, 0,
113,  1,  107,  120,  -1,  893, 700,  115.0,  21,  Nuc541250,  3336,  0, 0, 0, , 0, 0, 0, 0, 0,
114,  1,  108,  121,  -1,  924, 734,  103.0,  21,  Nuc543600,  3211,  0, 0, 0, , 0, 0, 0, 0, 0,
115,  1,  109,  122,  123,  817, 679,  142.0,  25,  Nuc546731,  4354,  0, 0, 0, , 0, 0, 0, 0, 0,
116,  1,  110,  124,  125,  780, 758,  132.0,  21,  Nuc574129,  4509,  0, 0, 0, , 0, 0, 0, 0, 0,
117,  1,  111,  126,  127,  751, 687,  128.0,  21,  Nuc578606,  2451,  0, 0, 0, , 0, 0, 0, 0, 0,
118,  1,  112,  128,  -1,  772, 637,  132.0,  21,  Nuc590745,  2862,  0, 0, 0, , 0, 0, 0, 0, 0,
119,  1,  113,  129,  -1,  715, 666,  144.0,  21,  Nuc606145,  2110,  0, 0, 0, , 0, 0, 0, 0, 0,
120,  1,  113,  130,  -1,  693, 676,  140.0,  21,  Nuc624275,  2664,  0, 0, 0, , 0, 0, 0, 0, 0,
121,  1,  114,  131,  132,  666, 673,  155.0,  35,  Nuc634003,  17913,  0, 0, 0, , 0, 0, 0, 0, 0,
122,  1,  115,  133,  -1,  771, 720,  146.0,  23,  Nuc668724,  4787,  0, 0, 0, , 0, 0, 0, 0, 0,
123,  1,  116,  134,  135,  716, 713,  157.0,  23,  Nuc673193,  4254,  0, 0, 0, , 0, 0, 0, 0, 0,
124,  1,  117,  136,  -1,  336, 771,  150.0,  23,  Nuc682077,  1490,  0, 0, 0, , 0, 0, 0, 0, 0,
125,  1,  118,  137,  138,  367, 715,  152.0,  21,  Nuc684219,  1036,  0, 0, 0, , 0, 0, 0, 0, 0,
126,  1,  119,  139,  140,  422, 775,  149.0,  21,  Nuc685642,  1428,  0, 0, 0, , 0, 0, 0, 0, 0,
127,  1,  120,  141,  -1,  380, 816,  142.0,  23,  Nuc685666,  3208,  0, 0, 0, , 0, 0, 0, 0, 0,
128,  1,  121,  142,  143,  431, 818,  137.0,  23,  Nuc686926,  2889,  0, 0, 0, , 0, 0, 0, 0, 0,
129,  1,  122,  144,  -1,  423, 859,  134.0,  23,  Nuc694119,  3740,  0, 0, 0, , 0, 0, 0, 0, 0,
130,  1,  123,  145,  146,  335, 798,  130.0,  21,  Nuc694446,  2769,  0, 0, 0, , 0, 0, 0, 0, 0,
131,  1,  124,  147,  -1,  346, 834,  125.0,  21,  Nuc695094,  2371,  0, 0, 0, , 0, 0, 0, 0, 0,
132,  1,  125,  148,  149,  893, 381,  121.0,  23,  Nuc701819,  3132,  0, 0, 0, , 0, 0, 0, 0, 0,
133,  1,  126,  150,  -1,  905, 437,  123.0,  23,  Nuc726385,  3354,  0, 0, 0, , 0, 0, 0, 0, 0,
134,  1,  127,  151,  -1,  904, 493,  122.0,  23,  Nuc727173,  3147,  0, 0, 0, , 0, 0, 0, 0, 0,
135,  1,  128,  152,  -1,  954, 480,  120.0,  21,  Nuc733901,  3576,  0, 0, 0, , 0, 0, 0, 0, 0,
136,  1,  129,  153,  -1,  837, 412,  128.0,  23,  Nuc736781,  4057,  0, 0, 0, , 0, 0, 0, 0, 0,
137,  1,  130,  154,  155,  872, 411,  139.0,  21,  Nuc740826,  3573,  0, 0, 0, , 0, 0, 0, 0, 0,
138,  1,  131,  156,  -1,  850, 487,  135.0,  23,  Nuc744082,  3028,  0, 0, 0, , 0, 0, 0, 0, 0,
139,  1,  132,  157,  158,  868, 510,  148.0,  23,  Nuc755989,  4228,  0, 0, 0, , 0, 0, 0, 0, 0,
140,  1,  133,  159,  -1,  776, 421,  132.0,  23,  Nuc765564,  3878,  0, 0, 0, , 0, 0, 0, 0, 0,
141,  1,  134,  160,  161,  793, 463,  127.0,  23,  Nuc767141,  3527,  0, 0, 0, , 0, 0, 0, 0, 0,
142,  1,  135,  162,  -1,  731, 492,  142.0,  23,  Nuc777281,  1471,  0, 0, 0, , 0, 0, 0, 0, 0,
143,  1,  135,  163,  -1,  722, 521,  144.0,  21,  Nuc781533,  2768,  0, 0, 0, , 0, 0, 0, 0, 0,
144,  1,  136,  164,  -1,  788, 528,  141.0,  21,  Nuc781783,  2172,  0, 0, 0, , 0, 0, 0, 0, 0,
145,  1,  137,  165,  166,  786, 484,  157.0,  21,  Nuc781836,  11103,  0, 0, 0, , 0, 0, 0, 0, 0,
146,  1,  138,  167,  -1,  829, 447,  151.0,  25,  Nuc786044,  4086,  0, 0, 0, , 0, 0, 0, 0, 0,
147,  1,  139,  168,  -1,  766, 411,  153.0,  21,  Nuc787831,  2467,  0, 0, 0, , 0, 0, 0, 0, 0,
148,  1,  139,  169,  -1,  756, 409,  161.0,  21,  Nuc790361,  2594,  0, 0, 0, , 0, 0, 0, 0, 0,
149,  1,  140,  170,  -1,  711, 464,  159.0,  21,  Nuc795093,  1992,  0, 0, 0, , 0, 0, 0, 0, 0,
150,  1,  140,  171,  -1,  713, 433,  152.0,  21,  Nuc795450,  2624,  0, 0, 0, , 0, 0, 0, 0, 0,
151,  1,  141,  172,  173,  791, 529,  135.0,  21,  Nuc799535,  1367,  0, 0, 0, , 0, 0, 0, 0, 0,
152,  1,  141,  174,  175,  821, 570,  134.0,  23,  Nuc808232,  4320,  0, 0, 0, , 0, 0, 0, 0, 0,
153,  1,  142,  176,  177,  791, 605,  145.0,  23,  Nuc842580,  4074,  0, 0, 0, , 0, 0, 0, 0, 0,
154,  1,  143,  178,  -1,  864, 632,  137.0,  23,  Nuc846764,  4088,  0, 0, 0, , 0, 0, 0, 0, 0,
155,  1,  144,  179,  -1,  879, 564,  139.0,  21,  Nuc851365,  3968,  0, 0, 0, , 0, 0, 0, 0, 0,
156,  1,  145,  180,  -1,  849, 592,  123.0,  23,  Nuc855299,  3900,  0, 0, 0, , 0, 0, 0, 0, 0,
157,  1,  146,  181,  182,  855, 524,  122.0,  21,  Nuc886404,  4519,  0, 0, 0, , 0, 0, 0, 0, 0,
158,  1,  147,  183,  -1,  914, 565,  117.0,  21,  Nuc895746,  3813,  0, 0, 0, , 0, 0, 0, 0, 0,
159,  1,  148,  184,  -1,  934, 563,  129.0,  21,  Nuc902821,  3848,  0, 0, 0, , 0, 0, 0, 0, 0,
160,  1,  149,  185,  -1,  972, 542,  111.0,  21,  Nuc906529,  3469,  0, 0, 0, , 0, 0, 0, 0, 0,
161,  1,  150,  186,  -1,  961, 506,  106.0,  21,  Nuc907629,  2906,  0, 0, 0, , 0, 0, 0, 0, 0,
162,  1,  151,  187,  -1,  750, 568,  130.0,  23,  Nuc911910,  3881,  0, 0, 0, , 0, 0, 0, 0, 0,
163,  1,  152,  188,  -1,  721, 586,  141.0,  23,  Nuc938601,  3922,  0, 0, 0, , 0, 0, 0, 0, 0,
164,  1,  153,  189,  -1,  771, 656,  158.0,  23,  Nuc953009,  4298,  0, 0, 0, , 0, 0, 0, 0, 0,
165,  1,  154,  190,  -1,  756, 599,  167.0,  23,  Nuc954604,  5627,  0, 0, 0, , 0, 0, 0, 0, 0,
166,  1,  155,  191,  -1,  738, 594,  158.0,  21,  Nuc956973,  2731,  0, 0, 0, , 0, 0, 0, 0, 0,
167,  1,  156,  192,  -1,  840, 596,  152.0,  21,  Nuc966773,  4687,  0, 0, 0, , 0, 0, 0, 0, 0,
168,  1,  157,  193,  -1,  802, 545,  159.0,  23,  Nuc967922,  4523,  0, 0, 0, , 0, 0, 0, 0, 0,
169,  1,  158,  194,  -1,  534, 576,  144.0,  23,  Nuc1024128,  4453,  0, 0, 0, , 0, 0, 0, 0, 0,
170,  1,  159,  195,  -1,  488, 592,  144.0,  23,  Nuc1056924,  2887,  0, 0, 0, , 0, 0, 0, 0, 0,
171,  1,  160,  196,  -1,  285, 817,  114.0,  23,  Nuc1057059,  1952,  0, 0, 0, , 0, 0, 0, 0, 0,
172,  1,  161,  197,  198,  231, 757,  119.0,  21,  Nuc1057170,  722,  0, 0, 0, , 0, 0, 0, 0, 0,
173,  1,  162,  199,  -1,  284, 774,  118.0,  21,  Nuc1057275,  2141,  0, 0, 0, , 0, 0, 0, 0, 0,
174,  1,  163,  200,  201,  281, 736,  145.0,  23,  Nuc1057291,  1688,  0, 0, 0, , 0, 0, 0, 0, 0,
175,  1,  165,  202,  203,  485, 712,  125.0,  23,  Nuc1057349,  2919,  0, 0, 0, , 0, 0, 0, 0, 0,
176,  1,  167,  -1,  -1,  384, 682,  137.0,  23,  Nuc1057661,  1280,  0, 0, 0, , 0, 0, 0, 0, 0,
177,  1,  167,  204,  -1,  368, 744,  138.0,  23,  Nuc1057662,  2604,  0, 0, 0, , 0, 0, 0, 0, 0,
178,  1,  168,  -1,  -1,  493, 717,  146.0,  21,  Nuc1057683,  1461,  0, 0, 0, , 0, 0, 0, 0, 0,
179,  1,  168,  205,  -1,  464, 745,  138.0,  23,  Nuc1057684,  2941,  0, 0, 0, , 0, 0, 0, 0, 0,
180,  1,  169,  206,  -1,  447, 686,  141.0,  23,  Nuc1057747,  1773,  0, 0, 0, , 0, 0, 0, 0, 0,
181,  1,  170,  207,  -1,  480, 717,  152.0,  21,  Nuc1057765,  2265,  0, 0, 0, , 0, 0, 0, 0, 0,
182,  1,  171,  208,  -1,  505, 578,  129.0,  23,  Nuc1057917,  1761,  0, 0, 0, , 0, 0, 0, 0, 0,
183,  1,  172,  209,  -1,  592, 642,  132.0,  23,  Nuc1058197,  4001,  0, 0, 0, , 0, 0, 0, 0, 0,
184,  1,  173,  210,  -1,  565, 651,  146.0,  23,  Nuc1062375,  3180,  0, 0, 0, , 0, 0, 0, 0, 0,
185,  1,  174,  -1,  -1,  561, 719,  147.0,  21,  Nuc1091594,  1325,  0, 0, 0, , 0, 0, 0, 0, 0,
186,  1,  174,  211,  212,  552, 693,  136.0,  23,  Nuc1091595,  2659,  0, 0, 0, , 0, 0, 0, 0, 0,
187,  1,  175,  213,  -1,  550, 693,  124.0,  25,  Nuc1092039,  3087,  0, 0, 0, , 0, 0, 0, 0, 0,
188,  1,  176,  214,  -1,  630, 634,  146.0,  21,  Nuc1102221,  582,  0, 0, 0, , 0, 0, 0, 0, 0,
189,  1,  177,  215,  -1,  622, 690,  140.0,  25,  Nuc1124425,  3831,  0, 0, 0, , 0, 0, 0, 0, 0,
190,  1,  178,  216,  217,  645, 694,  126.0,  23,  Nuc1129025,  3242,  0, 0, 0, , 0, 0, 0, 0, 0,
191,  1,  179,  218,  -1,  605, 751,  121.0,  23,  Nuc1145054,  4338,  0, 0, 0, , 0, 0, 0, 0, 0,
192,  1,  180,  219,  -1,  615, 747,  132.0,  23,  Nuc1145227,  3043,  0, 0, 0, , 0, 0, 0, 0, 0,
193,  1,  181,  220,  -1,  409, 543,  137.0,  23,  Nuc1208208,  1494,  0, 0, 0, , 0, 0, 0, 0, 0,
194,  1,  182,  221,  -1,  458, 565,  136.0,  23,  Nuc1208216,  939,  0, 0, 0, , 0, 0, 0, 0, 0,
195,  1,  183,  222,  -1,  463, 521,  127.0,  21,  Nuc1208669,  817,  0, 0, 0, , 0, 0, 0, 0, 0,
196,  1,  184,  223,  -1,  516, 508,  131.0,  23,  Nuc1208687,  2161,  0, 0, 0, , 0, 0, 0, 0, 0,
197,  1,  185,  224,  -1,  585, 748,  145.0,  21,  Nuc1210625,  2053,  0, 0, 0, , 0, 0, 0, 0, 0,
198,  1,  186,  225,  226,  555, 814,  150.0,  23,  Nuc1231754,  2630,  0, 0, 0, , 0, 0, 0, 0, 0,
199,  1,  187,  227,  -1,  545, 860,  136.0,  31,  Nuc1234873,  2735,  0, 0, 0, , 0, 0, 0, 0, 0,
200,  1,  188,  228,  -1,  464, 820,  150.0,  21,  Nuc1247463,  2879,  0, 0, 0, , 0, 0, 0, 0, 0,
201,  1,  189,  229,  -1,  480, 806,  141.0,  23,  Nuc1248928,  2882,  0, 0, 0, , 0, 0, 0, 0, 0,
202,  1,  190,  230,  -1,  521, 752,  159.0,  21,  Nuc1262382,  2231,  0, 0, 0, , 0, 0, 0, 0, 0,
203,  1,  190,  231,  -1,  511, 772,  155.0,  21,  Nuc1262651,  1661,  0, 0, 0, , 0, 0, 0, 0, 0,
204,  1,  191,  232,  -1,  468, 764,  162.0,  23,  Nuc1270027,  3848,  0, 0, 0, , 0, 0, 0, 0, 0,
205,  1,  192,  233,  -1,  675, 578,  130.0,  21,  Nuc1272776,  3169,  0, 0, 0, , 0, 0, 0, 0, 0,
206,  1,  193,  234,  -1,  681, 635,  131.0,  23,  Nuc1330334,  3110,  0, 0, 0, , 0, 0, 0, 0, 0,
207,  1,  194,  235,  -1,  656, 604,  151.0,  23,  Nuc1335666,  4353,  0, 0, 0, , 0, 0, 0, 0, 0,
208,  1,  195,  236,  -1,  600, 584,  138.0,  23,  Nuc1336684,  3386,  0, 0, 0, , 0, 0, 0, 0, 0,
209,  1,  196,  237,  -1,  566, 548,  134.0,  23,  Nuc1344453,  2514,  0, 0, 0, , 0, 0, 0, 0, 0,
210,  1,  197,  238,  -1,  617, 527,  136.0,  23,  Nuc1390599,  1402,  0, 0, 0, , 0, 0, 0, 0, 0,
211,  1,  198,  239,  -1,  682, 505,  131.0,  21,  Nuc1418354,  3982,  0, 0, 0, , 0, 0, 0, 0, 0,
212,  1,  200,  240,  241,  395, 616,  158.0,  21,  Nuc1418875,  1987,  0, 0, 0, , 0, 0, 0, 0, 0,
213,  1,  202,  -1,  -1,  417, 519,  154.0,  23,  Nuc1419074,  309,  0, 0, 0, , 0, 0, 0, 0, 0,
214,  1,  203,  242,  -1,  425, 528,  180.0,  23,  Nuc1419106,  3579,  0, 0, 0, , 0, 0, 0, 0, 0,
215,  1,  204,  243,  -1,  433, 553,  168.0,  23,  Nuc1419552,  2971,  0, 0, 0, , 0, 0, 0, 0, 0,
216,  1,  205,  -1,  -1,  409, 448,  126.0,  23,  Nuc1426702,  611,  0, 0, 0, , 0, 0, 0, 0, 0,
217,  1,  206,  244,  -1,  509, 444,  133.0,  23,  Nuc1426708,  3948,  0, 0, 0, , 0, 0, 0, 0, 0,
218,  1,  207,  245,  -1,  507, 440,  126.0,  23,  Nuc1427159,  2536,  0, 0, 0, , 0, 0, 0, 0, 0,
219,  1,  208,  246,  -1,  466, 468,  128.0,  23,  Nuc1427162,  4436,  0, 0, 0, , 0, 0, 0, 0, 0,
220,  1,  209,  247,  -1,  628, 475,  129.0,  21,  Nuc1431521,  3937,  0, 0, 0, , 0, 0, 0, 0, 0,
221,  1,  210,  248,  -1,  567, 469,  130.0,  23,  Nuc1453059,  3416,  0, 0, 0, , 0, 0, 0, 0, 0,
222,  1,  211,  249,  -1,  459, 504,  160.0,  23,  Nuc1468270,  3879,  0, 0, 0, , 0, 0, 0, 0, 0,
223,  1,  212,  250,  -1,  471, 519,  154.0,  21,  Nuc1468879,  3238,  0, 0, 0, , 0, 0, 0, 0, 0,
224,  1,  213,  251,  -1,  503, 531,  144.0,  23,  Nuc1476766,  2727,  0, 0, 0, , 0, 0, 0, 0, 0,
225,  1,  214,  252,  -1,  426, 418,  148.0,  21,  Nuc1476781,  1689,  0, 0, 0, , 0, 0, 0, 0, 0,
226,  1,  215,  -1,  -1,  476, 457,  148.0,  23,  Nuc1483133,  1824,  0, 0, 0, , 0, 0, 0, 0, 0,
227,  1,  216,  253,  -1,  515, 475,  142.0,  21,  Nuc1483145,  3543,  0, 0, 0, , 0, 0, 0, 0, 0,
228,  1,  218,  254,  255,  371, 378,  164.0,  21,  Nuc1483241,  2520,  0, 0, 0, , 0, 0, 0, 0, 0,
229,  1,  219,  256,  -1,  336, 373,  172.0,  21,  Nuc1492376,  2171,  0, 0, 0, , 0, 0, 0, 0, 0,
230,  1,  221,  257,  -1,  285, 436,  165.0,  21,  Nuc1492494,  2000,  0, 0, 0, , 0, 0, 0, 0, 0,
231,  1,  222,  258,  -1,  409, 377,  177.0,  23,  Nuc1493018,  4275,  0, 0, 0, , 0, 0, 0, 0, 0,
232,  1,  223,  -1,  -1,  376, 425,  156.0,  23,  Nuc1493168,  1266,  0, 0, 0, , 0, 0, 0, 0, 0,
233,  1,  224,  259,  -1,  419, 468,  154.0,  23,  Nuc1493172,  1597,  0, 0, 0, , 0, 0, 0, 0, 0,
234,  1,  226,  260,  -1,  389, 425,  161.0,  21,  Nuc1493199,  2140,  0, 0, 0, , 0, 0, 0, 0, 0,
235,  1,  227,  261,  -1,  461, 292,  166.0,  21,  Nuc1493240,  2055,  0, 0, 0, , 0, 0, 0, 0, 0,
236,  1,  228,  262,  263,  331, 332,  156.0,  21,  Nuc1493622,  1671,  0, 0, 0, , 0, 0, 0, 0, 0,
237,  1,  229,  264,  265,  403, 323,  163.0,  23,  Nuc1493780,  1627,  0, 0, 0, , 0, 0, 0, 0, 0,
238,  1,  229,  266,  -1,  391, 319,  167.0,  21,  Nuc1494298,  2550,  0, 0, 0, , 0, 0, 0, 0, 0,
239,  1,  231,  267,  -1,  333, 267,  138.0,  21,  Nuc1494736,  2375,  0, 0, 0, , 0, 0, 0, 0, 0,
240,  1,  232,  -1,  -1,  367, 289,  152.0,  21,  Nuc1496192,  2439,  0, 0, 0, , 0, 0, 0, 0, 0,
241,  1,  232,  268,  269,  399, 322,  148.0,  21,  Nuc1496193,  862,  0, 0, 0, , 0, 0, 0, 0, 0,
242,  1,  233,  270,  -1,  430, 263,  156.0,  23,  Nuc1496382,  2643,  0, 0, 0, , 0, 0, 0, 0, 0,
243,  1,  234,  271,  272,  419, 213,  146.0,  21,  Nuc1497068,  2617,  0, 0, 0, , 0, 0, 0, 0, 0,
244,  1,  235,  273,  -1,  665, 325,  149.0,  21,  Nuc1500742,  2461,  0, 0, 0, , 0, 0, 0, 0, 0,
245,  1,  236,  274,  -1,  667, 284,  154.0,  21,  Nuc1502239,  2109,  0, 0, 0, , 0, 0, 0, 0, 0,
246,  1,  237,  275,  -1,  611, 356,  158.0,  21,  Nuc1503373,  1388,  0, 0, 0, , 0, 0, 0, 0, 0,
247,  1,  238,  276,  -1,  639, 348,  166.0,  21,  Nuc1507085,  1926,  0, 0, 0, , 0, 0, 0, 0, 0,
248,  1,  239,  277,  278,  641, 414,  155.0,  21,  Nuc1508353,  2510,  0, 0, 0, , 0, 0, 0, 0, 0,
249,  1,  240,  279,  -1,  656, 367,  142.0,  21,  Nuc1510138,  1652,  0, 0, 0, , 0, 0, 0, 0, 0,
250,  1,  241,  -1,  -1,  722, 359,  143.0,  21,  Nuc1514828,  2663,  0, 0, 0, , 0, 0, 0, 0, 0,
251,  1,  241,  280,  -1,  681, 399,  140.0,  21,  Nuc1514829,  1547,  0, 0, 0, , 0, 0, 0, 0, 0,
252,  1,  242,  281,  282,  610, 419,  131.0,  23,  Nuc1514885,  2144,  0, 0, 0, , 0, 0, 0, 0, 0,
253,  1,  243,  283,  284,  549, 409,  135.0,  23,  Nuc1514906,  2333,  0, 0, 0, , 0, 0, 0, 0, 0,
254,  1,  244,  285,  -1,  653, 334,  125.0,  23,  Nuc1545778,  2276,  0, 0, 0, , 0, 0, 0, 0, 0,
255,  1,  245,  286,  -1,  596, 339,  144.0,  23,  Nuc1551442,  3909,  0, 0, 0, , 0, 0, 0, 0, 0,
256,  1,  246,  287,  -1,  483, 302,  155.0,  21,  Nuc1553378,  1526,  0, 0, 0, , 0, 0, 0, 0, 0,
257,  1,  246,  288,  289,  464, 341,  150.0,  21,  Nuc1556095,  2219,  0, 0, 0, , 0, 0, 0, 0, 0,
258,  1,  247,  290,  -1,  512, 346,  137.0,  21,  Nuc1560745,  1280,  0, 0, 0, , 0, 0, 0, 0, 0,
259,  1,  248,  291,  -1,  569, 250,  149.0,  21,  Nuc1572646,  1832,  0, 0, 0, , 0, 0, 0, 0, 0,
260,  1,  248,  292,  293,  542, 279,  152.0,  21,  Nuc1575104,  2220,  0, 0, 0, , 0, 0, 0, 0, 0,
261,  1,  249,  294,  -1,  503, 242,  156.0,  21,  Nuc1575668,  1766,  0, 0, 0, , 0, 0, 0, 0, 0,
262,  1,  249,  295,  -1,  509, 220,  150.0,  21,  Nuc1576124,  1669,  0, 0, 0, , 0, 0, 0, 0, 0,
263,  1,  250,  296,  -1,  595, 275,  159.0,  21,  Nuc1577630,  2983,  0, 0, 0, , 0, 0, 0, 0, 0,
264,  1,  251,  297,  298,  576, 329,  166.0,  25,  Nuc1581763,  3251,  0, 0, 0, , 0, 0, 0, 0, 0,
265,  1,  252,  299,  -1,  462, 360,  172.0,  21,  Nuc1584300,  2453,  0, 0, 0, , 0, 0, 0, 0, 0,
266,  1,  253,  300,  -1,  511, 319,  168.0,  23,  Nuc1584425,  2969,  0, 0, 0, , 0, 0, 0, 0, 0,
267,  1,  254,  301,  -1,  649, 464,  152.0,  23,  Nuc1584599,  3818,  0, 0, 0, , 0, 0, 0, 0, 0,
268,  1,  255,  302,  -1,  665, 452,  140.0,  23,  Nuc1602923,  3577,  0, 0, 0, , 0, 0, 0, 0, 0,
269,  1,  256,  303,  304,  722, 431,  130.0,  23,  Nuc1622771,  4086,  0, 0, 0, , 0, 0, 0, 0, 0,
270,  1,  257,  305,  -1,  675, 408,  126.0,  23,  Nuc1639855,  3322,  0, 0, 0, , 0, 0, 0, 0, 0,
271,  1,  258,  306,  -1,  645, 529,  166.0,  23,  Nuc1640590,  7837,  0, 0, 0, , 0, 0, 0, 0, 0,
272,  1,  259,  307,  -1,  661, 507,  142.0,  23,  Nuc1643537,  7260,  0, 0, 0, , 0, 0, 0, 0, 0,
273,  1,  260,  308,  -1,  641, 526,  150.0,  21,  Nuc1647668,  5221,  0, 0, 0, , 0, 0, 0, 0, 0,
274,  1,  261,  309,  310,  725, 616,  156.0,  21,  Nuc1703107,  2326,  0, 0, 0, , 0, 0, 0, 0, 0,
275,  1,  261,  311,  -1,  693, 574,  157.0,  23,  Nuc1707564,  9373,  0, 0, 0, , 0, 0, 0, 0, 0,
276,  1,  262,  312,  -1,  674, 548,  157.0,  21,  Nuc1707834,  7356,  0, 0, 0, , 0, 0, 0, 0, 0,
277,  1,  263,  313,  -1,  659, 561,  143.0,  23,  Nuc1707968,  6484,  0, 0, 0, , 0, 0, 0, 0, 0,
278,  1,  264,  314,  -1,  691, 547,  137.0,  21,  Nuc1738831,  6484,  0, 0, 0, , 0, 0, 0, 0, 0,
279,  1,  265,  315,  316,  510, 494,  154.0,  21,  Nuc1740632,  2781,  0, 0, 0, , 0, 0, 0, 0, 0,
280,  1,  266,  317,  -1,  528, 536,  157.0,  21,  Nuc1750720,  5336,  0, 0, 0, , 0, 0, 0, 0, 0,
281,  1,  267,  318,  -1,  575, 533,  147.0,  23,  Nuc1754970,  6820,  0, 0, 0, , 0, 0, 0, 0, 0,
282,  1,  268,  319,  -1,  586, 615,  156.0,  21,  Nuc1755560,  954,  0, 0, 0, , 0, 0, 0, 0, 0,
283,  1,  268,  320,  -1,  554, 579,  153.0,  23,  Nuc1759618,  5347,  0, 0, 0, , 0, 0, 0, 0, 0,
284,  1,  269,  321,  -1,  532, 522,  172.0,  23,  Nuc1759777,  6108,  0, 0, 0, , 0, 0, 0, 0, 0,
285,  1,  270,  322,  -1,  540, 472,  174.0,  23,  Nuc1762247,  6548,  0, 0, 0, , 0, 0, 0, 0, 0,
286,  1,  271,  323,  -1,  447, 488,  173.0,  21,  Nuc1763428,  1101,  0, 0, 0, , 0, 0, 0, 0, 0,
287,  1,  271,  324,  -1,  487, 503,  179.0,  21,  Nuc1763549,  6069,  0, 0, 0, , 0, 0, 0, 0, 0,
288,  1,  272,  325,  326,  499, 445,  173.0,  21,  Nuc1763593,  1419,  0, 0, 0, , 0, 0, 0, 0, 0,
289,  1,  273,  327,  -1,  488, 443,  164.0,  21,  Nuc1765096,  3374,  0, 0, 0, , 0, 0, 0, 0, 0,
290,  1,  273,  328,  329,  447, 416,  162.0,  23,  Nuc1769713,  3346,  0, 0, 0, , 0, 0, 0, 0, 0,
291,  1,  274,  330,  -1,  506, 492,  167.0,  23,  Nuc1772030,  5327,  0, 0, 0, , 0, 0, 0, 0, 0,
292,  1,  275,  331,  -1,  487, 570,  158.0,  21,  Nuc1773085,  2665,  0, 0, 0, , 0, 0, 0, 0, 0,
293,  1,  276,  332,  333,  428, 723,  167.0,  23,  Nuc1773191,  3633,  0, 0, 0, , 0, 0, 0, 0, 0,
294,  1,  277,  334,  335,  410, 673,  159.0,  23,  Nuc1783548,  3163,  0, 0, 0, , 0, 0, 0, 0, 0,
295,  1,  278,  -1,  -1,  335, 587,  163.0,  21,  Nuc1784093,  1200,  0, 0, 0, , 0, 0, 0, 0, 0,
296,  1,  280,  336,  -1,  363, 695,  166.0,  21,  Nuc1784128,  2365,  0, 0, 0, , 0, 0, 0, 0, 0,
297,  1,  281,  337,  -1,  314, 698,  157.0,  21,  Nuc1784507,  1518,  0, 0, 0, , 0, 0, 0, 0, 0,
298,  1,  283,  338,  -1,  276, 597,  163.0,  21,  Nuc1785280,  1897,  0, 0, 0, , 0, 0, 0, 0, 0,
299,  1,  284,  339,  -1,  315, 613,  158.0,  21,  Nuc1785357,  2113,  0, 0, 0, , 0, 0, 0, 0, 0,
300,  1,  285,  -1,  -1,  345, 574,  155.0,  23,  Nuc1787969,  585,  0, 0, 0, , 0, 0, 0, 0, 0,
301,  1,  287,  340,  341,  427, 609,  168.0,  21,  Nuc1787989,  2125,  0, 0, 0, , 0, 0, 0, 0, 0,
302,  1,  289,  342,  -1,  354, 608,  180.0,  23,  Nuc1793868,  1596,  0, 0, 0, , 0, 0, 0, 0, 0,
303,  1,  290,  343,  -1,  375, 650,  173.0,  21,  Nuc1794055,  2488,  0, 0, 0, , 0, 0, 0, 0, 0,
304,  1,  291,  344,  -1,  468, 420,  182.0,  23,  Nuc1794134,  3056,  0, 0, 0, , 0, 0, 0, 0, 0,
305,  1,  292,  345,  -1,  551, 417,  178.0,  23,  Nuc1794477,  3609,  0, 0, 0, , 0, 0, 0, 0, 0,
306,  1,  293,  346,  -1,  527, 365,  175.0,  23,  Nuc1795190,  4136,  0, 0, 0, , 0, 0, 0, 0, 0,
307,  1,  294,  347,  -1,  637, 444,  168.0,  21,  Nuc1800342,  2125,  0, 0, 0, , 0, 0, 0, 0, 0,
308,  1,  294,  348,  -1,  637, 474,  169.0,  21,  Nuc1841608,  2965,  0, 0, 0, , 0, 0, 0, 0, 0,
309,  1,  295,  349,  -1,  616, 404,  173.0,  23,  Nuc1842033,  5086,  0, 0, 0, , 0, 0, 0, 0, 0,
310,  1,  296,  350,  -1,  700, 370,  160.0,  23,  Nuc1848886,  4734,  0, 0, 0, , 0, 0, 0, 0, 0,
311,  1,  297,  351,  -1,  685, 415,  168.0,  23,  Nuc1849852,  4668,  0, 0, 0, , 0, 0, 0, 0, 0,
312,  1,  298,  352,  -1,  657, 505,  178.0,  21,  Nuc1850316,  5047,  0, 0, 0, , 0, 0, 0, 0, 0,
313,  1,  299,  353,  -1,  679, 460,  173.0,  23,  Nuc1850862,  6640,  0, 0, 0, , 0, 0, 0, 0, 0,
314,  1,  300,  354,  -1,  751, 465,  166.0,  23,  Nuc1851820,  5905,  0, 0, 0, , 0, 0, 0, 0, 0,
315,  1,  301,  355,  -1,  700, 512,  167.0,  23,  Nuc1854179,  5815,  0, 0, 0, , 0, 0, 0, 0, 0,
316,  1,  302,  356,  -1,  745, 515,  169.0,  21,  Nuc1858798,  5304,  0, 0, 0, , 0, 0, 0, 0, 0,
317,  1,  303,  357,  -1,  634, 636,  167.0,  21,  Nuc1862230,  2728,  0, 0, 0, , 0, 0, 0, 0, 0,
318,  1,  303,  358,  359,  635, 580,  167.0,  23,  Nuc1862830,  3424,  0, 0, 0, , 0, 0, 0, 0, 0,
319,  1,  304,  360,  361,  683, 569,  173.0,  27,  Nuc1863116,  5368,  0, 0, 0, , 0, 0, 0, 0, 0,
320,  1,  305,  362,  -1,  752, 536,  156.0,  23,  Nuc1867442,  6039,  0, 0, 0, , 0, 0, 0, 0, 0,
321,  1,  306,  363,  -1,  717, 541,  162.0,  21,  Nuc1867573,  6178,  0, 0, 0, , 0, 0, 0, 0, 0,
322,  1,  307,  364,  -1,  732, 553,  171.0,  21,  Nuc1868208,  5434,  0, 0, 0, , 0, 0, 0, 0, 0,
323,  1,  308,  365,  -1,  475, 682,  177.0,  23,  Nuc1869404,  3540,  0, 0, 0, , 0, 0, 0, 0, 0,
324,  1,  309,  366,  -1,  425, 675,  176.0,  21,  Nuc1869781,  4142,  0, 0, 0, , 0, 0, 0, 0, 0,
325,  1,  310,  367,  -1,  630, 707,  169.0,  21,  Nuc1870011,  4480,  0, 0, 0, , 0, 0, 0, 0, 0,
326,  1,  311,  368,  369,  600, 690,  158.0,  23,  Nuc1871466,  4491,  0, 0, 0, , 0, 0, 0, 0, 0,
327,  1,  312,  370,  -1,  619, 781,  153.0,  23,  Nuc1876971,  4042,  0, 0, 0, , 0, 0, 0, 0, 0,
328,  1,  313,  371,  -1,  575, 755,  162.0,  21,  Nuc1880457,  5300,  0, 0, 0, , 0, 0, 0, 0, 0,
329,  1,  314,  372,  -1,  519, 650,  178.0,  23,  Nuc1883055,  4300,  0, 0, 0, , 0, 0, 0, 0, 0,
330,  1,  315,  373,  374,  568, 661,  172.0,  23,  Nuc1886240,  5075,  0, 0, 0, , 0, 0, 0, 0, 0,
331,  1,  316,  375,  -1,  491, 717,  171.0,  23,  Nuc1889470,  4907,  0, 0, 0, , 0, 0, 0, 0, 0,
332,  1,  317,  376,  -1,  555, 720,  168.0,  23,  Nuc1890977,  4839,  0, 0, 0, , 0, 0, 0, 0, 0,
333,  1,  318,  377,  -1,  627, 644,  175.0,  23,  Nuc1892167,  2844,  0, 0, 0, , 0, 0, 0, 0, 0,
334,  1,  319,  378,  379,  693, 645,  167.0,  25,  Nuc1918905,  9764,  0, 0, 0, , 0, 0, 0, 0, 0,
335,  1,  320,  380,  -1,  576, 617,  179.0,  23,  Nuc1921296,  4579,  0, 0, 0, , 0, 0, 0, 0, 0,
336,  1,  321,  381,  -1,  576, 563,  179.0,  21,  Nuc1921419,  4983,  0, 0, 0, , 0, 0, 0, 0, 0,
337,  1,  322,  382,  -1,  582, 459,  180.0,  23,  Nuc1922094,  4560,  0, 0, 0, , 0, 0, 0, 0, 0,
338,  1,  323,  383,  -1,  626, 551,  177.0,  23,  Nuc1922194,  7967,  0, 0, 0, , 0, 0, 0, 0, 0,
339,  1,  324,  384,  -1,  506, 597,  183.0,  23,  Nuc1923310,  5277,  0, 0, 0, , 0, 0, 0, 0, 0,
340,  1,  325,  385,  386,  454, 630,  181.0,  23,  Nuc1924249,  7318,  0, 0, 0, , 0, 0, 0, 0, 0,
341,  1,  326,  387,  -1,  441, 583,  182.0,  23,  Nuc1934143,  2809,  0, 0, 0, , 0, 0, 0, 0, 0,
342,  1,  327,  388,  -1,  475, 659,  167.0,  23,  Nuc1934284,  2351,  0, 0, 0, , 0, 0, 0, 0, 0,
343,  1,  328,  389,  -1,  520, 626,  162.0,  21,  Nuc1942139,  2421,  0, 0, 0, , 0, 0, 0, 0, 0,
344,  1,  328,  390,  -1,  525, 621,  154.0,  21,  Nuc1942273,  1243,  0, 0, 0, , 0, 0, 0, 0, 0,
345,  1,  329,  391,  -1,  462, 632,  154.0,  25,  Nuc1943203,  3397,  0, 0, 0, , 0, 0, 0, 0, 0,
346,  1,  330,  392,  -1,  530, 683,  163.0,  21,  Nuc1943237,  1115,  0, 0, 0, , 0, 0, 0, 0, 0,
347,  1,  330,  393,  -1,  523, 678,  155.0,  23,  Nuc1948710,  2222,  0, 0, 0, , 0, 0, 0, 0, 0,
348,  1,  331,  394,  395,  533, 578,  168.0,  21,  Nuc1950070,  1360,  0, 0, 0, , 0, 0, 0, 0, 0,
349,  1,  332,  396,  -1,  489, 537,  168.0,  23,  Nuc1950336,  3977,  0, 0, 0, , 0, 0, 0, 0, 0,
350,  1,  333,  397,  398,  485, 596,  171.0,  23,  Nuc1953398,  3473,  0, 0, 0, , 0, 0, 0, 0, 0,
351,  1,  334,  399,  -1,  401, 531,  186.0,  23,  Nuc1953748,  2221,  0, 0, 0, , 0, 0, 0, 0, 0,
352,  1,  335,  400,  -1,  396, 449,  184.0,  23,  Nuc1954719,  2326,  0, 0, 0, , 0, 0, 0, 0, 0,
353,  1,  336,  401,  -1,  494, 533,  185.0,  23,  Nuc1954953,  5357,  0, 0, 0, , 0, 0, 0, 0, 0,
354,  1,  337,  402,  -1,  569, 513,  183.0,  23,  Nuc1955390,  4189,  0, 0, 0, , 0, 0, 0, 0, 0,
355,  1,  338,  403,  -1,  531, 550,  182.0,  23,  Nuc1967360,  6378,  0, 0, 0, , 0, 0, 0, 0, 0,
356,  1,  339,  404,  -1,  513, 467,  184.0,  23,  Nuc1968452,  4811,  0, 0, 0, , 0, 0, 0, 0, 0,
357,  1,  340,  405,  -1,  446, 497,  186.0,  25,  Nuc1968614,  5054,  0, 0, 0, , 0, 0, 0, 0, 0,
358,  1,  341,  406,  407,  588, 618,  162.0,  21,  Nuc1968851,  2868,  0, 0, 0, , 0, 0, 0, 0, 0,
359,  1,  342,  408,  -1,  594, 517,  170.0,  21,  Nuc2004975,  3977,  0, 0, 0, , 0, 0, 0, 0, 0,
360,  1,  343,  409,  -1,  581, 555,  162.0,  21,  Nuc2006247,  3108,  0, 0, 0, , 0, 0, 0, 0, 0,
361,  1,  343,  -1,  -1,  604, 558,  154.0,  21,  Nuc2009172,  1835,  0, 0, 0, , 0, 0, 0, 0, 0,
362,  1,  344,  410,  411,  399, 761,  161.0,  23,  Nuc2009259,  3297,  0, 0, 0, , 0, 0, 0, 0, 0,
363,  1,  345,  412,  -1,  557, 497,  163.0,  23,  Nuc2012799,  3356,  0, 0, 0, , 0, 0, 0, 0, 0,
364,  1,  346,  413,  414,  506, 375,  163.0,  19,  Nuc2021758,  1160,  0, 0, 0, , 0, 0, 0, 0, 0,
365,  1,  347,  415,  -1,  536, 355,  155.0,  21,  Nuc2023770,  1621,  0, 0, 0, , 0, 0, 0, 0, 0,
366,  1,  348,  416,  417,  571, 400,  163.0,  23,  Nuc2024311,  5461,  0, 0, 0, , 0, 0, 0, 0, 0,
367,  1,  349,  -1,  -1,  538, 440,  157.0,  21,  Nuc2034656,  3536,  0, 0, 0, , 0, 0, 0, 0, 0,
368,  1,  350,  418,  -1,  586, 454,  164.0,  21,  Nuc2034699,  4236,  0, 0, 0, , 0, 0, 0, 0, 0,
369,  1,  351,  419,  -1,  676, 506,  156.0,  21,  Nuc2034846,  4909,  0, 0, 0, , 0, 0, 0, 0, 0,
370,  1,  352,  420,  -1,  611, 492,  155.0,  23,  Nuc2054050,  3508,  0, 0, 0, , 0, 0, 0, 0, 0,
371,  1,  353,  421,  422,  286, 457,  153.0,  23,  Nuc2064316,  1924,  0, 0, 0, , 0, 0, 0, 0, 0,
372,  1,  354,  423,  -1,  252, 624,  154.0,  21,  Nuc2064590,  1637,  0, 0, 0, , 0, 0, 0, 0, 0,
373,  1,  355,  -1,  -1,  308, 653,  147.0,  21,  Nuc2064671,  1468,  0, 0, 0, , 0, 0, 0, 0, 0,
374,  1,  357,  424,  -1,  439, 362,  139.0,  21,  Nuc2064830,  3388,  0, 0, 0, , 0, 0, 0, 0, 0,
375,  1,  360,  425,  426,  484, 332,  127.0,  21,  Nuc2064912,  1765,  0, 0, 0, , 0, 0, 0, 0, 0,
376,  1,  361,  -1,  -1,  376, 384,  142.0,  23,  Nuc2070297,  1274,  0, 0, 0, , 0, 0, 0, 0, 0,
377,  1,  362,  -1,  -1,  322, 384,  126.0,  23,  Nuc2070325,  1453,  0, 0, 0, , 0, 0, 0, 0, 0,
378,  1,  363,  427,  -1,  355, 334,  126.0,  21,  Nuc2070327,  523,  0, 0, 0, , 0, 0, 0, 0, 0,
379,  1,  364,  -1,  -1,  355, 406,  125.0,  23,  Nuc2070336,  273,  0, 0, 0, , 0, 0, 0, 0, 0,
380,  1,  365,  -1,  -1,  406, 382,  125.0,  23,  Nuc2070338,  2577,  0, 0, 0, , 0, 0, 0, 0, 0,
381,  1,  366,  428,  429,  345, 551,  180.0,  21,  Nuc2070381,  2544,  0, 0, 0, , 0, 0, 0, 0, 0,
382,  1,  367,  430,  -1,  294, 559,  167.0,  23,  Nuc2070523,  3337,  0, 0, 0, , 0, 0, 0, 0, 0,
383,  1,  368,  431,  -1,  364, 800,  114.0,  21,  Nuc2070797,  713,  0, 0, 0, , 0, 0, 0, 0, 0,
384,  1,  369,  432,  -1,  388, 831,  109.0,  21,  Nuc2071265,  2043,  0, 0, 0, , 0, 0, 0, 0, 0,
385,  1,  370,  433,  434,  372, 889,  108.0,  21,  Nuc2071275,  1856,  0, 0, 0, , 0, 0, 0, 0, 0,
386,  1,  371,  435,  -1,  374, 893,  99.0,  23,  Nuc2080679,  1276,  0, 0, 0, , 0, 0, 0, 0, 0,
387,  1,  372,  -1,  -1,  372, 601,  138.0,  23,  Nuc2080743,  2355,  0, 0, 0, , 0, 0, 0, 0, 0,
388,  1,  373,  436,  -1,  419, 628,  141.0,  23,  Nuc2080745,  1267,  0, 0, 0, , 0, 0, 0, 0, 0,
389,  1,  374,  -1,  -1,  369, 672,  142.0,  21,  Nuc2080780,  1387,  0, 0, 0, , 0, 0, 0, 0, 0,
390,  1,  376,  437,  -1,  287, 352,  152.0,  21,  Nuc2080852,  1315,  0, 0, 0, , 0, 0, 0, 0, 0,
391,  1,  377,  438,  439,  248, 337,  147.0,  21,  Nuc2080914,  2482,  0, 0, 0, , 0, 0, 0, 0, 0,
392,  1,  378,  440,  -1,  302, 509,  168.0,  21,  Nuc2081077,  2443,  0, 0, 0, , 0, 0, 0, 0, 0,
393,  1,  379,  -1,  -1,  344, 547,  173.0,  19,  Nuc2081309,  545,  0, 0, 0, , 0, 0, 0, 0, 0,
394,  1,  380,  441,  -1,  400, 492,  172.0,  21,  Nuc2081312,  2023,  0, 0, 0, , 0, 0, 0, 0, 0,
395,  1,  380,  442,  443,  373, 540,  167.0,  21,  Nuc2082006,  2520,  0, 0, 0, , 0, 0, 0, 0, 0,
396,  1,  381,  444,  -1,  364, 488,  164.0,  21,  Nuc2084633,  2084,  0, 0, 0, , 0, 0, 0, 0, 0,
397,  1,  382,  445,  -1,  417, 838,  124.0,  23,  Nuc2084914,  2746,  0, 0, 0, , 0, 0, 0, 0, 0,
398,  1,  383,  446,  -1,  377, 872,  119.0,  23,  Nuc2087971,  2794,  0, 0, 0, , 0, 0, 0, 0, 0,
399,  1,  384,  447,  -1,  345, 495,  179.0,  23,  Nuc2088525,  2325,  0, 0, 0, , 0, 0, 0, 0, 0,
400,  1,  385,  448,  449,  369, 437,  176.0,  21,  Nuc2088545,  1568,  0, 0, 0, , 0, 0, 0, 0, 0,
401,  1,  385,  450,  -1,  339, 441,  177.0,  21,  Nuc2088670,  1950,  0, 0, 0, , 0, 0, 0, 0, 0,
402,  1,  386,  451,  -1,  428, 688,  124.0,  23,  Nuc2088799,  3498,  0, 0, 0, , 0, 0, 0, 0, 0,
403,  1,  387,  452,  -1,  547, 751,  130.0,  21,  Nuc2088818,  1919,  0, 0, 0, , 0, 0, 0, 0, 0,
404,  1,  387,  453,  -1,  531, 761,  138.0,  21,  Nuc2132770,  1490,  0, 0, 0, , 0, 0, 0, 0, 0,
405,  1,  391,  454,  455,  267, 556,  143.0,  21,  Nuc2132808,  1295,  0, 0, 0, , 0, 0, 0, 0, 0,
406,  1,  392,  456,  -1,  374, 603,  143.0,  23,  Nuc2132824,  3021,  0, 0, 0, , 0, 0, 0, 0, 0,
407,  1,  393,  457,  -1,  287, 605,  149.0,  21,  Nuc2132837,  2047,  0, 0, 0, , 0, 0, 0, 0, 0,
408,  1,  395,  458,  -1,  364, 541,  144.0,  23,  Nuc2132881,  2280,  0, 0, 0, , 0, 0, 0, 0, 0,
409,  1,  396,  459,  -1,  293, 562,  156.0,  21,  Nuc2132900,  2763,  0, 0, 0, , 0, 0, 0, 0, 0,
410,  1,  397,  460,  -1,  335, 520,  157.0,  21,  Nuc2134950,  1672,  0, 0, 0, , 0, 0, 0, 0, 0,
411,  1,  398,  461,  -1,  274, 512,  158.0,  21,  Nuc2134959,  1902,  0, 0, 0, , 0, 0, 0, 0, 0,
412,  1,  399,  462,  -1,  236, 484,  157.0,  21,  Nuc2134978,  1964,  0, 0, 0, , 0, 0, 0, 0, 0,
413,  1,  400,  463,  -1,  504, 652,  142.0,  23,  Nuc2134995,  1975,  0, 0, 0, , 0, 0, 0, 0, 0,
414,  1,  403,  464,  -1,  254, 416,  156.0,  21,  Nuc2160234,  262,  0, 0, 0, , 0, 0, 0, 0, 0,
415,  1,  405,  465,  -1,  272, 367,  140.0,  21,  Nuc2160249,  2620,  0, 0, 0, , 0, 0, 0, 0, 0,
416,  1,  407,  466,  -1,  332, 342,  146.0,  21,  Nuc2160616,  1717,  0, 0, 0, , 0, 0, 0, 0, 0,
417,  1,  409,  -1,  -1,  558, 493,  144.0,  21,  Nuc2161878,  1811,  0, 0, 0, , 0, 0, 0, 0, 0,
418,  1,  410,  -1,  -1,  595, 453,  147.0,  21,  Nuc2161890,  1873,  0, 0, 0, , 0, 0, 0, 0, 0,
419,  1,  411,  467,  -1,  308, 174,  112.0,  21,  Nuc2161903,  1794,  0, 0, 0, , 0, 0, 0, 0, 0,
420,  1,  412,  468,  -1,  357, 179,  113.0,  21,  Nuc2162690,  1747,  0, 0, 0, , 0, 0, 0, 0, 0,
421,  1,  413,  469,  -1,  298, 236,  135.0,  23,  Nuc2162704,  2199,  0, 0, 0, , 0, 0, 0, 0, 0,
422,  1,  414,  470,  -1,  327, 208,  126.0,  21,  Nuc2162716,  2318,  0, 0, 0, , 0, 0, 0, 0, 0,
423,  1,  415,  471,  472,  304, 522,  146.0,  21,  Nuc2162733,  2953,  0, 0, 0, , 0, 0, 0, 0, 0,
424,  1,  417,  473,  -1,  298, 461,  135.0,  23,  Nuc2162747,  1967,  0, 0, 0, , 0, 0, 0, 0, 0,
425,  1,  417,  474,  -1,  275, 495,  141.0,  21,  Nuc2162750,  1649,  0, 0, 0, , 0, 0, 0, 0, 0,
426,  1,  418,  -1,  -1,  240, 406,  132.0,  21,  Nuc2162924,  1235,  0, 0, 0, , 0, 0, 0, 0, 0,
427,  1,  419,  475,  -1,  272, 363,  126.0,  21,  Nuc2162926,  2644,  0, 0, 0, , 0, 0, 0, 0, 0,
428,  1,  420,  476,  -1,  268, 300,  137.0,  21,  Nuc2163353,  3084,  0, 0, 0, , 0, 0, 0, 0, 0,
429,  1,  421,  477,  -1,  241, 271,  128.0,  21,  Nuc2163362,  1778,  0, 0, 0, , 0, 0, 0, 0, 0,
430,  1,  423,  -1,  -1,  340, 695,  127.0,  25,  Nuc2163383,  1479,  0, 0, 0, , 0, 0, 0, 0, 0,
431,  1,  424,  -1,  -1,  249, 590,  146.0,  21,  Nuc2163395,  1113,  0, 0, 0, , 0, 0, 0, 0, 0,
432,  1,  425,  478,  -1,  245, 648,  141.0,  21,  Nuc2163402,  1655,  0, 0, 0, , 0, 0, 0, 0, 0,
433,  1,  426,  479,  480,  213, 603,  142.0,  21,  Nuc2163410,  2946,  0, 0, 0, , 0, 0, 0, 0, 0,
434,  1,  429,  -1,  -1,  172, 358,  126.0,  23,  Nuc2163426,  756,  0, 0, 0, , 0, 0, 0, 0, 0,
435,  1,  -1,  481,  -1,  363, 924,  85.0,  23,  Nuc2163429,  236,  0, 0, 0, , 0, 0, 0, 0, 0,
436,  1,  -1,  482,  483,  328, 507,  133.0,  23,  Nuc2164071,  269,  0, 0, 0, , 0, 0, 0, 0, 0,
