1,  1,  1,  1,  -1,  544, 960,  85.0,  21,  Nuc74,  1496,  0, 0, 0, , 0, 0, 0, 0, 0,
2,  1,  2,  2,  -1,  509, 918,  94.0,  21,  Nuc5290,  1579,  0, 0, 0, , 0, 0, 0, 0, 0,
3,  1,  3,  3,  -1,  441, 940,  85.0,  21,  Nuc7243,  2051,  0, 0, 0, , 0, 0, 0, 0, 0,
4,  1,  4,  4,  -1,  436, 792,  125.0,  21,  Nuc9532,  548,  0, 0, 0, , 0, 0, 0, 0, 0,
5,  1,  5,  5,  -1,  408, 784,  114.0,  21,  Nuc24043,  1005,  0, 0, 0, , 0, 0, 0, 0, 0,
6,  1,  5,  6,  -1,  460, 804,  112.0,  21,  Nuc24126,  2016,  0, 0, 0, , 0, 0, 0, 0, 0,
7,  1,  6,  7,  -1,  436, 843,  109.0,  21,  Nuc24137,  1844,  0, 0, 0, , 0, 0, 0, 0, 0,
8,  1,  7,  8,  -1,  473, 862,  105.0,  21,  Nuc24163,  2537,  0, 0, 0, , 0, 0, 0, 0, 0,
9,  1,  8,  9,  -1,  424, 904,  108.0,  21,  Nuc26094,  3441,  0, 0, 0, , 0, 0, 0, 0, 0,
10,  1,  9,  10,  -1,  481, 922,  107.0,  23,  Nuc28687,  2537,  0, 0, 0, , 0, 0, 0, 0, 0,
11,  1,  10,  11,  -1,  780, 880,  93.0,  21,  Nuc29681,  2643,  0, 0, 0, , 0, 0, 0, 0, 0,
12,  1,  11,  12,  -1,  726, 893,  99.0,  21,  Nuc34367,  2535,  0, 0, 0, , 0, 0, 0, 0, 0,
13,  1,  12,  13,  -1,  673, 890,  112.0,  21,  Nuc37592,  3039,  0, 0, 0, , 0, 0, 0, 0, 0,
14,  1,  13,  14,  -1,  659, 846,  110.0,  21,  Nuc40155,  2536,  0, 0, 0, , 0, 0, 0, 0, 0,
15,  1,  14,  15,  -1,  627, 899,  104.0,  21,  Nuc47896,  2798,  0, 0, 0, , 0, 0, 0, 0, 0,
16,  1,  15,  16,  -1,  592, 932,  100.0,  21,  Nuc49714,  1974,  0, 0, 0, , 0, 0, 0, 0, 0,
17,  1,  16,  17,  -1,  702, 920,  87.0,  21,  Nuc51567,  2399,  0, 0, 0, , 0, 0, 0, 0, 0,
18,  1,  17,  18,  -1,  630, 949,  85.0,  21,  Nuc61186,  2186,  0, 0, 0, , 0, 0, 0, 0, 0,
19,  1,  18,  19,  -1,  621, 831,  123.0,  25,  Nuc63993,  2869,  0, 0, 0, , 0, 0, 0, 0, 0,
20,  1,  19,  20,  21,  626, 862,  132.0,  21,  Nuc64013,  2848,  0, 0, 0, , 0, 0, 0, 0, 0,
21,  1,  20,  22,  23,  571, 807,  130.0,  21,  Nuc65785,  2267,  0, 0, 0, , 0, 0, 0, 0, 0,
22,  1,  21,  24,  -1,  531, 920,  105.0,  21,  Nuc69354,  2612,  0, 0, 0, , 0, 0, 0, 0, 0,
23,  1,  22,  25,  -1,  538, 860,  106.0,  21,  Nuc70680,  3189,  0, 0, 0, , 0, 0, 0, 0, 0,
24,  1,  23,  26,  27,  591, 809,  114.0,  23,  Nuc73737,  1324,  0, 0, 0, , 0, 0, 0, 0, 0,
25,  1,  23,  28,  -1,  563, 816,  114.0,  21,  Nuc74258,  1794,  0, 0, 0, , 0, 0, 0, 0, 0,
26,  1,  24,  29,  30,  575, 867,  116.0,  21,  Nuc76206,  2932,  0, 0, 0, , 0, 0, 0, 0, 0,
27,  1,  25,  31,  -1,  599, 910,  115.0,  21,  Nuc88090,  2544,  0, 0, 0, , 0, 0, 0, 0, 0,
28,  1,  26,  32,  33,  511, 773,  116.0,  35,  Nuc90605,  9330,  0, 0, 0, , 0, 0, 0, 0, 0,
29,  1,  27,  34,  -1,  548, 824,  127.0,  21,  Nuc102470,  1490,  0, 0, 0, , 0, 0, 0, 0, 0,
30,  1,  27,  35,  36,  490, 812,  127.0,  23,  Nuc126696,  2424,  0, 0, 0, , 0, 0, 0, 0, 0,
31,  1,  28,  37,  -1,  509, 854,  119.0,  21,  Nuc144327,  3053,  0, 0, 0, , 0, 0, 0, 0, 0,
32,  1,  29,  38,  -1,  538, 901,  122.0,  21,  Nuc146060,  2126,  0, 0, 0, , 0, 0, 0, 0, 0,
33,  1,  30,  39,  40,  454, 890,  119.0,  21,  Nuc146860,  3408,  0, 0, 0, , 0, 0, 0, 0, 0,
34,  1,  31,  41,  -1,  527, 854,  138.0,  21,  Nuc148371,  1961,  0, 0, 0, , 0, 0, 0, 0, 0,
35,  1,  31,  42,  -1,  476, 868,  131.0,  21,  Nuc152046,  3895,  0, 0, 0, , 0, 0, 0, 0, 0,
36,  1,  33,  43,  -1,  302, 285,  150.0,  21,  Nuc152837,  1852,  0, 0, 0, , 0, 0, 0, 0, 0,
37,  1,  34,  44,  -1,  664, 786,  129.0,  21,  Nuc152920,  1997,  0, 0, 0, , 0, 0, 0, 0, 0,
38,  1,  35,  45,  -1,  672, 781,  118.0,  23,  Nuc161545,  1942,  0, 0, 0, , 0, 0, 0, 0, 0,
39,  1,  36,  46,  -1,  704, 738,  130.0,  21,  Nuc170130,  2939,  0, 0, 0, , 0, 0, 0, 0, 0,
40,  1,  37,  47,  48,  689, 854,  122.0,  35,  Nuc173393,  16789,  0, 0, 0, , 0, 0, 0, 0, 0,
41,  1,  38,  49,  50,  724, 810,  128.0,  27,  Nuc182367,  3065,  0, 0, 0, , 0, 0, 0, 0, 0,
42,  1,  39,  51,  -1,  717, 741,  142.0,  21,  Nuc190575,  1900,  0, 0, 0, , 0, 0, 0, 0, 0,
43,  1,  39,  52,  -1,  719, 770,  146.0,  21,  Nuc197459,  2161,  0, 0, 0, , 0, 0, 0, 0, 0,
44,  1,  40,  53,  -1,  651, 757,  155.0,  21,  Nuc200254,  2198,  0, 0, 0, , 0, 0, 0, 0, 0,
45,  1,  41,  54,  -1,  663, 746,  144.0,  21,  Nuc201649,  2263,  0, 0, 0, , 0, 0, 0, 0, 0,
46,  1,  42,  55,  -1,  676, 827,  139.0,  23,  Nuc205708,  3659,  0, 0, 0, , 0, 0, 0, 0, 0,
47,  1,  43,  56,  57,  615, 803,  141.0,  23,  Nuc208541,  3742,  0, 0, 0, , 0, 0, 0, 0, 0,
48,  1,  44,  58,  -1,  825, 747,  115.0,  21,  Nuc209773,  3086,  0, 0, 0, , 0, 0, 0, 0, 0,
49,  1,  45,  59,  -1,  860, 768,  113.0,  21,  Nuc214940,  3508,  0, 0, 0, , 0, 0, 0, 0, 0,
50,  1,  46,  60,  -1,  879, 784,  96.0,  21,  Nuc215669,  2573,  0, 0, 0, , 0, 0, 0, 0, 0,
51,  1,  47,  61,  -1,  828, 833,  97.0,  21,  Nuc220672,  2653,  0, 0, 0, , 0, 0, 0, 0, 0,
52,  1,  48,  62,  -1,  787, 806,  123.0,  21,  Nuc230388,  3194,  0, 0, 0, , 0, 0, 0, 0, 0,
53,  1,  49,  63,  -1,  721, 745,  120.0,  21,  Nuc230685,  2384,  0, 0, 0, , 0, 0, 0, 0, 0,
54,  1,  50,  64,  -1,  751, 779,  115.0,  21,  Nuc240522,  3444,  0, 0, 0, , 0, 0, 0, 0, 0,
55,  1,  51,  65,  -1,  737, 852,  114.0,  21,  Nuc248283,  3127,  0, 0, 0, , 0, 0, 0, 0, 0,
56,  1,  52,  66,  -1,  792, 827,  111.0,  21,  Nuc249184,  3418,  0, 0, 0, , 0, 0, 0, 0, 0,
57,  1,  53,  67,  -1,  775, 184,  106.0,  21,  Nuc251894,  2441,  0, 0, 0, , 0, 0, 0, 0, 0,
58,  1,  54,  68,  -1,  825, 221,  99.0,  23,  Nuc255969,  2593,  0, 0, 0, , 0, 0, 0, 0, 0,
59,  1,  55,  69,  -1,  629, 224,  113.0,  21,  Nuc260723,  1757,  0, 0, 0, , 0, 0, 0, 0, 0,
60,  1,  56,  70,  -1,  703, 164,  106.0,  21,  Nuc261266,  2332,  0, 0, 0, , 0, 0, 0, 0, 0,
61,  1,  57,  -1,  -1,  672, 252,  141.0,  21,  Nuc264767,  1985,  0, 0, 0, , 0, 0, 0, 0, 0,
62,  1,  58,  71,  -1,  684, 204,  133.0,  21,  Nuc264769,  3516,  0, 0, 0, , 0, 0, 0, 0, 0,
63,  1,  59,  72,  73,  620, 230,  127.0,  21,  Nuc268207,  2809,  0, 0, 0, , 0, 0, 0, 0, 0,
64,  1,  60,  74,  -1,  625, 174,  123.0,  21,  Nuc271248,  3159,  0, 0, 0, , 0, 0, 0, 0, 0,
65,  1,  61,  75,  -1,  709, 190,  122.0,  21,  Nuc272791,  3043,  0, 0, 0, , 0, 0, 0, 0, 0,
66,  1,  62,  76,  -1,  543, 250,  134.0,  21,  Nuc274995,  2517,  0, 0, 0, , 0, 0, 0, 0, 0,
67,  1,  62,  77,  -1,  576, 292,  129.0,  21,  Nuc280410,  3339,  0, 0, 0, , 0, 0, 0, 0, 0,
68,  1,  63,  78,  -1,  539, 313,  142.0,  21,  Nuc280430,  1674,  0, 0, 0, , 0, 0, 0, 0, 0,
69,  1,  64,  79,  -1,  531, 255,  139.0,  21,  Nuc281711,  2420,  0, 0, 0, , 0, 0, 0, 0, 0,
70,  1,  65,  80,  81,  594, 195,  139.0,  23,  Nuc283141,  2345,  0, 0, 0, , 0, 0, 0, 0, 0,
71,  1,  66,  82,  -1,  620, 246,  145.0,  23,  Nuc285949,  1763,  0, 0, 0, , 0, 0, 0, 0, 0,
72,  1,  66,  83,  -1,  613, 266,  143.0,  21,  Nuc286967,  2305,  0, 0, 0, , 0, 0, 0, 0, 0,
73,  1,  67,  84,  -1,  539, 219,  115.0,  21,  Nuc293767,  2170,  0, 0, 0, , 0, 0, 0, 0, 0,
74,  1,  68,  85,  -1,  543, 174,  127.0,  21,  Nuc293853,  2127,  0, 0, 0, , 0, 0, 0, 0, 0,
75,  1,  69,  86,  -1,  616, 131,  108.0,  21,  Nuc306843,  1955,  0, 0, 0, , 0, 0, 0, 0, 0,
76,  1,  70,  87,  -1,  580, 121,  108.0,  21,  Nuc310961,  2377,  0, 0, 0, , 0, 0, 0, 0, 0,
77,  1,  71,  88,  -1,  855, 291,  112.0,  21,  Nuc314333,  2631,  0, 0, 0, , 0, 0, 0, 0, 0,
78,  1,  72,  89,  -1,  899, 303,  101.0,  21,  Nuc317272,  2755,  0, 0, 0, , 0, 0, 0, 0, 0,
79,  1,  73,  90,  -1,  947, 444,  105.0,  21,  Nuc326419,  2977,  0, 0, 0, , 0, 0, 0, 0, 0,
80,  1,  74,  91,  -1,  935, 378,  108.0,  21,  Nuc330217,  3112,  0, 0, 0, , 0, 0, 0, 0, 0,
81,  1,  75,  92,  -1,  808, 265,  118.0,  23,  Nuc343685,  3061,  0, 0, 0, , 0, 0, 0, 0, 0,
82,  1,  76,  93,  94,  768, 309,  129.0,  21,  Nuc348464,  3303,  0, 0, 0, , 0, 0, 0, 0, 0,
83,  1,  77,  95,  -1,  855, 334,  128.0,  21,  Nuc359696,  3206,  0, 0, 0, , 0, 0, 0, 0, 0,
84,  1,  78,  96,  97,  812, 356,  121.0,  21,  Nuc361734,  3380,  0, 0, 0, , 0, 0, 0, 0, 0,
85,  1,  79,  98,  -1,  799, 357,  136.0,  21,  Nuc370617,  1954,  0, 0, 0, , 0, 0, 0, 0, 0,
86,  1,  79,  99,  -1,  808, 360,  145.0,  21,  Nuc382507,  2352,  0, 0, 0, , 0, 0, 0, 0, 0,
87,  1,  80,  100,  -1,  745, 313,  148.0,  21,  Nuc382955,  2493,  0, 0, 0, , 0, 0, 0, 0, 0,
88,  1,  80,  101,  -1,  750, 334,  152.0,  21,  Nuc383508,  1994,  0, 0, 0, , 0, 0, 0, 0, 0,
89,  1,  81,  102,  103,  743, 376,  140.0,  21,  Nuc386095,  2295,  0, 0, 0, , 0, 0, 0, 0, 0,
90,  1,  82,  104,  105,  748, 366,  126.0,  21,  Nuc391883,  2298,  0, 0, 0, , 0, 0, 0, 0, 0,
91,  1,  83,  106,  -1,  715, 339,  126.0,  21,  Nuc406095,  1913,  0, 0, 0, , 0, 0, 0, 0, 0,
92,  1,  84,  107,  108,  677, 296,  139.0,  21,  Nuc406984,  1837,  0, 0, 0, , 0, 0, 0, 0, 0,
93,  1,  85,  109,  -1,  684, 248,  123.0,  21,  Nuc424211,  1524,  0, 0, 0, , 0, 0, 0, 0, 0,
94,  1,  85,  110,  -1,  710, 277,  125.0,  21,  Nuc432201,  1546,  0, 0, 0, , 0, 0, 0, 0, 0,
95,  1,  86,  111,  -1,  759, 271,  139.0,  23,  Nuc441254,  2863,  0, 0, 0, , 0, 0, 0, 0, 0,
96,  1,  87,  112,  113,  764, 237,  122.0,  29,  Nuc442521,  3282,  0, 0, 0, , 0, 0, 0, 0, 0,
97,  1,  88,  114,  -1,  397, 139,  112.0,  21,  Nuc445525,  2271,  0, 0, 0, , 0, 0, 0, 0, 0,
98,  1,  89,  115,  -1,  447, 237,  120.0,  21,  Nuc450566,  1353,  0, 0, 0, , 0, 0, 0, 0, 0,
99,  1,  90,  116,  -1,  391, 213,  124.0,  21,  Nuc450575,  1480,  0, 0, 0, , 0, 0, 0, 0, 0,
100,  1,  91,  117,  -1,  412, 168,  126.0,  21,  Nuc450586,  2848,  0, 0, 0, , 0, 0, 0, 0, 0,
101,  1,  92,  118,  -1,  362, 213,  137.0,  21,  Nuc451868,  2632,  0, 0, 0, , 0, 0, 0, 0, 0,
102,  1,  94,  119,  -1,  337, 266,  125.0,  21,  Nuc452199,  1585,  0, 0, 0, , 0, 0, 0, 0, 0,
103,  1,  95,  -1,  -1,  402, 282,  123.0,  21,  Nuc452214,  1369,  0, 0, 0, , 0, 0, 0, 0, 0,
104,  1,  97,  120,  -1,  414, 258,  139.0,  27,  Nuc452232,  1627,  0, 0, 0, , 0, 0, 0, 0, 0,
105,  1,  98,  121,  -1,  463, 127,  110.0,  21,  Nuc454688,  2514,  0, 0, 0, , 0, 0, 0, 0, 0,
106,  1,  99,  122,  -1,  512, 126,  112.0,  21,  Nuc454949,  2542,  0, 0, 0, , 0, 0, 0, 0, 0,
107,  1,  100,  123,  -1,  479, 155,  123.0,  21,  Nuc457664,  2381,  0, 0, 0, , 0, 0, 0, 0, 0,
108,  1,  101,  124,  -1,  475, 261,  144.0,  21,  Nuc460164,  2003,  0, 0, 0, , 0, 0, 0, 0, 0,
109,  1,  102,  125,  -1,  450, 219,  129.0,  21,  Nuc462238,  2578,  0, 0, 0, , 0, 0, 0, 0, 0,
110,  1,  103,  -1,  -1,  487, 267,  128.0,  21,  Nuc462358,  1743,  0, 0, 0, , 0, 0, 0, 0, 0,
111,  1,  104,  126,  -1,  458, 183,  137.0,  21,  Nuc462394,  2662,  0, 0, 0, , 0, 0, 0, 0, 0,
112,  1,  105,  127,  -1,  510, 186,  138.0,  21,  Nuc465735,  2328,  0, 0, 0, , 0, 0, 0, 0, 0,
113,  1,  106,  128,  -1,  908, 630,  126.0,  21,  Nuc466306,  3907,  0, 0, 0, , 0, 0, 0, 0, 0,
114,  1,  107,  129,  -1,  887, 635,  116.0,  21,  Nuc466615,  3287,  0, 0, 0, , 0, 0, 0, 0, 0,
115,  1,  108,  130,  -1,  950, 673,  102.0,  21,  Nuc478799,  3340,  0, 0, 0, , 0, 0, 0, 0, 0,
116,  1,  109,  131,  -1,  963, 610,  107.0,  23,  Nuc487392,  2919,  0, 0, 0, , 0, 0, 0, 0, 0,
117,  1,  110,  132,  -1,  861, 708,  128.0,  21,  Nuc497672,  3424,  0, 0, 0, , 0, 0, 0, 0, 0,
118,  1,  111,  133,  134,  775, 709,  122.0,  21,  Nuc500831,  2605,  0, 0, 0, , 0, 0, 0, 0, 0,
119,  1,  112,  135,  -1,  821, 676,  125.0,  25,  Nuc526950,  3377,  0, 0, 0, , 0, 0, 0, 0, 0,
120,  1,  113,  136,  -1,  891, 700,  115.0,  23,  Nuc541251,  3708,  0, 0, 0, , 0, 0, 0, 0, 0,
121,  1,  114,  137,  -1,  922, 731,  104.0,  21,  Nuc543601,  3183,  0, 0, 0, , 0, 0, 0, 0, 0,
122,  1,  115,  138,  -1,  805, 663,  145.0,  21,  Nuc546732,  2313,  0, 0, 0, , 0, 0, 0, 0, 0,
123,  1,  115,  139,  -1,  823, 687,  143.0,  21,  Nuc573496,  2688,  0, 0, 0, , 0, 0, 0, 0, 0,
124,  1,  116,  140,  -1,  764, 757,  131.0,  21,  Nuc574130,  2355,  0, 0, 0, , 0, 0, 0, 0, 0,
125,  1,  116,  141,  -1,  790, 765,  134.0,  21,  Nuc577320,  2611,  0, 0, 0, , 0, 0, 0, 0, 0,
126,  1,  117,  142,  -1,  774, 632,  125.0,  21,  Nuc578607,  2121,  0, 0, 0, , 0, 0, 0, 0, 0,
127,  1,  117,  143,  -1,  742, 687,  128.0,  21,  Nuc585291,  2568,  0, 0, 0, , 0, 0, 0, 0, 0,
128,  1,  118,  144,  -1,  770, 636,  134.0,  21,  Nuc590746,  2921,  0, 0, 0, , 0, 0, 0, 0, 0,
129,  1,  119,  145,  -1,  723, 669,  144.0,  21,  Nuc606146,  2931,  0, 0, 0, , 0, 0, 0, 0, 0,
130,  1,  120,  146,  -1,  687, 685,  140.0,  21,  Nuc624276,  2492,  0, 0, 0, , 0, 0, 0, 0, 0,
131,  1,  121,  147,  -1,  656, 693,  154.0,  21,  Nuc634004,  2825,  0, 0, 0, , 0, 0, 0, 0, 0,
132,  1,  121,  148,  -1,  668, 657,  153.0,  19,  Nuc635133,  647,  0, 0, 0, , 0, 0, 0, 0, 0,
133,  1,  122,  149,  150,  772, 716,  145.0,  21,  Nuc668725,  4240,  0, 0, 0, , 0, 0, 0, 0, 0,
134,  1,  123,  151,  -1,  728, 702,  158.0,  21,  Nuc673194,  2414,  0, 0, 0, , 0, 0, 0, 0, 0,
135,  1,  123,  152,  -1,  707, 723,  158.0,  21,  Nuc677392,  2465,  0, 0, 0, , 0, 0, 0, 0, 0,
136,  1,  124,  153,  -1,  337, 766,  149.0,  21,  Nuc682078,  1146,  0, 0, 0, , 0, 0, 0, 0, 0,
137,  1,  125,  -1,  -1,  362, 692,  161.0,  21,  Nuc684220,  561,  0, 0, 0, , 0, 0, 0, 0, 0,
138,  1,  125,  154,  -1,  367, 719,  155.0,  23,  Nuc684221,  1102,  0, 0, 0, , 0, 0, 0, 0, 0,
139,  1,  126,  -1,  -1,  408, 731,  148.0,  21,  Nuc685643,  486,  0, 0, 0, , 0, 0, 0, 0, 0,
140,  1,  126,  155,  -1,  425, 779,  149.0,  19,  Nuc685644,  1283,  0, 0, 0, , 0, 0, 0, 0, 0,
141,  1,  127,  156,  -1,  379, 818,  140.0,  21,  Nuc685667,  2418,  0, 0, 0, , 0, 0, 0, 0, 0,
142,  1,  128,  157,  158,  406, 764,  135.0,  21,  Nuc686927,  723,  0, 0, 0, , 0, 0, 0, 0, 0,
143,  1,  128,  159,  -1,  433, 819,  136.0,  21,  Nuc694034,  1345,  0, 0, 0, , 0, 0, 0, 0, 0,
144,  1,  129,  160,  -1,  422, 858,  134.0,  23,  Nuc694120,  3952,  0, 0, 0, , 0, 0, 0, 0, 0,
145,  1,  130,  -1,  -1,  370, 776,  128.0,  21,  Nuc694447,  1083,  0, 0, 0, , 0, 0, 0, 0, 0,
146,  1,  130,  161,  -1,  334, 799,  129.0,  21,  Nuc694448,  2558,  0, 0, 0, , 0, 0, 0, 0, 0,
147,  1,  131,  162,  -1,  347, 835,  126.0,  19,  Nuc695095,  2244,  0, 0, 0, , 0, 0, 0, 0, 0,
148,  1,  132,  163,  -1,  848, 419,  122.0,  21,  Nuc701820,  2185,  0, 0, 0, , 0, 0, 0, 0, 0,
149,  1,  132,  164,  165,  893, 379,  121.0,  23,  Nuc718575,  3611,  0, 0, 0, , 0, 0, 0, 0, 0,
150,  1,  133,  166,  -1,  905, 438,  122.0,  23,  Nuc726386,  3452,  0, 0, 0, , 0, 0, 0, 0, 0,
151,  1,  134,  167,  -1,  904, 493,  120.0,  21,  Nuc727174,  2794,  0, 0, 0, , 0, 0, 0, 0, 0,
152,  1,  135,  168,  169,  953, 481,  121.0,  21,  Nuc733902,  3526,  0, 0, 0, , 0, 0, 0, 0, 0,
153,  1,  136,  170,  -1,  831, 410,  131.0,  21,  Nuc736782,  2287,  0, 0, 0, , 0, 0, 0, 0, 0,
154,  1,  137,  171,  -1,  881, 418,  138.0,  23,  Nuc740827,  2333,  0, 0, 0, , 0, 0, 0, 0, 0,
155,  1,  137,  172,  -1,  870, 404,  140.0,  23,  Nuc742026,  2362,  0, 0, 0, , 0, 0, 0, 0, 0,
156,  1,  138,  173,  -1,  855, 472,  134.0,  21,  Nuc744083,  2286,  0, 0, 0, , 0, 0, 0, 0, 0,
157,  1,  139,  174,  -1,  842, 463,  148.0,  21,  Nuc755990,  2609,  0, 0, 0, , 0, 0, 0, 0, 0,
158,  1,  139,  175,  176,  867, 511,  148.0,  23,  Nuc756187,  3985,  0, 0, 0, , 0, 0, 0, 0, 0,
159,  1,  140,  177,  -1,  775, 419,  129.0,  21,  Nuc765565,  3730,  0, 0, 0, , 0, 0, 0, 0, 0,
160,  1,  141,  178,  -1,  776, 426,  136.0,  21,  Nuc767142,  3378,  0, 0, 0, , 0, 0, 0, 0, 0,
161,  1,  141,  179,  -1,  794, 464,  128.0,  23,  Nuc767397,  3249,  0, 0, 0, , 0, 0, 0, 0, 0,
162,  1,  142,  180,  -1,  729, 488,  142.0,  21,  Nuc777282,  955,  0, 0, 0, , 0, 0, 0, 0, 0,
163,  1,  143,  181,  -1,  716, 532,  145.0,  21,  Nuc781534,  2509,  0, 0, 0, , 0, 0, 0, 0, 0,
164,  1,  144,  182,  -1,  778, 528,  143.0,  21,  Nuc781784,  2345,  0, 0, 0, , 0, 0, 0, 0, 0,
165,  1,  145,  183,  -1,  779, 481,  152.0,  21,  Nuc781837,  2758,  0, 0, 0, , 0, 0, 0, 0, 0,
166,  1,  145,  184,  -1,  789, 490,  162.0,  21,  Nuc784398,  2666,  0, 0, 0, , 0, 0, 0, 0, 0,
167,  1,  146,  185,  -1,  832, 445,  154.0,  21,  Nuc786045,  2236,  0, 0, 0, , 0, 0, 0, 0, 0,
168,  1,  147,  186,  -1,  766, 411,  151.0,  21,  Nuc787832,  2864,  0, 0, 0, , 0, 0, 0, 0, 0,
169,  1,  148,  187,  -1,  754, 405,  162.0,  21,  Nuc790362,  2598,  0, 0, 0, , 0, 0, 0, 0, 0,
170,  1,  149,  188,  -1,  715, 464,  159.0,  21,  Nuc795094,  2214,  0, 0, 0, , 0, 0, 0, 0, 0,
171,  1,  150,  189,  -1,  713, 427,  152.0,  21,  Nuc795451,  2370,  0, 0, 0, , 0, 0, 0, 0, 0,
172,  1,  151,  190,  -1,  842, 498,  137.0,  21,  Nuc799536,  2695,  0, 0, 0, , 0, 0, 0, 0, 0,
173,  1,  151,  191,  -1,  785, 519,  132.0,  21,  Nuc801185,  2158,  0, 0, 0, , 0, 0, 0, 0, 0,
174,  1,  152,  192,  -1,  811, 572,  130.0,  21,  Nuc808233,  3357,  0, 0, 0, , 0, 0, 0, 0, 0,
175,  1,  152,  193,  -1,  823, 562,  137.0,  21,  Nuc825250,  2496,  0, 0, 0, , 0, 0, 0, 0, 0,
176,  1,  153,  194,  -1,  780, 595,  147.0,  21,  Nuc842581,  2806,  0, 0, 0, , 0, 0, 0, 0, 0,
177,  1,  153,  195,  -1,  802, 607,  143.0,  21,  Nuc845532,  2204,  0, 0, 0, , 0, 0, 0, 0, 0,
178,  1,  154,  196,  -1,  863, 632,  138.0,  23,  Nuc846765,  4520,  0, 0, 0, , 0, 0, 0, 0, 0,
179,  1,  155,  197,  -1,  880, 563,  139.0,  21,  Nuc851366,  3880,  0, 0, 0, , 0, 0, 0, 0, 0,
180,  1,  156,  198,  199,  849, 596,  123.0,  23,  Nuc855300,  3737,  0, 0, 0, , 0, 0, 0, 0, 0,
181,  1,  157,  200,  -1,  902, 505,  125.0,  21,  Nuc886405,  2802,  0, 0, 0, , 0, 0, 0, 0, 0,
182,  1,  157,  201,  -1,  847, 524,  122.0,  23,  Nuc889059,  3835,  0, 0, 0, , 0, 0, 0, 0, 0,
183,  1,  158,  202,  -1,  911, 564,  117.0,  21,  Nuc895747,  4088,  0, 0, 0, , 0, 0, 0, 0, 0,
184,  1,  159,  203,  -1,  934, 565,  129.0,  21,  Nuc902822,  3857,  0, 0, 0, , 0, 0, 0, 0, 0,
185,  1,  160,  204,  -1,  973, 543,  110.0,  23,  Nuc906530,  3265,  0, 0, 0, , 0, 0, 0, 0, 0,
186,  1,  161,  205,  -1,  962, 507,  106.0,  21,  Nuc907630,  2751,  0, 0, 0, , 0, 0, 0, 0, 0,
187,  1,  162,  206,  207,  747, 572,  131.0,  23,  Nuc911911,  3963,  0, 0, 0, , 0, 0, 0, 0, 0,
188,  1,  163,  208,  209,  720, 593,  141.0,  23,  Nuc938602,  3641,  0, 0, 0, , 0, 0, 0, 0, 0,
189,  1,  164,  210,  -1,  776, 658,  156.0,  21,  Nuc953010,  3342,  0, 0, 0, , 0, 0, 0, 0, 0,
190,  1,  165,  211,  -1,  757, 600,  167.0,  23,  Nuc954605,  5155,  0, 0, 0, , 0, 0, 0, 0, 0,
191,  1,  166,  212,  -1,  739, 583,  161.0,  21,  Nuc956974,  2413,  0, 0, 0, , 0, 0, 0, 0, 0,
192,  1,  167,  213,  -1,  840, 595,  152.0,  23,  Nuc966774,  4637,  0, 0, 0, , 0, 0, 0, 0, 0,
193,  1,  168,  214,  -1,  801, 545,  159.0,  23,  Nuc967923,  4912,  0, 0, 0, , 0, 0, 0, 0, 0,
194,  1,  169,  215,  -1,  535, 578,  144.0,  21,  Nuc1024129,  3598,  0, 0, 0, , 0, 0, 0, 0, 0,
195,  1,  170,  216,  -1,  486, 592,  144.0,  23,  Nuc1056925,  3065,  0, 0, 0, , 0, 0, 0, 0, 0,
196,  1,  171,  217,  -1,  284, 814,  113.0,  23,  Nuc1057060,  2193,  0, 0, 0, , 0, 0, 0, 0, 0,
197,  1,  172,  218,  -1,  253, 712,  123.0,  21,  Nuc1057171,  792,  0, 0, 0, , 0, 0, 0, 0, 0,
198,  1,  172,  219,  -1,  251, 743,  129.0,  21,  Nuc1057173,  489,  0, 0, 0, , 0, 0, 0, 0, 0,
199,  1,  173,  220,  -1,  281, 772,  117.0,  21,  Nuc1057276,  1829,  0, 0, 0, , 0, 0, 0, 0, 0,
200,  1,  174,  221,  -1,  280, 735,  141.0,  21,  Nuc1057292,  2098,  0, 0, 0, , 0, 0, 0, 0, 0,
201,  1,  174,  -1,  -1,  280, 735,  146.0,  21,  Nuc1057297,  1873,  0, 0, 0, , 0, 0, 0, 0, 0,
202,  1,  175,  222,  -1,  484, 717,  121.0,  23,  Nuc1057350,  1657,  0, 0, 0, , 0, 0, 0, 0, 0,
203,  1,  175,  223,  -1,  487, 701,  126.0,  23,  Nuc1057642,  1359,  0, 0, 0, , 0, 0, 0, 0, 0,
204,  1,  177,  224,  -1,  369, 746,  140.0,  21,  Nuc1057663,  3090,  0, 0, 0, , 0, 0, 0, 0, 0,
205,  1,  179,  225,  -1,  467, 744,  139.0,  25,  Nuc1057685,  2903,  0, 0, 0, , 0, 0, 0, 0, 0,
206,  1,  180,  226,  -1,  454, 691,  140.0,  23,  Nuc1057748,  1998,  0, 0, 0, , 0, 0, 0, 0, 0,
207,  1,  181,  227,  -1,  479, 726,  154.0,  21,  Nuc1057766,  1267,  0, 0, 0, , 0, 0, 0, 0, 0,
208,  1,  182,  228,  229,  503, 579,  130.0,  21,  Nuc1057918,  2567,  0, 0, 0, , 0, 0, 0, 0, 0,
209,  1,  183,  230,  -1,  605, 639,  132.0,  21,  Nuc1058198,  2376,  0, 0, 0, , 0, 0, 0, 0, 0,
210,  1,  184,  231,  232,  564, 654,  146.0,  21,  Nuc1062376,  3223,  0, 0, 0, , 0, 0, 0, 0, 0,
211,  1,  186,  233,  -1,  596, 692,  138.0,  21,  Nuc1091596,  1796,  0, 0, 0, , 0, 0, 0, 0, 0,
212,  1,  186,  234,  235,  549, 700,  136.0,  21,  Nuc1091742,  2382,  0, 0, 0, , 0, 0, 0, 0, 0,
213,  1,  187,  236,  237,  549, 700,  123.0,  25,  Nuc1092040,  3508,  0, 0, 0, , 0, 0, 0, 0, 0,
214,  1,  188,  238,  -1,  626, 647,  145.0,  23,  Nuc1102222,  2591,  0, 0, 0, , 0, 0, 0, 0, 0,
215,  1,  189,  239,  -1,  631, 689,  140.0,  21,  Nuc1124426,  3418,  0, 0, 0, , 0, 0, 0, 0, 0,
216,  1,  190,  240,  -1,  659, 703,  125.0,  21,  Nuc1129026,  1718,  0, 0, 0, , 0, 0, 0, 0, 0,
217,  1,  190,  241,  -1,  629, 692,  125.0,  21,  Nuc1129029,  2415,  0, 0, 0, , 0, 0, 0, 0, 0,
218,  1,  191,  242,  -1,  608, 753,  120.0,  25,  Nuc1145055,  4339,  0, 0, 0, , 0, 0, 0, 0, 0,
219,  1,  192,  243,  -1,  615, 745,  131.0,  23,  Nuc1145228,  4547,  0, 0, 0, , 0, 0, 0, 0, 0,
220,  1,  193,  244,  -1,  409, 546,  137.0,  21,  Nuc1208209,  1651,  0, 0, 0, , 0, 0, 0, 0, 0,
221,  1,  194,  245,  -1,  455, 568,  138.0,  21,  Nuc1208217,  1218,  0, 0, 0, , 0, 0, 0, 0, 0,
222,  1,  195,  246,  -1,  463, 527,  129.0,  21,  Nuc1208670,  1537,  0, 0, 0, , 0, 0, 0, 0, 0,
223,  1,  196,  247,  -1,  513, 508,  131.0,  23,  Nuc1208688,  2150,  0, 0, 0, , 0, 0, 0, 0, 0,
224,  1,  197,  248,  -1,  589, 751,  144.0,  21,  Nuc1210626,  2261,  0, 0, 0, , 0, 0, 0, 0, 0,
225,  1,  198,  249,  -1,  548, 812,  145.0,  21,  Nuc1231755,  1777,  0, 0, 0, , 0, 0, 0, 0, 0,
226,  1,  198,  250,  -1,  558, 820,  152.0,  21,  Nuc1232496,  1565,  0, 0, 0, , 0, 0, 0, 0, 0,
227,  1,  199,  251,  -1,  560, 867,  136.0,  21,  Nuc1234874,  1628,  0, 0, 0, , 0, 0, 0, 0, 0,
228,  1,  200,  252,  253,  462, 820,  150.0,  37,  Nuc1247464,  16706,  0, 0, 0, , 0, 0, 0, 0, 0,
229,  1,  201,  254,  -1,  482, 801,  140.0,  23,  Nuc1248929,  3789,  0, 0, 0, , 0, 0, 0, 0, 0,
230,  1,  202,  255,  -1,  530, 748,  162.0,  21,  Nuc1262383,  1880,  0, 0, 0, , 0, 0, 0, 0, 0,
231,  1,  203,  256,  -1,  520, 774,  153.0,  21,  Nuc1262652,  1230,  0, 0, 0, , 0, 0, 0, 0, 0,
232,  1,  204,  257,  258,  467, 766,  161.0,  23,  Nuc1270028,  3543,  0, 0, 0, , 0, 0, 0, 0, 0,
233,  1,  205,  259,  -1,  675, 587,  131.0,  21,  Nuc1272777,  3603,  0, 0, 0, , 0, 0, 0, 0, 0,
234,  1,  206,  260,  -1,  683, 642,  131.0,  21,  Nuc1330335,  2626,  0, 0, 0, , 0, 0, 0, 0, 0,
235,  1,  207,  261,  -1,  654, 606,  152.0,  23,  Nuc1335667,  4467,  0, 0, 0, , 0, 0, 0, 0, 0,
236,  1,  208,  262,  -1,  604, 583,  137.0,  25,  Nuc1336685,  2480,  0, 0, 0, , 0, 0, 0, 0, 0,
237,  1,  209,  263,  -1,  563, 548,  134.0,  23,  Nuc1344454,  2527,  0, 0, 0, , 0, 0, 0, 0, 0,
238,  1,  210,  264,  265,  613, 535,  136.0,  21,  Nuc1390600,  1605,  0, 0, 0, , 0, 0, 0, 0, 0,
239,  1,  211,  266,  -1,  680, 504,  133.0,  21,  Nuc1418355,  4410,  0, 0, 0, , 0, 0, 0, 0, 0,
240,  1,  212,  267,  -1,  395, 567,  157.0,  21,  Nuc1418876,  1411,  0, 0, 0, , 0, 0, 0, 0, 0,
241,  1,  212,  268,  -1,  379, 610,  164.0,  19,  Nuc1418878,  675,  0, 0, 0, , 0, 0, 0, 0, 0,
242,  1,  214,  269,  -1,  428, 532,  180.0,  23,  Nuc1419107,  2933,  0, 0, 0, , 0, 0, 0, 0, 0,
243,  1,  215,  270,  271,  446, 554,  167.0,  19,  Nuc1419553,  1859,  0, 0, 0, , 0, 0, 0, 0, 0,
244,  1,  217,  272,  273,  508, 437,  131.0,  23,  Nuc1426709,  3584,  0, 0, 0, , 0, 0, 0, 0, 0,
245,  1,  218,  -1,  -1,  507, 438,  126.0,  23,  Nuc1427160,  3201,  0, 0, 0, , 0, 0, 0, 0, 0,
246,  1,  219,  274,  -1,  465, 467,  129.0,  23,  Nuc1427163,  3794,  0, 0, 0, , 0, 0, 0, 0, 0,
247,  1,  220,  275,  -1,  628, 476,  129.0,  21,  Nuc1431522,  2914,  0, 0, 0, , 0, 0, 0, 0, 0,
248,  1,  221,  276,  -1,  564, 467,  131.0,  23,  Nuc1453060,  3889,  0, 0, 0, , 0, 0, 0, 0, 0,
249,  1,  222,  277,  -1,  455, 512,  159.0,  21,  Nuc1468271,  3747,  0, 0, 0, , 0, 0, 0, 0, 0,
250,  1,  223,  278,  -1,  474, 523,  153.0,  21,  Nuc1468880,  3607,  0, 0, 0, , 0, 0, 0, 0, 0,
251,  1,  224,  279,  -1,  502, 532,  144.0,  23,  Nuc1476767,  2651,  0, 0, 0, , 0, 0, 0, 0, 0,
252,  1,  225,  280,  281,  430, 416,  150.0,  23,  Nuc1476782,  901,  0, 0, 0, , 0, 0, 0, 0, 0,
253,  1,  227,  282,  -1,  517, 473,  140.0,  21,  Nuc1483146,  2847,  0, 0, 0, , 0, 0, 0, 0, 0,
254,  1,  228,  283,  -1,  325, 393,  161.0,  21,  Nuc1483242,  1916,  0, 0, 0, , 0, 0, 0, 0, 0,
255,  1,  228,  284,  -1,  372, 378,  165.0,  21,  Nuc1484103,  1981,  0, 0, 0, , 0, 0, 0, 0, 0,
256,  1,  229,  285,  -1,  338, 374,  172.0,  21,  Nuc1492377,  3082,  0, 0, 0, , 0, 0, 0, 0, 0,
257,  1,  230,  286,  287,  301, 472,  162.0,  19,  Nuc1492495,  1691,  0, 0, 0, , 0, 0, 0, 0, 0,
258,  1,  231,  288,  -1,  411, 362,  176.0,  21,  Nuc1493019,  2819,  0, 0, 0, , 0, 0, 0, 0, 0,
259,  1,  233,  -1,  -1,  422, 467,  153.0,  21,  Nuc1493173,  1230,  0, 0, 0, , 0, 0, 0, 0, 0,
260,  1,  234,  289,  -1,  400, 423,  161.0,  19,  Nuc1493200,  988,  0, 0, 0, , 0, 0, 0, 0, 0,
261,  1,  235,  290,  -1,  475, 287,  165.0,  21,  Nuc1493241,  1252,  0, 0, 0, , 0, 0, 0, 0, 0,
262,  1,  236,  -1,  -1,  332, 336,  161.0,  21,  Nuc1493623,  2316,  0, 0, 0, , 0, 0, 0, 0, 0,
263,  1,  236,  291,  -1,  331, 332,  155.0,  21,  Nuc1493624,  3299,  0, 0, 0, , 0, 0, 0, 0, 0,
264,  1,  237,  292,  -1,  415, 373,  162.0,  19,  Nuc1493781,  218,  0, 0, 0, , 0, 0, 0, 0, 0,
265,  1,  237,  293,  -1,  445, 294,  167.0,  19,  Nuc1494182,  1147,  0, 0, 0, , 0, 0, 0, 0, 0,
266,  1,  238,  294,  -1,  386, 315,  167.0,  21,  Nuc1494299,  1871,  0, 0, 0, , 0, 0, 0, 0, 0,
267,  1,  239,  295,  -1,  333, 266,  139.0,  21,  Nuc1494737,  1815,  0, 0, 0, , 0, 0, 0, 0, 0,
268,  1,  241,  296,  -1,  429, 279,  150.0,  21,  Nuc1496194,  1242,  0, 0, 0, , 0, 0, 0, 0, 0,
269,  1,  241,  297,  -1,  398, 328,  150.0,  23,  Nuc1496196,  1976,  0, 0, 0, , 0, 0, 0, 0, 0,
270,  1,  242,  298,  -1,  427, 256,  157.0,  21,  Nuc1496383,  2646,  0, 0, 0, , 0, 0, 0, 0, 0,
271,  1,  243,  299,  -1,  429, 213,  147.0,  23,  Nuc1497069,  1673,  0, 0, 0, , 0, 0, 0, 0, 0,
272,  1,  243,  300,  -1,  410, 210,  145.0,  23,  Nuc1497123,  1795,  0, 0, 0, , 0, 0, 0, 0, 0,
273,  1,  244,  301,  -1,  657, 328,  150.0,  21,  Nuc1500743,  296,  0, 0, 0, , 0, 0, 0, 0, 0,
274,  1,  245,  302,  -1,  665, 287,  155.0,  21,  Nuc1502240,  1970,  0, 0, 0, , 0, 0, 0, 0, 0,
275,  1,  246,  303,  -1,  606, 361,  158.0,  21,  Nuc1503374,  1707,  0, 0, 0, , 0, 0, 0, 0, 0,
276,  1,  247,  304,  -1,  640, 346,  166.0,  21,  Nuc1507086,  2081,  0, 0, 0, , 0, 0, 0, 0, 0,
277,  1,  248,  305,  -1,  607, 402,  150.0,  21,  Nuc1508354,  1688,  0, 0, 0, , 0, 0, 0, 0, 0,
278,  1,  248,  306,  -1,  647, 412,  155.0,  21,  Nuc1508573,  2335,  0, 0, 0, , 0, 0, 0, 0, 0,
279,  1,  249,  307,  -1,  655, 364,  142.0,  23,  Nuc1510139,  2457,  0, 0, 0, , 0, 0, 0, 0, 0,
280,  1,  251,  -1,  -1,  682, 403,  139.0,  19,  Nuc1514830,  838,  0, 0, 0, , 0, 0, 0, 0, 0,
281,  1,  252,  -1,  -1,  608, 381,  131.0,  21,  Nuc1514886,  1040,  0, 0, 0, , 0, 0, 0, 0, 0,
282,  1,  252,  -1,  -1,  611, 427,  131.0,  23,  Nuc1514887,  2118,  0, 0, 0, , 0, 0, 0, 0, 0,
283,  1,  253,  308,  -1,  534, 369,  127.0,  21,  Nuc1514907,  1250,  0, 0, 0, , 0, 0, 0, 0, 0,
284,  1,  253,  309,  -1,  561, 416,  146.0,  21,  Nuc1514944,  2033,  0, 0, 0, , 0, 0, 0, 0, 0,
285,  1,  254,  310,  311,  658, 342,  126.0,  21,  Nuc1545779,  1802,  0, 0, 0, , 0, 0, 0, 0, 0,
286,  1,  255,  312,  313,  596, 329,  146.0,  21,  Nuc1551443,  2757,  0, 0, 0, , 0, 0, 0, 0, 0,
287,  1,  256,  314,  -1,  484, 308,  157.0,  21,  Nuc1553379,  1634,  0, 0, 0, , 0, 0, 0, 0, 0,
288,  1,  257,  315,  316,  440, 364,  154.0,  19,  Nuc1556096,  1449,  0, 0, 0, , 0, 0, 0, 0, 0,
289,  1,  257,  317,  -1,  466, 339,  150.0,  23,  Nuc1559132,  2257,  0, 0, 0, , 0, 0, 0, 0, 0,
290,  1,  258,  318,  -1,  508, 348,  138.0,  23,  Nuc1560746,  1833,  0, 0, 0, , 0, 0, 0, 0, 0,
291,  1,  259,  319,  -1,  567, 249,  150.0,  21,  Nuc1572647,  1973,  0, 0, 0, , 0, 0, 0, 0, 0,
292,  1,  260,  320,  -1,  579, 271,  160.0,  21,  Nuc1575105,  1858,  0, 0, 0, , 0, 0, 0, 0, 0,
293,  1,  260,  321,  -1,  536, 283,  153.0,  21,  Nuc1575648,  1920,  0, 0, 0, , 0, 0, 0, 0, 0,
294,  1,  261,  322,  -1,  501, 243,  156.0,  21,  Nuc1575669,  1812,  0, 0, 0, , 0, 0, 0, 0, 0,
295,  1,  262,  323,  -1,  511, 216,  150.0,  21,  Nuc1576125,  1584,  0, 0, 0, , 0, 0, 0, 0, 0,
296,  1,  263,  324,  -1,  607, 275,  158.0,  21,  Nuc1577631,  1941,  0, 0, 0, , 0, 0, 0, 0, 0,
297,  1,  264,  325,  -1,  525, 316,  166.0,  21,  Nuc1581764,  2166,  0, 0, 0, , 0, 0, 0, 0, 0,
298,  1,  264,  326,  327,  578, 330,  166.0,  23,  Nuc1582091,  7823,  0, 0, 0, , 0, 0, 0, 0, 0,
299,  1,  265,  328,  -1,  460, 358,  175.0,  21,  Nuc1584301,  1639,  0, 0, 0, , 0, 0, 0, 0, 0,
300,  1,  266,  329,  -1,  504, 322,  171.0,  21,  Nuc1584426,  1774,  0, 0, 0, , 0, 0, 0, 0, 0,
301,  1,  267,  330,  331,  654, 466,  154.0,  31,  Nuc1584600,  10413,  0, 0, 0, , 0, 0, 0, 0, 0,
302,  1,  268,  332,  333,  661, 445,  141.0,  27,  Nuc1602924,  3288,  0, 0, 0, , 0, 0, 0, 0, 0,
303,  1,  269,  334,  -1,  721, 438,  132.0,  25,  Nuc1622772,  2265,  0, 0, 0, , 0, 0, 0, 0, 0,
304,  1,  269,  335,  -1,  722, 425,  128.0,  21,  Nuc1623254,  3256,  0, 0, 0, , 0, 0, 0, 0, 0,
305,  1,  270,  336,  -1,  677, 406,  127.0,  23,  Nuc1639856,  2917,  0, 0, 0, , 0, 0, 0, 0, 0,
306,  1,  271,  337,  -1,  645, 530,  166.0,  23,  Nuc1640591,  8085,  0, 0, 0, , 0, 0, 0, 0, 0,
307,  1,  272,  338,  -1,  662, 506,  142.0,  21,  Nuc1643538,  5175,  0, 0, 0, , 0, 0, 0, 0, 0,
308,  1,  273,  339,  -1,  645, 526,  150.0,  21,  Nuc1647669,  6908,  0, 0, 0, , 0, 0, 0, 0, 0,
309,  1,  274,  340,  -1,  766, 647,  160.0,  21,  Nuc1703108,  3489,  0, 0, 0, , 0, 0, 0, 0, 0,
310,  1,  274,  341,  -1,  722, 619,  155.0,  21,  Nuc1703178,  3446,  0, 0, 0, , 0, 0, 0, 0, 0,
311,  1,  275,  342,  -1,  692, 579,  159.0,  21,  Nuc1707565,  7966,  0, 0, 0, , 0, 0, 0, 0, 0,
312,  1,  276,  343,  -1,  675, 549,  158.0,  21,  Nuc1707835,  6852,  0, 0, 0, , 0, 0, 0, 0, 0,
313,  1,  277,  344,  -1,  658, 564,  144.0,  23,  Nuc1707969,  3276,  0, 0, 0, , 0, 0, 0, 0, 0,
314,  1,  278,  345,  -1,  687, 555,  137.0,  23,  Nuc1738832,  4286,  0, 0, 0, , 0, 0, 0, 0, 0,
315,  1,  279,  -1,  -1,  506, 489,  161.0,  19,  Nuc1740633,  996,  0, 0, 0, , 0, 0, 0, 0, 0,
316,  1,  279,  346,  -1,  510, 493,  153.0,  21,  Nuc1740634,  3198,  0, 0, 0, , 0, 0, 0, 0, 0,
317,  1,  280,  347,  -1,  529, 536,  156.0,  23,  Nuc1750721,  5818,  0, 0, 0, , 0, 0, 0, 0, 0,
318,  1,  281,  348,  349,  576, 534,  147.0,  23,  Nuc1754971,  8048,  0, 0, 0, , 0, 0, 0, 0, 0,
319,  1,  282,  350,  351,  589, 607,  152.0,  23,  Nuc1755561,  3484,  0, 0, 0, , 0, 0, 0, 0, 0,
320,  1,  283,  352,  -1,  556, 578,  154.0,  21,  Nuc1759619,  3268,  0, 0, 0, , 0, 0, 0, 0, 0,
321,  1,  284,  353,  -1,  533, 522,  172.0,  21,  Nuc1759778,  5478,  0, 0, 0, , 0, 0, 0, 0, 0,
322,  1,  285,  354,  -1,  542, 470,  173.0,  21,  Nuc1762248,  6836,  0, 0, 0, , 0, 0, 0, 0, 0,
323,  1,  286,  355,  -1,  448, 491,  173.0,  21,  Nuc1763429,  531,  0, 0, 0, , 0, 0, 0, 0, 0,
324,  1,  287,  356,  -1,  488, 501,  178.0,  21,  Nuc1763550,  5678,  0, 0, 0, , 0, 0, 0, 0, 0,
325,  1,  288,  357,  -1,  474, 408,  181.0,  21,  Nuc1763594,  1750,  0, 0, 0, , 0, 0, 0, 0, 0,
326,  1,  288,  358,  359,  496, 440,  174.0,  21,  Nuc1763674,  2222,  0, 0, 0, , 0, 0, 0, 0, 0,
327,  1,  289,  360,  361,  483, 453,  161.0,  21,  Nuc1765097,  2354,  0, 0, 0, , 0, 0, 0, 0, 0,
328,  1,  290,  362,  -1,  436, 443,  169.0,  23,  Nuc1769714,  944,  0, 0, 0, , 0, 0, 0, 0, 0,
329,  1,  290,  363,  -1,  454, 412,  162.0,  21,  Nuc1771841,  4347,  0, 0, 0, , 0, 0, 0, 0, 0,
330,  1,  291,  364,  -1,  505, 492,  168.0,  21,  Nuc1772031,  5944,  0, 0, 0, , 0, 0, 0, 0, 0,
331,  1,  292,  365,  -1,  487, 570,  158.0,  21,  Nuc1773086,  3033,  0, 0, 0, , 0, 0, 0, 0, 0,
332,  1,  293,  366,  -1,  466, 683,  163.0,  21,  Nuc1773192,  1852,  0, 0, 0, , 0, 0, 0, 0, 0,
333,  1,  293,  367,  -1,  423, 729,  169.0,  21,  Nuc1782856,  1999,  0, 0, 0, , 0, 0, 0, 0, 0,
334,  1,  294,  -1,  -1,  356, 656,  157.0,  21,  Nuc1783549,  787,  0, 0, 0, , 0, 0, 0, 0, 0,
335,  1,  294,  368,  369,  406, 675,  157.0,  21,  Nuc1783550,  1429,  0, 0, 0, , 0, 0, 0, 0, 0,
336,  1,  296,  370,  371,  363, 697,  168.0,  21,  Nuc1784129,  2554,  0, 0, 0, , 0, 0, 0, 0, 0,
337,  1,  297,  372,  373,  312, 700,  156.0,  21,  Nuc1784508,  1130,  0, 0, 0, , 0, 0, 0, 0, 0,
338,  1,  298,  374,  -1,  276, 599,  167.0,  21,  Nuc1785281,  683,  0, 0, 0, , 0, 0, 0, 0, 0,
339,  1,  299,  375,  376,  317, 612,  153.0,  21,  Nuc1785358,  241,  0, 0, 0, , 0, 0, 0, 0, 0,
340,  1,  301,  377,  -1,  415, 601,  171.0,  25,  Nuc1787990,  322,  0, 0, 0, , 0, 0, 0, 0, 0,
341,  1,  301,  378,  -1,  435, 604,  168.0,  21,  Nuc1789128,  846,  0, 0, 0, , 0, 0, 0, 0, 0,
342,  1,  302,  379,  -1,  342, 607,  179.0,  21,  Nuc1793869,  517,  0, 0, 0, , 0, 0, 0, 0, 0,
343,  1,  303,  380,  381,  382, 650,  173.0,  21,  Nuc1794056,  3479,  0, 0, 0, , 0, 0, 0, 0, 0,
344,  1,  304,  382,  -1,  463, 430,  183.0,  21,  Nuc1794135,  2125,  0, 0, 0, , 0, 0, 0, 0, 0,
345,  1,  305,  383,  -1,  550, 417,  178.0,  23,  Nuc1794478,  3970,  0, 0, 0, , 0, 0, 0, 0, 0,
346,  1,  306,  384,  385,  528, 364,  174.0,  27,  Nuc1795191,  4571,  0, 0, 0, , 0, 0, 0, 0, 0,
347,  1,  307,  386,  387,  637, 435,  166.0,  21,  Nuc1800343,  2951,  0, 0, 0, , 0, 0, 0, 0, 0,
348,  1,  308,  388,  -1,  639, 476,  169.0,  21,  Nuc1841609,  1808,  0, 0, 0, , 0, 0, 0, 0, 0,
349,  1,  309,  389,  390,  614, 404,  174.0,  23,  Nuc1842034,  5061,  0, 0, 0, , 0, 0, 0, 0, 0,
350,  1,  310,  391,  -1,  702, 367,  160.0,  23,  Nuc1848887,  4431,  0, 0, 0, , 0, 0, 0, 0, 0,
351,  1,  311,  392,  -1,  687, 416,  168.0,  23,  Nuc1849853,  4092,  0, 0, 0, , 0, 0, 0, 0, 0,
352,  1,  312,  393,  -1,  657, 503,  178.0,  21,  Nuc1850317,  4699,  0, 0, 0, , 0, 0, 0, 0, 0,
353,  1,  313,  394,  -1,  676, 458,  173.0,  23,  Nuc1850863,  7323,  0, 0, 0, , 0, 0, 0, 0, 0,
354,  1,  314,  395,  -1,  752, 461,  165.0,  21,  Nuc1851821,  6777,  0, 0, 0, , 0, 0, 0, 0, 0,
355,  1,  315,  396,  -1,  700, 511,  167.0,  23,  Nuc1854180,  6737,  0, 0, 0, , 0, 0, 0, 0, 0,
356,  1,  316,  397,  -1,  744, 515,  168.0,  21,  Nuc1858799,  5907,  0, 0, 0, , 0, 0, 0, 0, 0,
357,  1,  317,  398,  -1,  632, 633,  165.0,  23,  Nuc1862231,  3398,  0, 0, 0, , 0, 0, 0, 0, 0,
358,  1,  318,  399,  -1,  623, 581,  171.0,  21,  Nuc1862831,  2211,  0, 0, 0, , 0, 0, 0, 0, 0,
359,  1,  318,  400,  -1,  644, 580,  166.0,  21,  Nuc1862899,  3267,  0, 0, 0, , 0, 0, 0, 0, 0,
360,  1,  319,  401,  -1,  676, 591,  174.0,  21,  Nuc1863117,  2969,  0, 0, 0, , 0, 0, 0, 0, 0,
361,  1,  319,  402,  -1,  684, 557,  174.0,  21,  Nuc1866604,  3104,  0, 0, 0, , 0, 0, 0, 0, 0,
362,  1,  320,  403,  -1,  752, 527,  156.0,  23,  Nuc1867443,  5169,  0, 0, 0, , 0, 0, 0, 0, 0,
363,  1,  321,  404,  -1,  716, 540,  162.0,  21,  Nuc1867574,  6289,  0, 0, 0, , 0, 0, 0, 0, 0,
364,  1,  322,  405,  -1,  731, 552,  171.0,  21,  Nuc1868209,  5577,  0, 0, 0, , 0, 0, 0, 0, 0,
365,  1,  323,  406,  -1,  476, 681,  177.0,  21,  Nuc1869405,  2993,  0, 0, 0, , 0, 0, 0, 0, 0,
366,  1,  324,  407,  -1,  426, 674,  176.0,  21,  Nuc1869782,  3555,  0, 0, 0, , 0, 0, 0, 0, 0,
367,  1,  325,  408,  409,  628, 707,  169.0,  21,  Nuc1870012,  4238,  0, 0, 0, , 0, 0, 0, 0, 0,
368,  1,  326,  410,  -1,  602, 696,  156.0,  23,  Nuc1871467,  3445,  0, 0, 0, , 0, 0, 0, 0, 0,
369,  1,  326,  411,  -1,  596, 679,  158.0,  23,  Nuc1871752,  4491,  0, 0, 0, , 0, 0, 0, 0, 0,
370,  1,  327,  412,  -1,  619, 784,  152.0,  23,  Nuc1876972,  4033,  0, 0, 0, , 0, 0, 0, 0, 0,
371,  1,  328,  413,  -1,  577, 755,  162.0,  21,  Nuc1880458,  4729,  0, 0, 0, , 0, 0, 0, 0, 0,
372,  1,  329,  414,  -1,  522, 655,  180.0,  21,  Nuc1883056,  2654,  0, 0, 0, , 0, 0, 0, 0, 0,
373,  1,  330,  415,  -1,  518, 641,  176.0,  21,  Nuc1886241,  2830,  0, 0, 0, , 0, 0, 0, 0, 0,
374,  1,  330,  416,  -1,  573, 669,  174.0,  21,  Nuc1886453,  2522,  0, 0, 0, , 0, 0, 0, 0, 0,
375,  1,  331,  417,  418,  492, 716,  171.0,  23,  Nuc1889471,  4917,  0, 0, 0, , 0, 0, 0, 0, 0,
376,  1,  332,  419,  -1,  557, 717,  169.0,  23,  Nuc1890978,  4210,  0, 0, 0, , 0, 0, 0, 0, 0,
377,  1,  333,  420,  421,  622, 645,  176.0,  21,  Nuc1892168,  2306,  0, 0, 0, , 0, 0, 0, 0, 0,
378,  1,  334,  422,  -1,  681, 662,  163.0,  21,  Nuc1918906,  2527,  0, 0, 0, , 0, 0, 0, 0, 0,
379,  1,  334,  423,  -1,  696, 649,  169.0,  21,  Nuc1919627,  2395,  0, 0, 0, , 0, 0, 0, 0, 0,
380,  1,  335,  424,  -1,  575, 616,  179.0,  23,  Nuc1921297,  4551,  0, 0, 0, , 0, 0, 0, 0, 0,
381,  1,  336,  425,  -1,  574, 561,  179.0,  23,  Nuc1921420,  4634,  0, 0, 0, , 0, 0, 0, 0, 0,
382,  1,  337,  426,  -1,  583, 458,  180.0,  23,  Nuc1922095,  4278,  0, 0, 0, , 0, 0, 0, 0, 0,
383,  1,  338,  427,  -1,  629, 547,  177.0,  23,  Nuc1922195,  5598,  0, 0, 0, , 0, 0, 0, 0, 0,
384,  1,  339,  428,  -1,  505, 599,  183.0,  23,  Nuc1923311,  5516,  0, 0, 0, , 0, 0, 0, 0, 0,
385,  1,  340,  429,  -1,  466, 625,  175.0,  21,  Nuc1924250,  2400,  0, 0, 0, , 0, 0, 0, 0, 0,
386,  1,  340,  430,  -1,  448, 634,  184.0,  21,  Nuc1932932,  1890,  0, 0, 0, , 0, 0, 0, 0, 0,
387,  1,  341,  431,  -1,  441, 586,  184.0,  21,  Nuc1934144,  2417,  0, 0, 0, , 0, 0, 0, 0, 0,
388,  1,  342,  432,  -1,  480, 651,  168.0,  21,  Nuc1934285,  1583,  0, 0, 0, , 0, 0, 0, 0, 0,
389,  1,  343,  433,  -1,  523, 628,  163.0,  21,  Nuc1942140,  1929,  0, 0, 0, , 0, 0, 0, 0, 0,
390,  1,  344,  434,  -1,  529, 613,  152.0,  21,  Nuc1942274,  1510,  0, 0, 0, , 0, 0, 0, 0, 0,
391,  1,  345,  -1,  -1,  483, 631,  154.0,  21,  Nuc1943204,  1398,  0, 0, 0, , 0, 0, 0, 0, 0,
392,  1,  346,  435,  -1,  533, 680,  165.0,  21,  Nuc1943238,  1806,  0, 0, 0, , 0, 0, 0, 0, 0,
393,  1,  347,  436,  -1,  517, 679,  155.0,  21,  Nuc1948711,  1041,  0, 0, 0, , 0, 0, 0, 0, 0,
394,  1,  348,  437,  -1,  538, 589,  171.0,  19,  Nuc1950071,  1035,  0, 0, 0, , 0, 0, 0, 0, 0,
395,  1,  348,  438,  -1,  530, 562,  167.0,  19,  Nuc1950147,  1677,  0, 0, 0, , 0, 0, 0, 0, 0,
396,  1,  349,  439,  -1,  488, 536,  168.0,  23,  Nuc1950337,  3302,  0, 0, 0, , 0, 0, 0, 0, 0,
397,  1,  350,  440,  -1,  487, 588,  174.0,  21,  Nuc1953399,  2892,  0, 0, 0, , 0, 0, 0, 0, 0,
398,  1,  350,  441,  -1,  486, 595,  168.0,  21,  Nuc1953588,  1723,  0, 0, 0, , 0, 0, 0, 0, 0,
399,  1,  351,  442,  -1,  402, 530,  186.0,  23,  Nuc1953749,  2328,  0, 0, 0, , 0, 0, 0, 0, 0,
400,  1,  352,  443,  444,  397, 448,  184.0,  21,  Nuc1954720,  2136,  0, 0, 0, , 0, 0, 0, 0, 0,
401,  1,  353,  445,  -1,  495, 533,  185.0,  23,  Nuc1954954,  5329,  0, 0, 0, , 0, 0, 0, 0, 0,
402,  1,  354,  446,  -1,  569, 512,  183.0,  23,  Nuc1955391,  4329,  0, 0, 0, , 0, 0, 0, 0, 0,
403,  1,  355,  447,  -1,  532, 549,  182.0,  21,  Nuc1967361,  5775,  0, 0, 0, , 0, 0, 0, 0, 0,
404,  1,  356,  448,  -1,  512, 466,  184.0,  25,  Nuc1968453,  4861,  0, 0, 0, , 0, 0, 0, 0, 0,
405,  1,  357,  449,  -1,  446, 499,  186.0,  23,  Nuc1968615,  3687,  0, 0, 0, , 0, 0, 0, 0, 0,
406,  1,  358,  450,  -1,  566, 653,  169.0,  21,  Nuc1968852,  2416,  0, 0, 0, , 0, 0, 0, 0, 0,
407,  1,  358,  451,  -1,  584, 616,  163.0,  21,  Nuc1968895,  1365,  0, 0, 0, , 0, 0, 0, 0, 0,
408,  1,  359,  452,  -1,  596, 518,  171.0,  21,  Nuc2004976,  3640,  0, 0, 0, , 0, 0, 0, 0, 0,
409,  1,  360,  453,  -1,  578, 548,  162.0,  21,  Nuc2006248,  2466,  0, 0, 0, , 0, 0, 0, 0, 0,
410,  1,  362,  -1,  -1,  430, 721,  163.0,  21,  Nuc2009260,  2417,  0, 0, 0, , 0, 0, 0, 0, 0,
411,  1,  362,  454,  455,  399, 760,  161.0,  23,  Nuc2009261,  2896,  0, 0, 0, , 0, 0, 0, 0, 0,
412,  1,  363,  456,  457,  559, 496,  162.0,  23,  Nuc2012800,  4533,  0, 0, 0, , 0, 0, 0, 0, 0,
413,  1,  364,  458,  -1,  464, 362,  168.0,  21,  Nuc2021759,  1156,  0, 0, 0, , 0, 0, 0, 0, 0,
414,  1,  364,  459,  -1,  513, 391,  164.0,  21,  Nuc2021935,  1719,  0, 0, 0, , 0, 0, 0, 0, 0,
415,  1,  365,  460,  -1,  543, 359,  154.0,  21,  Nuc2023771,  2276,  0, 0, 0, , 0, 0, 0, 0, 0,
416,  1,  366,  461,  -1,  575, 412,  160.0,  21,  Nuc2024312,  3366,  0, 0, 0, , 0, 0, 0, 0, 0,
417,  1,  366,  462,  -1,  571, 396,  166.0,  21,  Nuc2027282,  2718,  0, 0, 0, , 0, 0, 0, 0, 0,
418,  1,  368,  463,  -1,  590, 454,  165.0,  23,  Nuc2034700,  3090,  0, 0, 0, , 0, 0, 0, 0, 0,
419,  1,  369,  464,  -1,  678, 505,  156.0,  21,  Nuc2034847,  4301,  0, 0, 0, , 0, 0, 0, 0, 0,
420,  1,  370,  465,  466,  612, 495,  156.0,  21,  Nuc2054051,  1563,  0, 0, 0, , 0, 0, 0, 0, 0,
421,  1,  371,  467,  468,  312, 418,  153.0,  23,  Nuc2064317,  1260,  0, 0, 0, , 0, 0, 0, 0, 0,
422,  1,  371,  -1,  -1,  286, 462,  155.0,  27,  Nuc2064460,  1118,  0, 0, 0, , 0, 0, 0, 0, 0,
423,  1,  372,  469,  -1,  252, 625,  152.0,  21,  Nuc2064591,  1479,  0, 0, 0, , 0, 0, 0, 0, 0,
424,  1,  374,  470,  -1,  442, 362,  139.0,  21,  Nuc2064831,  2714,  0, 0, 0, , 0, 0, 0, 0, 0,
425,  1,  375,  -1,  -1,  486, 331,  119.0,  25,  Nuc2064913,  670,  0, 0, 0, , 0, 0, 0, 0, 0,
426,  1,  375,  471,  472,  484, 329,  128.0,  21,  Nuc2064914,  1621,  0, 0, 0, , 0, 0, 0, 0, 0,
427,  1,  378,  -1,  -1,  353, 331,  123.0,  23,  Nuc2070328,  1218,  0, 0, 0, , 0, 0, 0, 0, 0,
428,  1,  381,  -1,  -1,  365, 600,  180.0,  21,  Nuc2070382,  1328,  0, 0, 0, , 0, 0, 0, 0, 0,
429,  1,  381,  473,  -1,  345, 550,  180.0,  21,  Nuc2070383,  3341,  0, 0, 0, , 0, 0, 0, 0, 0,
430,  1,  382,  474,  -1,  294, 557,  168.0,  23,  Nuc2070524,  3527,  0, 0, 0, , 0, 0, 0, 0, 0,
431,  1,  383,  475,  -1,  366, 802,  119.0,  21,  Nuc2070798,  1732,  0, 0, 0, , 0, 0, 0, 0, 0,
432,  1,  384,  476,  -1,  389, 833,  110.0,  21,  Nuc2071266,  1593,  0, 0, 0, , 0, 0, 0, 0, 0,
433,  1,  385,  477,  -1,  334, 841,  106.0,  21,  Nuc2071276,  951,  0, 0, 0, , 0, 0, 0, 0, 0,
434,  1,  385,  478,  479,  373, 890,  106.0,  21,  Nuc2071374,  1899,  0, 0, 0, , 0, 0, 0, 0, 0,
435,  1,  386,  -1,  -1,  375, 894,  98.0,  21,  Nuc2080680,  985,  0, 0, 0, , 0, 0, 0, 0, 0,
436,  1,  388,  -1,  -1,  418, 640,  141.0,  25,  Nuc2080746,  1032,  0, 0, 0, , 0, 0, 0, 0, 0,
437,  1,  390,  480,  -1,  286, 357,  154.0,  21,  Nuc2080853,  1803,  0, 0, 0, , 0, 0, 0, 0, 0,
438,  1,  391,  481,  -1,  216, 382,  146.0,  21,  Nuc2080915,  670,  0, 0, 0, , 0, 0, 0, 0, 0,
439,  1,  391,  482,  -1,  250, 338,  147.0,  21,  Nuc2081018,  3145,  0, 0, 0, , 0, 0, 0, 0, 0,
440,  1,  392,  483,  -1,  301, 514,  172.0,  21,  Nuc2081078,  2095,  0, 0, 0, , 0, 0, 0, 0, 0,
441,  1,  394,  484,  -1,  400, 494,  170.0,  21,  Nuc2081313,  1099,  0, 0, 0, , 0, 0, 0, 0, 0,
442,  1,  395,  485,  -1,  419, 554,  169.0,  21,  Nuc2082007,  1371,  0, 0, 0, , 0, 0, 0, 0, 0,
443,  1,  395,  486,  487,  370, 538,  168.0,  21,  Nuc2083621,  2760,  0, 0, 0, , 0, 0, 0, 0, 0,
444,  1,  396,  488,  -1,  368, 479,  165.0,  21,  Nuc2084634,  1187,  0, 0, 0, , 0, 0, 0, 0, 0,
445,  1,  397,  489,  -1,  417, 841,  124.0,  21,  Nuc2084915,  2234,  0, 0, 0, , 0, 0, 0, 0, 0,
446,  1,  398,  490,  -1,  377, 871,  118.0,  23,  Nuc2087972,  3081,  0, 0, 0, , 0, 0, 0, 0, 0,
447,  1,  399,  491,  -1,  344, 494,  178.0,  21,  Nuc2088526,  2480,  0, 0, 0, , 0, 0, 0, 0, 0,
448,  1,  400,  492,  -1,  406, 392,  178.0,  21,  Nuc2088546,  2023,  0, 0, 0, , 0, 0, 0, 0, 0,
449,  1,  400,  -1,  -1,  377, 438,  176.0,  21,  Nuc2088669,  1597,  0, 0, 0, , 0, 0, 0, 0, 0,
450,  1,  401,  493,  -1,  337, 443,  177.0,  21,  Nuc2088671,  2098,  0, 0, 0, , 0, 0, 0, 0, 0,
451,  1,  402,  494,  -1,  430, 693,  126.0,  25,  Nuc2088800,  2436,  0, 0, 0, , 0, 0, 0, 0, 0,
452,  1,  403,  495,  496,  552, 752,  127.0,  21,  Nuc2088819,  1706,  0, 0, 0, , 0, 0, 0, 0, 0,
453,  1,  404,  -1,  -1,  532, 766,  139.0,  21,  Nuc2132771,  1781,  0, 0, 0, , 0, 0, 0, 0, 0,
454,  1,  405,  -1,  -1,  319, 569,  142.0,  19,  Nuc2132809,  1637,  0, 0, 0, , 0, 0, 0, 0, 0,
455,  1,  405,  497,  -1,  268, 556,  143.0,  21,  Nuc2132810,  749,  0, 0, 0, , 0, 0, 0, 0, 0,
456,  1,  406,  -1,  -1,  373, 603,  143.0,  23,  Nuc2132825,  1900,  0, 0, 0, , 0, 0, 0, 0, 0,
457,  1,  407,  -1,  -1,  287, 603,  152.0,  21,  Nuc2132838,  719,  0, 0, 0, , 0, 0, 0, 0, 0,
458,  1,  408,  498,  -1,  367, 540,  144.0,  23,  Nuc2132882,  2134,  0, 0, 0, , 0, 0, 0, 0, 0,
459,  1,  409,  499,  500,  293, 564,  156.0,  21,  Nuc2132901,  3557,  0, 0, 0, , 0, 0, 0, 0, 0,
460,  1,  410,  501,  -1,  338, 523,  157.0,  21,  Nuc2134951,  1865,  0, 0, 0, , 0, 0, 0, 0, 0,
461,  1,  411,  502,  -1,  275, 515,  158.0,  21,  Nuc2134960,  2091,  0, 0, 0, , 0, 0, 0, 0, 0,
462,  1,  412,  503,  -1,  236, 486,  156.0,  21,  Nuc2134979,  677,  0, 0, 0, , 0, 0, 0, 0, 0,
463,  1,  413,  504,  505,  502, 653,  142.0,  21,  Nuc2134996,  1946,  0, 0, 0, , 0, 0, 0, 0, 0,
464,  1,  414,  506,  -1,  251, 416,  152.0,  21,  Nuc2160235,  1588,  0, 0, 0, , 0, 0, 0, 0, 0,
465,  1,  415,  507,  -1,  272, 369,  140.0,  21,  Nuc2160250,  2791,  0, 0, 0, , 0, 0, 0, 0, 0,
466,  1,  416,  508,  -1,  327, 339,  146.0,  21,  Nuc2160617,  2268,  0, 0, 0, , 0, 0, 0, 0, 0,
467,  1,  419,  509,  -1,  308, 171,  110.0,  21,  Nuc2161904,  1392,  0, 0, 0, , 0, 0, 0, 0, 0,
468,  1,  420,  510,  -1,  354, 177,  114.0,  21,  Nuc2162691,  1605,  0, 0, 0, , 0, 0, 0, 0, 0,
469,  1,  421,  511,  -1,  299, 232,  134.0,  23,  Nuc2162705,  2287,  0, 0, 0, , 0, 0, 0, 0, 0,
470,  1,  422,  512,  -1,  326, 205,  126.0,  19,  Nuc2162717,  2249,  0, 0, 0, , 0, 0, 0, 0, 0,
471,  1,  423,  -1,  -1,  342, 474,  148.0,  23,  Nuc2162734,  1427,  0, 0, 0, , 0, 0, 0, 0, 0,
472,  1,  423,  513,  -1,  306, 523,  145.0,  21,  Nuc2162735,  3161,  0, 0, 0, , 0, 0, 0, 0, 0,
473,  1,  424,  514,  -1,  298, 462,  136.0,  21,  Nuc2162748,  1376,  0, 0, 0, , 0, 0, 0, 0, 0,
474,  1,  425,  515,  516,  274, 499,  140.0,  21,  Nuc2162751,  1679,  0, 0, 0, , 0, 0, 0, 0, 0,
475,  1,  427,  517,  -1,  271, 363,  126.0,  23,  Nuc2162927,  2242,  0, 0, 0, , 0, 0, 0, 0, 0,
476,  1,  428,  -1,  -1,  265, 298,  137.0,  21,  Nuc2163354,  1841,  0, 0, 0, , 0, 0, 0, 0, 0,
477,  1,  429,  518,  -1,  239, 269,  127.0,  21,  Nuc2163363,  1110,  0, 0, 0, , 0, 0, 0, 0, 0,
478,  1,  432,  519,  -1,  245, 648,  144.0,  21,  Nuc2163403,  962,  0, 0, 0, , 0, 0, 0, 0, 0,
479,  1,  433,  -1,  -1,  240, 591,  133.0,  21,  Nuc2163411,  661,  0, 0, 0, , 0, 0, 0, 0, 0,
480,  1,  433,  520,  -1,  213, 604,  142.0,  21,  Nuc2163412,  1853,  0, 0, 0, , 0, 0, 0, 0, 0,
481,  1,  435,  521,  -1,  364, 922,  85.0,  21,  Nuc2163430,  867,  0, 0, 0, , 0, 0, 0, 0, 0,
482,  1,  436,  522,  523,  334, 513,  141.0,  21,  Nuc2164072,  543,  0, 0, 0, , 0, 0, 0, 0, 0,
483,  1,  436,  524,  -1,  325, 505,  129.0,  23,  Nuc2164075,  766,  0, 0, 0, , 0, 0, 0, 0, 0,
484,  1,  -1,  525,  -1,  305, 582,  130.0,  23,  Nuc2167048,  531,  0, 0, 0, , 0, 0, 0, 0, 0,
485,  1,  -1,  526,  -1,  300, 763,  132.0,  21,  Nuc2167050,  1293,  0, 0, 0, , 0, 0, 0, 0, 0,
486,  1,  -1,  -1,  -1,  367, 490,  134.0,  23,  Nuc2167163,  1647,  0, 0, 0, , 0, 0, 0, 0, 0,
487,  1,  -1,  -1,  -1,  447, 484,  140.0,  21,  Nuc2167164,  511,  0, 0, 0, , 0, 0, 0, 0, 0,
488,  1,  -1,  527,  528,  321, 708,  142.0,  21,  Nuc2167165,  1006,  0, 0, 0, , 0, 0, 0, 0, 0,
