1,  1,  1,  1,  -1,  544, 973,  85.0,  21,  Nuc75,  1598,  0, 0, 0, , 0, 0, 0, 0, 0,
2,  1,  2,  2,  -1,  512, 931,  95.0,  21,  Nuc5291,  1741,  0, 0, 0, , 0, 0, 0, 0, 0,
3,  1,  3,  3,  -1,  440, 955,  86.0,  21,  Nuc7244,  1912,  0, 0, 0, , 0, 0, 0, 0, 0,
4,  1,  4,  4,  -1,  425, 814,  127.0,  21,  Nuc9533,  1570,  0, 0, 0, , 0, 0, 0, 0, 0,
5,  1,  5,  5,  -1,  406, 796,  116.0,  23,  Nuc24044,  1699,  0, 0, 0, , 0, 0, 0, 0, 0,
6,  1,  6,  -1,  -1,  453, 813,  113.0,  23,  Nuc24127,  2387,  0, 0, 0, , 0, 0, 0, 0, 0,
7,  1,  7,  6,  -1,  434, 859,  110.0,  21,  Nuc24138,  1940,  0, 0, 0, , 0, 0, 0, 0, 0,
8,  1,  8,  7,  -1,  474, 876,  104.0,  21,  Nuc24164,  2485,  0, 0, 0, , 0, 0, 0, 0, 0,
9,  1,  9,  8,  -1,  424, 916,  108.0,  23,  Nuc26095,  3612,  0, 0, 0, , 0, 0, 0, 0, 0,
10,  1,  10,  9,  -1,  480, 936,  107.0,  21,  Nuc28688,  2218,  0, 0, 0, , 0, 0, 0, 0, 0,
11,  1,  11,  10,  -1,  780, 893,  93.0,  21,  Nuc29682,  2523,  0, 0, 0, , 0, 0, 0, 0, 0,
12,  1,  12,  11,  -1,  725, 908,  100.0,  21,  Nuc34368,  2440,  0, 0, 0, , 0, 0, 0, 0, 0,
13,  1,  13,  12,  -1,  670, 906,  112.0,  21,  Nuc37593,  2958,  0, 0, 0, , 0, 0, 0, 0, 0,
14,  1,  14,  13,  14,  663, 857,  109.0,  27,  Nuc40156,  2581,  0, 0, 0, , 0, 0, 0, 0, 0,
15,  1,  15,  15,  -1,  623, 910,  103.0,  21,  Nuc47897,  2650,  0, 0, 0, , 0, 0, 0, 0, 0,
16,  1,  16,  16,  -1,  590, 945,  100.0,  21,  Nuc49715,  1988,  0, 0, 0, , 0, 0, 0, 0, 0,
17,  1,  17,  17,  -1,  700, 933,  87.0,  23,  Nuc51568,  1961,  0, 0, 0, , 0, 0, 0, 0, 0,
18,  1,  18,  18,  -1,  630, 960,  86.0,  21,  Nuc61187,  2103,  0, 0, 0, , 0, 0, 0, 0, 0,
19,  1,  19,  -1,  -1,  621, 831,  125.0,  21,  Nuc63994,  1739,  0, 0, 0, , 0, 0, 0, 0, 0,
20,  1,  20,  19,  -1,  632, 880,  132.0,  21,  Nuc64014,  1679,  0, 0, 0, , 0, 0, 0, 0, 0,
21,  1,  20,  20,  -1,  616, 863,  133.0,  21,  Nuc64634,  1738,  0, 0, 0, , 0, 0, 0, 0, 0,
22,  1,  21,  21,  -1,  600, 773,  132.0,  21,  Nuc65786,  3229,  0, 0, 0, , 0, 0, 0, 0, 0,
23,  1,  21,  22,  -1,  575, 820,  131.0,  21,  Nuc65967,  1703,  0, 0, 0, , 0, 0, 0, 0, 0,
24,  1,  22,  23,  -1,  533, 934,  105.0,  21,  Nuc69355,  2597,  0, 0, 0, , 0, 0, 0, 0, 0,
25,  1,  23,  24,  -1,  540, 870,  106.0,  21,  Nuc70681,  3149,  0, 0, 0, , 0, 0, 0, 0, 0,
26,  1,  24,  25,  -1,  615, 776,  119.0,  21,  Nuc73738,  2274,  0, 0, 0, , 0, 0, 0, 0, 0,
27,  1,  24,  26,  -1,  598, 824,  112.0,  21,  Nuc74222,  1158,  0, 0, 0, , 0, 0, 0, 0, 0,
28,  1,  25,  27,  -1,  556, 829,  113.0,  23,  Nuc74259,  627,  0, 0, 0, , 0, 0, 0, 0, 0,
29,  1,  26,  28,  -1,  628, 856,  120.0,  21,  Nuc76207,  1908,  0, 0, 0, , 0, 0, 0, 0, 0,
30,  1,  26,  29,  -1,  577, 879,  117.0,  21,  Nuc81739,  3843,  0, 0, 0, , 0, 0, 0, 0, 0,
31,  1,  27,  30,  -1,  599, 923,  116.0,  21,  Nuc88091,  2214,  0, 0, 0, , 0, 0, 0, 0, 0,
32,  1,  28,  31,  -1,  501, 813,  115.0,  21,  Nuc90606,  672,  0, 0, 0, , 0, 0, 0, 0, 0,
33,  1,  28,  -1,  -1,  513, 779,  116.0,  21,  Nuc102414,  1891,  0, 0, 0, , 0, 0, 0, 0, 0,
34,  1,  29,  32,  -1,  545, 839,  126.0,  21,  Nuc102471,  1445,  0, 0, 0, , 0, 0, 0, 0, 0,
35,  1,  30,  33,  -1,  473, 835,  126.0,  21,  Nuc126697,  1642,  0, 0, 0, , 0, 0, 0, 0, 0,
36,  1,  30,  34,  -1,  498, 815,  127.0,  21,  Nuc143946,  2552,  0, 0, 0, , 0, 0, 0, 0, 0,
37,  1,  31,  35,  36,  517, 867,  121.0,  21,  Nuc144328,  1343,  0, 0, 0, , 0, 0, 0, 0, 0,
38,  1,  32,  37,  -1,  539, 913,  122.0,  21,  Nuc146061,  2312,  0, 0, 0, , 0, 0, 0, 0, 0,
39,  1,  33,  38,  -1,  501, 873,  116.0,  21,  Nuc146861,  1334,  0, 0, 0, , 0, 0, 0, 0, 0,
40,  1,  33,  39,  -1,  454, 904,  119.0,  21,  Nuc148248,  2746,  0, 0, 0, , 0, 0, 0, 0, 0,
41,  1,  34,  40,  -1,  523, 869,  138.0,  21,  Nuc148372,  1730,  0, 0, 0, , 0, 0, 0, 0, 0,
42,  1,  35,  41,  -1,  477, 882,  131.0,  21,  Nuc152047,  3687,  0, 0, 0, , 0, 0, 0, 0, 0,
43,  1,  36,  42,  -1,  301, 297,  151.0,  21,  Nuc152838,  1659,  0, 0, 0, , 0, 0, 0, 0, 0,
44,  1,  37,  43,  -1,  664, 794,  129.0,  21,  Nuc152921,  1882,  0, 0, 0, , 0, 0, 0, 0, 0,
45,  1,  38,  44,  -1,  670, 795,  117.0,  23,  Nuc161546,  2007,  0, 0, 0, , 0, 0, 0, 0, 0,
46,  1,  39,  45,  -1,  698, 749,  130.0,  21,  Nuc170131,  2465,  0, 0, 0, , 0, 0, 0, 0, 0,
47,  1,  40,  46,  -1,  689, 883,  121.0,  21,  Nuc173394,  2168,  0, 0, 0, , 0, 0, 0, 0, 0,
48,  1,  40,  47,  -1,  682, 846,  122.0,  21,  Nuc174603,  2485,  0, 0, 0, , 0, 0, 0, 0, 0,
49,  1,  41,  48,  -1,  737, 843,  127.0,  21,  Nuc182368,  1977,  0, 0, 0, , 0, 0, 0, 0, 0,
50,  1,  41,  49,  50,  720, 812,  130.0,  21,  Nuc186067,  2369,  0, 0, 0, , 0, 0, 0, 0, 0,
51,  1,  42,  51,  -1,  712, 742,  141.0,  21,  Nuc190576,  2125,  0, 0, 0, , 0, 0, 0, 0, 0,
52,  1,  43,  52,  -1,  722, 783,  145.0,  21,  Nuc197460,  2248,  0, 0, 0, , 0, 0, 0, 0, 0,
53,  1,  44,  53,  -1,  646, 768,  155.0,  21,  Nuc200255,  2029,  0, 0, 0, , 0, 0, 0, 0, 0,
54,  1,  45,  54,  -1,  663, 763,  143.0,  23,  Nuc201650,  2305,  0, 0, 0, , 0, 0, 0, 0, 0,
55,  1,  46,  55,  -1,  679, 840,  139.0,  21,  Nuc205709,  3330,  0, 0, 0, , 0, 0, 0, 0, 0,
56,  1,  47,  56,  -1,  601, 836,  145.0,  21,  Nuc208542,  2278,  0, 0, 0, , 0, 0, 0, 0, 0,
57,  1,  47,  57,  -1,  617, 816,  140.0,  21,  Nuc209346,  2224,  0, 0, 0, , 0, 0, 0, 0, 0,
58,  1,  48,  58,  -1,  823, 760,  116.0,  21,  Nuc209774,  2930,  0, 0, 0, , 0, 0, 0, 0, 0,
59,  1,  49,  59,  -1,  859, 779,  113.0,  21,  Nuc214941,  3215,  0, 0, 0, , 0, 0, 0, 0, 0,
60,  1,  50,  60,  -1,  878, 795,  97.0,  21,  Nuc215670,  2578,  0, 0, 0, , 0, 0, 0, 0, 0,
61,  1,  51,  61,  -1,  829, 846,  97.0,  23,  Nuc220673,  2642,  0, 0, 0, , 0, 0, 0, 0, 0,
62,  1,  52,  62,  -1,  789, 819,  122.0,  23,  Nuc230389,  3205,  0, 0, 0, , 0, 0, 0, 0, 0,
63,  1,  53,  63,  -1,  715, 758,  118.0,  23,  Nuc230686,  1901,  0, 0, 0, , 0, 0, 0, 0, 0,
64,  1,  54,  64,  65,  744, 796,  115.0,  23,  Nuc240523,  2803,  0, 0, 0, , 0, 0, 0, 0, 0,
65,  1,  55,  66,  -1,  736, 868,  113.0,  23,  Nuc248284,  3417,  0, 0, 0, , 0, 0, 0, 0, 0,
66,  1,  56,  67,  -1,  791, 842,  111.0,  21,  Nuc249185,  3259,  0, 0, 0, , 0, 0, 0, 0, 0,
67,  1,  57,  68,  -1,  776, 199,  106.0,  21,  Nuc251895,  2305,  0, 0, 0, , 0, 0, 0, 0, 0,
68,  1,  58,  69,  70,  824, 235,  99.0,  23,  Nuc255970,  2448,  0, 0, 0, , 0, 0, 0, 0, 0,
69,  1,  59,  71,  72,  630, 241,  114.0,  21,  Nuc260724,  1962,  0, 0, 0, , 0, 0, 0, 0, 0,
70,  1,  60,  73,  -1,  702, 176,  107.0,  21,  Nuc261267,  2245,  0, 0, 0, , 0, 0, 0, 0, 0,
71,  1,  62,  74,  -1,  684, 219,  133.0,  21,  Nuc264770,  3027,  0, 0, 0, , 0, 0, 0, 0, 0,
72,  1,  63,  75,  -1,  605, 248,  127.0,  21,  Nuc268208,  967,  0, 0, 0, , 0, 0, 0, 0, 0,
73,  1,  63,  76,  -1,  630, 245,  129.0,  21,  Nuc269132,  940,  0, 0, 0, , 0, 0, 0, 0, 0,
74,  1,  64,  77,  -1,  622, 187,  123.0,  21,  Nuc271249,  3128,  0, 0, 0, , 0, 0, 0, 0, 0,
75,  1,  65,  78,  -1,  708, 201,  122.0,  21,  Nuc272792,  3239,  0, 0, 0, , 0, 0, 0, 0, 0,
76,  1,  66,  79,  -1,  546, 263,  132.0,  21,  Nuc274996,  2249,  0, 0, 0, , 0, 0, 0, 0, 0,
77,  1,  67,  -1,  -1,  572, 311,  127.0,  23,  Nuc280411,  1918,  0, 0, 0, , 0, 0, 0, 0, 0,
78,  1,  68,  80,  -1,  530, 327,  141.0,  21,  Nuc280431,  2035,  0, 0, 0, , 0, 0, 0, 0, 0,
79,  1,  69,  81,  -1,  526, 271,  141.0,  21,  Nuc281712,  2556,  0, 0, 0, , 0, 0, 0, 0, 0,
80,  1,  70,  82,  -1,  583, 210,  141.0,  21,  Nuc283142,  1616,  0, 0, 0, , 0, 0, 0, 0, 0,
81,  1,  70,  83,  -1,  608, 203,  137.0,  21,  Nuc283744,  1589,  0, 0, 0, , 0, 0, 0, 0, 0,
82,  1,  71,  84,  -1,  629, 249,  146.0,  21,  Nuc285950,  1782,  0, 0, 0, , 0, 0, 0, 0, 0,
83,  1,  72,  85,  -1,  614, 283,  142.0,  21,  Nuc286968,  2348,  0, 0, 0, , 0, 0, 0, 0, 0,
84,  1,  73,  86,  -1,  537, 235,  115.0,  21,  Nuc293768,  1891,  0, 0, 0, , 0, 0, 0, 0, 0,
85,  1,  74,  87,  88,  544, 188,  127.0,  21,  Nuc293854,  2035,  0, 0, 0, , 0, 0, 0, 0, 0,
86,  1,  75,  89,  -1,  618, 145,  109.0,  23,  Nuc306844,  2047,  0, 0, 0, , 0, 0, 0, 0, 0,
87,  1,  76,  90,  -1,  579, 133,  107.0,  21,  Nuc310962,  2355,  0, 0, 0, , 0, 0, 0, 0, 0,
88,  1,  77,  91,  92,  856, 306,  111.0,  21,  Nuc314334,  2624,  0, 0, 0, , 0, 0, 0, 0, 0,
89,  1,  78,  93,  94,  900, 320,  101.0,  21,  Nuc317273,  2660,  0, 0, 0, , 0, 0, 0, 0, 0,
90,  1,  79,  95,  96,  944, 459,  106.0,  21,  Nuc326420,  3088,  0, 0, 0, , 0, 0, 0, 0, 0,
91,  1,  80,  97,  98,  937, 392,  108.0,  21,  Nuc330218,  2810,  0, 0, 0, , 0, 0, 0, 0, 0,
92,  1,  81,  99,  100,  810, 280,  118.0,  31,  Nuc343686,  6950,  0, 0, 0, , 0, 0, 0, 0, 0,
93,  1,  82,  101,  -1,  773, 293,  138.0,  21,  Nuc348465,  1875,  0, 0, 0, , 0, 0, 0, 0, 0,
94,  1,  82,  102,  -1,  770, 324,  131.0,  21,  Nuc349291,  1873,  0, 0, 0, , 0, 0, 0, 0, 0,
95,  1,  83,  103,  -1,  853, 345,  128.0,  29,  Nuc359697,  3459,  0, 0, 0, , 0, 0, 0, 0, 0,
96,  1,  84,  104,  -1,  801, 369,  123.0,  21,  Nuc361735,  2202,  0, 0, 0, , 0, 0, 0, 0, 0,
97,  1,  84,  105,  -1,  825, 367,  119.0,  21,  Nuc368372,  2248,  0, 0, 0, , 0, 0, 0, 0, 0,
98,  1,  85,  106,  -1,  794, 372,  136.0,  21,  Nuc370618,  2369,  0, 0, 0, , 0, 0, 0, 0, 0,
99,  1,  86,  107,  -1,  807, 375,  147.0,  21,  Nuc382508,  2138,  0, 0, 0, , 0, 0, 0, 0, 0,
100,  1,  87,  108,  -1,  744, 322,  148.0,  23,  Nuc382956,  2433,  0, 0, 0, , 0, 0, 0, 0, 0,
101,  1,  88,  109,  -1,  750, 351,  153.0,  21,  Nuc383509,  2222,  0, 0, 0, , 0, 0, 0, 0, 0,
102,  1,  89,  110,  -1,  709, 359,  142.0,  21,  Nuc386096,  2937,  0, 0, 0, , 0, 0, 0, 0, 0,
103,  1,  89,  111,  -1,  744, 390,  140.0,  21,  Nuc387972,  2346,  0, 0, 0, , 0, 0, 0, 0, 0,
104,  1,  90,  112,  -1,  759, 323,  123.0,  21,  Nuc391884,  2470,  0, 0, 0, , 0, 0, 0, 0, 0,
105,  1,  90,  113,  -1,  747, 376,  127.0,  21,  Nuc402981,  2301,  0, 0, 0, , 0, 0, 0, 0, 0,
106,  1,  91,  114,  -1,  704, 356,  127.0,  21,  Nuc406096,  2049,  0, 0, 0, , 0, 0, 0, 0, 0,
107,  1,  92,  115,  -1,  674, 320,  139.0,  21,  Nuc406985,  2044,  0, 0, 0, , 0, 0, 0, 0, 0,
108,  1,  92,  116,  -1,  677, 272,  139.0,  21,  Nuc421995,  1839,  0, 0, 0, , 0, 0, 0, 0, 0,
109,  1,  93,  117,  -1,  680, 260,  123.0,  21,  Nuc424212,  1747,  0, 0, 0, , 0, 0, 0, 0, 0,
110,  1,  94,  118,  -1,  707, 300,  126.0,  21,  Nuc432202,  2051,  0, 0, 0, , 0, 0, 0, 0, 0,
111,  1,  95,  119,  -1,  746, 272,  138.0,  21,  Nuc441255,  2142,  0, 0, 0, , 0, 0, 0, 0, 0,
112,  1,  96,  120,  -1,  746, 259,  121.0,  21,  Nuc442522,  2122,  0, 0, 0, , 0, 0, 0, 0, 0,
113,  1,  96,  121,  -1,  779, 247,  123.0,  21,  Nuc444153,  2188,  0, 0, 0, , 0, 0, 0, 0, 0,
114,  1,  97,  122,  -1,  395, 152,  112.0,  21,  Nuc445526,  2300,  0, 0, 0, , 0, 0, 0, 0, 0,
115,  1,  98,  -1,  -1,  447, 257,  118.0,  21,  Nuc450567,  502,  0, 0, 0, , 0, 0, 0, 0, 0,
116,  1,  99,  123,  -1,  393, 226,  124.0,  21,  Nuc450576,  1728,  0, 0, 0, , 0, 0, 0, 0, 0,
117,  1,  100,  124,  -1,  412, 181,  127.0,  21,  Nuc450587,  2448,  0, 0, 0, , 0, 0, 0, 0, 0,
118,  1,  101,  125,  -1,  361, 227,  137.0,  21,  Nuc451869,  2956,  0, 0, 0, , 0, 0, 0, 0, 0,
119,  1,  102,  -1,  -1,  335, 278,  127.0,  19,  Nuc452200,  2001,  0, 0, 0, , 0, 0, 0, 0, 0,
120,  1,  104,  126,  -1,  391, 280,  141.0,  21,  Nuc452233,  1400,  0, 0, 0, , 0, 0, 0, 0, 0,
121,  1,  105,  127,  -1,  461, 141,  111.0,  21,  Nuc454689,  2312,  0, 0, 0, , 0, 0, 0, 0, 0,
122,  1,  106,  128,  -1,  514, 139,  112.0,  21,  Nuc454950,  2414,  0, 0, 0, , 0, 0, 0, 0, 0,
123,  1,  107,  129,  -1,  481, 165,  123.0,  21,  Nuc457665,  2374,  0, 0, 0, , 0, 0, 0, 0, 0,
124,  1,  108,  130,  131,  473, 265,  146.0,  21,  Nuc460165,  2057,  0, 0, 0, , 0, 0, 0, 0, 0,
125,  1,  109,  132,  -1,  451, 233,  129.0,  21,  Nuc462239,  2087,  0, 0, 0, , 0, 0, 0, 0, 0,
126,  1,  111,  133,  -1,  458, 194,  136.0,  21,  Nuc462395,  2746,  0, 0, 0, , 0, 0, 0, 0, 0,
127,  1,  112,  134,  -1,  511, 199,  137.0,  21,  Nuc465736,  2440,  0, 0, 0, , 0, 0, 0, 0, 0,
128,  1,  113,  135,  -1,  908, 643,  127.0,  21,  Nuc466307,  3243,  0, 0, 0, , 0, 0, 0, 0, 0,
129,  1,  114,  136,  137,  890, 649,  116.0,  21,  Nuc466616,  3232,  0, 0, 0, , 0, 0, 0, 0, 0,
130,  1,  115,  138,  139,  951, 686,  102.0,  23,  Nuc478800,  2965,  0, 0, 0, , 0, 0, 0, 0, 0,
131,  1,  116,  140,  141,  963, 622,  107.0,  21,  Nuc487393,  3234,  0, 0, 0, , 0, 0, 0, 0, 0,
132,  1,  117,  142,  -1,  861, 721,  128.0,  23,  Nuc497673,  3363,  0, 0, 0, , 0, 0, 0, 0, 0,
133,  1,  118,  143,  -1,  806, 705,  126.0,  21,  Nuc500832,  1789,  0, 0, 0, , 0, 0, 0, 0, 0,
134,  1,  118,  144,  -1,  763, 726,  122.0,  21,  Nuc510938,  2263,  0, 0, 0, , 0, 0, 0, 0, 0,
135,  1,  119,  145,  146,  828, 677,  124.0,  21,  Nuc526951,  2082,  0, 0, 0, , 0, 0, 0, 0, 0,
136,  1,  120,  147,  148,  892, 714,  114.0,  23,  Nuc541252,  3492,  0, 0, 0, , 0, 0, 0, 0, 0,
137,  1,  121,  149,  -1,  922, 743,  104.0,  21,  Nuc543602,  3186,  0, 0, 0, , 0, 0, 0, 0, 0,
138,  1,  122,  150,  -1,  806, 663,  143.0,  21,  Nuc546733,  2709,  0, 0, 0, , 0, 0, 0, 0, 0,
139,  1,  123,  151,  -1,  823, 697,  145.0,  21,  Nuc573497,  2433,  0, 0, 0, , 0, 0, 0, 0, 0,
140,  1,  124,  152,  -1,  759, 765,  128.0,  21,  Nuc574131,  2564,  0, 0, 0, , 0, 0, 0, 0, 0,
141,  1,  125,  153,  -1,  787, 782,  134.0,  21,  Nuc577321,  2794,  0, 0, 0, , 0, 0, 0, 0, 0,
142,  1,  126,  154,  -1,  772, 649,  124.0,  23,  Nuc578608,  2419,  0, 0, 0, , 0, 0, 0, 0, 0,
143,  1,  127,  155,  -1,  736, 694,  128.0,  23,  Nuc585292,  2175,  0, 0, 0, , 0, 0, 0, 0, 0,
144,  1,  128,  156,  -1,  768, 651,  136.0,  23,  Nuc590747,  2504,  0, 0, 0, , 0, 0, 0, 0, 0,
145,  1,  129,  157,  -1,  724, 684,  144.0,  21,  Nuc606147,  1955,  0, 0, 0, , 0, 0, 0, 0, 0,
146,  1,  130,  158,  -1,  682, 702,  139.0,  21,  Nuc624277,  2460,  0, 0, 0, , 0, 0, 0, 0, 0,
147,  1,  131,  159,  -1,  655, 706,  153.0,  21,  Nuc634005,  3289,  0, 0, 0, , 0, 0, 0, 0, 0,
148,  1,  132,  160,  -1,  668, 661,  150.0,  21,  Nuc635134,  2657,  0, 0, 0, , 0, 0, 0, 0, 0,
149,  1,  133,  161,  -1,  773, 736,  147.0,  21,  Nuc668726,  2497,  0, 0, 0, , 0, 0, 0, 0, 0,
150,  1,  133,  162,  -1,  774, 717,  142.0,  21,  Nuc668789,  2744,  0, 0, 0, , 0, 0, 0, 0, 0,
151,  1,  134,  163,  -1,  728, 720,  158.0,  21,  Nuc673195,  2818,  0, 0, 0, , 0, 0, 0, 0, 0,
152,  1,  135,  164,  -1,  701, 743,  158.0,  21,  Nuc677393,  2798,  0, 0, 0, , 0, 0, 0, 0, 0,
153,  1,  136,  165,  -1,  337, 775,  152.0,  21,  Nuc682079,  1587,  0, 0, 0, , 0, 0, 0, 0, 0,
154,  1,  138,  166,  -1,  371, 722,  155.0,  19,  Nuc684222,  1746,  0, 0, 0, , 0, 0, 0, 0, 0,
155,  1,  140,  167,  -1,  419, 786,  148.0,  19,  Nuc685645,  1856,  0, 0, 0, , 0, 0, 0, 0, 0,
156,  1,  141,  168,  -1,  380, 832,  141.0,  21,  Nuc685668,  2537,  0, 0, 0, , 0, 0, 0, 0, 0,
157,  1,  142,  169,  -1,  391, 709,  137.0,  21,  Nuc686928,  1288,  0, 0, 0, , 0, 0, 0, 0, 0,
158,  1,  142,  170,  171,  403, 773,  136.0,  21,  Nuc693838,  950,  0, 0, 0, , 0, 0, 0, 0, 0,
159,  1,  143,  172,  -1,  433, 837,  136.0,  21,  Nuc694035,  1505,  0, 0, 0, , 0, 0, 0, 0, 0,
160,  1,  144,  173,  -1,  423, 872,  134.0,  23,  Nuc694121,  4029,  0, 0, 0, , 0, 0, 0, 0, 0,
161,  1,  146,  174,  175,  333, 814,  127.0,  21,  Nuc694449,  1778,  0, 0, 0, , 0, 0, 0, 0, 0,
162,  1,  147,  176,  -1,  345, 851,  125.0,  21,  Nuc695096,  1977,  0, 0, 0, , 0, 0, 0, 0, 0,
163,  1,  148,  177,  -1,  847, 431,  121.0,  21,  Nuc701821,  2077,  0, 0, 0, , 0, 0, 0, 0, 0,
164,  1,  149,  178,  -1,  880, 392,  118.0,  21,  Nuc718576,  2157,  0, 0, 0, , 0, 0, 0, 0, 0,
165,  1,  149,  179,  180,  903, 390,  122.0,  21,  Nuc720095,  2502,  0, 0, 0, , 0, 0, 0, 0, 0,
166,  1,  150,  181,  -1,  893, 450,  120.0,  21,  Nuc726387,  2412,  0, 0, 0, , 0, 0, 0, 0, 0,
167,  1,  151,  182,  -1,  905, 501,  118.0,  21,  Nuc727175,  2349,  0, 0, 0, , 0, 0, 0, 0, 0,
168,  1,  152,  183,  -1,  921, 443,  125.0,  21,  Nuc733903,  2160,  0, 0, 0, , 0, 0, 0, 0, 0,
169,  1,  152,  184,  185,  953, 494,  121.0,  29,  Nuc734516,  8338,  0, 0, 0, , 0, 0, 0, 0, 0,
170,  1,  153,  186,  -1,  827, 422,  131.0,  21,  Nuc736783,  2567,  0, 0, 0, , 0, 0, 0, 0, 0,
171,  1,  154,  187,  -1,  882, 432,  139.0,  21,  Nuc740828,  2235,  0, 0, 0, , 0, 0, 0, 0, 0,
172,  1,  155,  188,  -1,  862, 406,  140.0,  21,  Nuc742027,  2250,  0, 0, 0, , 0, 0, 0, 0, 0,
173,  1,  156,  189,  -1,  855, 491,  130.0,  21,  Nuc744084,  1718,  0, 0, 0, , 0, 0, 0, 0, 0,
174,  1,  157,  190,  -1,  846, 479,  145.0,  21,  Nuc755991,  2661,  0, 0, 0, , 0, 0, 0, 0, 0,
175,  1,  158,  191,  -1,  858, 527,  150.0,  21,  Nuc756188,  2573,  0, 0, 0, , 0, 0, 0, 0, 0,
176,  1,  158,  192,  -1,  879, 518,  145.0,  21,  Nuc764024,  2580,  0, 0, 0, , 0, 0, 0, 0, 0,
177,  1,  159,  193,  -1,  776, 426,  126.0,  21,  Nuc765566,  3358,  0, 0, 0, , 0, 0, 0, 0, 0,
178,  1,  160,  194,  -1,  780, 441,  136.0,  21,  Nuc767143,  2371,  0, 0, 0, , 0, 0, 0, 0, 0,
179,  1,  161,  195,  196,  792, 485,  129.0,  27,  Nuc767398,  434,  0, 0, 0, , 0, 0, 0, 0, 0,
180,  1,  162,  197,  -1,  735, 502,  141.0,  21,  Nuc777283,  1048,  0, 0, 0, , 0, 0, 0, 0, 0,
181,  1,  163,  198,  -1,  713, 546,  147.0,  21,  Nuc781535,  2601,  0, 0, 0, , 0, 0, 0, 0, 0,
182,  1,  164,  -1,  -1,  773, 540,  145.0,  21,  Nuc781785,  1057,  0, 0, 0, , 0, 0, 0, 0, 0,
183,  1,  165,  199,  -1,  782, 490,  150.0,  23,  Nuc781838,  2865,  0, 0, 0, , 0, 0, 0, 0, 0,
184,  1,  166,  200,  -1,  792, 503,  161.0,  21,  Nuc784399,  2686,  0, 0, 0, , 0, 0, 0, 0, 0,
185,  1,  167,  201,  -1,  838, 459,  153.0,  23,  Nuc786046,  2708,  0, 0, 0, , 0, 0, 0, 0, 0,
186,  1,  168,  202,  -1,  757, 420,  150.0,  21,  Nuc787833,  2444,  0, 0, 0, , 0, 0, 0, 0, 0,
187,  1,  169,  203,  -1,  756, 418,  162.0,  23,  Nuc790363,  2549,  0, 0, 0, , 0, 0, 0, 0, 0,
188,  1,  170,  204,  -1,  721, 477,  160.0,  21,  Nuc795095,  3220,  0, 0, 0, , 0, 0, 0, 0, 0,
189,  1,  171,  205,  -1,  714, 440,  150.0,  21,  Nuc795452,  3000,  0, 0, 0, , 0, 0, 0, 0, 0,
190,  1,  172,  206,  -1,  842, 521,  137.0,  21,  Nuc799537,  2735,  0, 0, 0, , 0, 0, 0, 0, 0,
191,  1,  173,  207,  -1,  784, 534,  132.0,  21,  Nuc801186,  2223,  0, 0, 0, , 0, 0, 0, 0, 0,
192,  1,  174,  208,  -1,  800, 584,  130.0,  21,  Nuc808234,  2408,  0, 0, 0, , 0, 0, 0, 0, 0,
193,  1,  175,  209,  -1,  826, 570,  138.0,  21,  Nuc825251,  2449,  0, 0, 0, , 0, 0, 0, 0, 0,
194,  1,  176,  210,  -1,  772, 606,  147.0,  21,  Nuc842582,  2976,  0, 0, 0, , 0, 0, 0, 0, 0,
195,  1,  177,  211,  -1,  806, 618,  141.0,  21,  Nuc845533,  2755,  0, 0, 0, , 0, 0, 0, 0, 0,
196,  1,  178,  212,  213,  863, 643,  137.0,  23,  Nuc846766,  4068,  0, 0, 0, , 0, 0, 0, 0, 0,
197,  1,  179,  214,  215,  880, 575,  139.0,  25,  Nuc851367,  14755,  0, 0, 0, , 0, 0, 0, 0, 0,
198,  1,  180,  216,  -1,  833, 614,  123.0,  21,  Nuc855301,  2336,  0, 0, 0, , 0, 0, 0, 0, 0,
199,  1,  180,  217,  -1,  856, 602,  125.0,  21,  Nuc866502,  2292,  0, 0, 0, , 0, 0, 0, 0, 0,
200,  1,  181,  218,  -1,  899, 520,  127.0,  21,  Nuc886406,  2022,  0, 0, 0, , 0, 0, 0, 0, 0,
201,  1,  182,  219,  220,  848, 537,  123.0,  23,  Nuc889060,  2861,  0, 0, 0, , 0, 0, 0, 0, 0,
202,  1,  183,  221,  222,  909, 574,  117.0,  21,  Nuc895748,  4122,  0, 0, 0, , 0, 0, 0, 0, 0,
203,  1,  184,  223,  -1,  933, 579,  129.0,  21,  Nuc902823,  3744,  0, 0, 0, , 0, 0, 0, 0, 0,
204,  1,  185,  224,  -1,  974, 558,  110.0,  21,  Nuc906531,  3119,  0, 0, 0, , 0, 0, 0, 0, 0,
205,  1,  186,  225,  226,  962, 522,  106.0,  21,  Nuc907631,  2780,  0, 0, 0, , 0, 0, 0, 0, 0,
206,  1,  187,  227,  -1,  746, 601,  130.0,  21,  Nuc911912,  2685,  0, 0, 0, , 0, 0, 0, 0, 0,
207,  1,  187,  228,  -1,  741, 569,  133.0,  21,  Nuc935109,  3389,  0, 0, 0, , 0, 0, 0, 0, 0,
208,  1,  188,  229,  -1,  713, 624,  142.0,  21,  Nuc938603,  2135,  0, 0, 0, , 0, 0, 0, 0, 0,
209,  1,  188,  230,  -1,  720, 600,  145.0,  21,  Nuc946156,  2585,  0, 0, 0, , 0, 0, 0, 0, 0,
210,  1,  189,  231,  -1,  781, 677,  155.0,  21,  Nuc953011,  2628,  0, 0, 0, , 0, 0, 0, 0, 0,
211,  1,  190,  232,  -1,  754, 613,  167.0,  23,  Nuc954606,  6397,  0, 0, 0, , 0, 0, 0, 0, 0,
212,  1,  191,  233,  -1,  741, 599,  160.0,  21,  Nuc956975,  2480,  0, 0, 0, , 0, 0, 0, 0, 0,
213,  1,  192,  234,  235,  839, 609,  151.0,  21,  Nuc966775,  4745,  0, 0, 0, , 0, 0, 0, 0, 0,
214,  1,  193,  236,  237,  798, 560,  160.0,  25,  Nuc967924,  5083,  0, 0, 0, , 0, 0, 0, 0, 0,
215,  1,  194,  238,  -1,  541, 586,  143.0,  23,  Nuc1024130,  3336,  0, 0, 0, , 0, 0, 0, 0, 0,
216,  1,  195,  239,  -1,  497, 598,  147.0,  21,  Nuc1056926,  1409,  0, 0, 0, , 0, 0, 0, 0, 0,
217,  1,  196,  240,  -1,  282, 825,  114.0,  21,  Nuc1057061,  1740,  0, 0, 0, , 0, 0, 0, 0, 0,
218,  1,  197,  -1,  -1,  254, 722,  123.0,  21,  Nuc1057172,  497,  0, 0, 0, , 0, 0, 0, 0, 0,
219,  1,  198,  241,  -1,  248, 757,  130.0,  21,  Nuc1057174,  673,  0, 0, 0, , 0, 0, 0, 0, 0,
220,  1,  199,  242,  -1,  282, 780,  121.0,  21,  Nuc1057277,  2205,  0, 0, 0, , 0, 0, 0, 0, 0,
221,  1,  200,  243,  -1,  280, 748,  140.0,  19,  Nuc1057293,  1622,  0, 0, 0, , 0, 0, 0, 0, 0,
222,  1,  202,  244,  -1,  482, 737,  120.0,  21,  Nuc1057351,  2038,  0, 0, 0, , 0, 0, 0, 0, 0,
223,  1,  203,  -1,  -1,  491, 709,  127.0,  23,  Nuc1057643,  298,  0, 0, 0, , 0, 0, 0, 0, 0,
224,  1,  204,  -1,  -1,  367, 756,  141.0,  23,  Nuc1057664,  2009,  0, 0, 0, , 0, 0, 0, 0, 0,
225,  1,  205,  -1,  -1,  452, 755,  139.0,  21,  Nuc1057686,  1918,  0, 0, 0, , 0, 0, 0, 0, 0,
226,  1,  206,  -1,  -1,  462, 705,  139.0,  21,  Nuc1057749,  1346,  0, 0, 0, , 0, 0, 0, 0, 0,
227,  1,  207,  245,  -1,  471, 738,  154.0,  21,  Nuc1057767,  1285,  0, 0, 0, , 0, 0, 0, 0, 0,
228,  1,  208,  -1,  -1,  547, 616,  129.0,  23,  Nuc1057919,  1728,  0, 0, 0, , 0, 0, 0, 0, 0,
229,  1,  208,  246,  -1,  507, 590,  128.0,  23,  Nuc1057920,  2382,  0, 0, 0, , 0, 0, 0, 0, 0,
230,  1,  209,  247,  248,  613, 654,  132.0,  23,  Nuc1058199,  2389,  0, 0, 0, , 0, 0, 0, 0, 0,
231,  1,  210,  249,  -1,  558, 636,  141.0,  21,  Nuc1062377,  2221,  0, 0, 0, , 0, 0, 0, 0, 0,
232,  1,  210,  250,  -1,  562, 675,  146.0,  21,  Nuc1091037,  2946,  0, 0, 0, , 0, 0, 0, 0, 0,
233,  1,  211,  251,  -1,  591, 708,  140.0,  21,  Nuc1091597,  2706,  0, 0, 0, , 0, 0, 0, 0, 0,
234,  1,  212,  -1,  -1,  523, 666,  133.0,  23,  Nuc1091743,  1800,  0, 0, 0, , 0, 0, 0, 0, 0,
235,  1,  212,  252,  -1,  534, 719,  136.0,  21,  Nuc1091744,  2929,  0, 0, 0, , 0, 0, 0, 0, 0,
236,  1,  213,  253,  -1,  537, 726,  120.0,  23,  Nuc1092041,  2402,  0, 0, 0, , 0, 0, 0, 0, 0,
237,  1,  213,  254,  255,  549, 709,  123.0,  23,  Nuc1092178,  2240,  0, 0, 0, , 0, 0, 0, 0, 0,
238,  1,  214,  256,  257,  622, 659,  145.0,  23,  Nuc1102223,  2048,  0, 0, 0, , 0, 0, 0, 0, 0,
239,  1,  215,  258,  -1,  635, 709,  140.0,  21,  Nuc1124427,  2749,  0, 0, 0, , 0, 0, 0, 0, 0,
240,  1,  216,  259,  -1,  654, 727,  125.0,  21,  Nuc1129027,  2058,  0, 0, 0, , 0, 0, 0, 0, 0,
241,  1,  217,  260,  -1,  615, 708,  124.0,  21,  Nuc1129030,  2382,  0, 0, 0, , 0, 0, 0, 0, 0,
242,  1,  218,  261,  -1,  588, 756,  119.0,  21,  Nuc1145056,  2044,  0, 0, 0, , 0, 0, 0, 0, 0,
243,  1,  219,  262,  -1,  616, 754,  132.0,  21,  Nuc1145229,  2149,  0, 0, 0, , 0, 0, 0, 0, 0,
244,  1,  220,  -1,  -1,  412, 552,  137.0,  21,  Nuc1208210,  550,  0, 0, 0, , 0, 0, 0, 0, 0,
245,  1,  221,  263,  -1,  459, 565,  140.0,  21,  Nuc1208218,  1176,  0, 0, 0, , 0, 0, 0, 0, 0,
246,  1,  222,  -1,  -1,  462, 540,  129.0,  25,  Nuc1208671,  320,  0, 0, 0, , 0, 0, 0, 0, 0,
247,  1,  223,  264,  265,  514, 524,  130.0,  27,  Nuc1208689,  2739,  0, 0, 0, , 0, 0, 0, 0, 0,
248,  1,  224,  266,  267,  584, 765,  144.0,  21,  Nuc1210627,  2349,  0, 0, 0, , 0, 0, 0, 0, 0,
249,  1,  225,  268,  269,  535, 816,  144.0,  21,  Nuc1231756,  1566,  0, 0, 0, , 0, 0, 0, 0, 0,
250,  1,  226,  270,  -1,  551, 834,  152.0,  21,  Nuc1232497,  1716,  0, 0, 0, , 0, 0, 0, 0, 0,
251,  1,  227,  271,  -1,  565, 881,  136.0,  21,  Nuc1234875,  1563,  0, 0, 0, , 0, 0, 0, 0, 0,
252,  1,  228,  272,  -1,  479, 836,  150.0,  21,  Nuc1247465,  1704,  0, 0, 0, , 0, 0, 0, 0, 0,
253,  1,  228,  273,  -1,  443, 828,  151.0,  21,  Nuc1248073,  2406,  0, 0, 0, , 0, 0, 0, 0, 0,
254,  1,  229,  274,  -1,  485, 824,  140.0,  21,  Nuc1248930,  2169,  0, 0, 0, , 0, 0, 0, 0, 0,
255,  1,  230,  275,  -1,  527, 756,  162.0,  23,  Nuc1262384,  1911,  0, 0, 0, , 0, 0, 0, 0, 0,
256,  1,  231,  276,  -1,  516, 786,  152.0,  21,  Nuc1262653,  2546,  0, 0, 0, , 0, 0, 0, 0, 0,
257,  1,  232,  277,  -1,  475, 785,  164.0,  21,  Nuc1270029,  1604,  0, 0, 0, , 0, 0, 0, 0, 0,
258,  1,  232,  278,  -1,  459, 777,  158.0,  21,  Nuc1272293,  1628,  0, 0, 0, , 0, 0, 0, 0, 0,
259,  1,  233,  279,  -1,  677, 603,  130.0,  23,  Nuc1272778,  3209,  0, 0, 0, , 0, 0, 0, 0, 0,
260,  1,  234,  280,  -1,  674, 661,  131.0,  25,  Nuc1330336,  2641,  0, 0, 0, , 0, 0, 0, 0, 0,
261,  1,  235,  281,  -1,  652, 619,  150.0,  23,  Nuc1335668,  3358,  0, 0, 0, , 0, 0, 0, 0, 0,
262,  1,  236,  282,  -1,  595, 590,  143.0,  19,  Nuc1336686,  1219,  0, 0, 0, , 0, 0, 0, 0, 0,
263,  1,  237,  283,  -1,  563, 550,  135.0,  21,  Nuc1344455,  1711,  0, 0, 0, , 0, 0, 0, 0, 0,
264,  1,  238,  284,  -1,  624, 549,  135.0,  21,  Nuc1390601,  1688,  0, 0, 0, , 0, 0, 0, 0, 0,
265,  1,  238,  285,  -1,  615, 528,  138.0,  21,  Nuc1390676,  886,  0, 0, 0, , 0, 0, 0, 0, 0,
266,  1,  239,  286,  287,  683, 515,  132.0,  21,  Nuc1418356,  3938,  0, 0, 0, , 0, 0, 0, 0, 0,
267,  1,  240,  -1,  -1,  396, 579,  155.0,  21,  Nuc1418877,  264,  0, 0, 0, , 0, 0, 0, 0, 0,
268,  1,  241,  288,  -1,  377, 617,  166.0,  19,  Nuc1418879,  1135,  0, 0, 0, , 0, 0, 0, 0, 0,
269,  1,  242,  289,  -1,  429, 543,  180.0,  21,  Nuc1419108,  2906,  0, 0, 0, , 0, 0, 0, 0, 0,
270,  1,  243,  290,  -1,  448, 513,  170.0,  21,  Nuc1419554,  2484,  0, 0, 0, , 0, 0, 0, 0, 0,
271,  1,  243,  291,  -1,  452, 568,  166.0,  21,  Nuc1419556,  1757,  0, 0, 0, , 0, 0, 0, 0, 0,
272,  1,  244,  292,  -1,  506, 394,  134.0,  21,  Nuc1426710,  852,  0, 0, 0, , 0, 0, 0, 0, 0,
273,  1,  244,  293,  294,  513, 453,  132.0,  23,  Nuc1426895,  2615,  0, 0, 0, , 0, 0, 0, 0, 0,
274,  1,  246,  295,  -1,  465, 481,  130.0,  21,  Nuc1427164,  2739,  0, 0, 0, , 0, 0, 0, 0, 0,
275,  1,  247,  296,  -1,  631, 487,  130.0,  23,  Nuc1431523,  2351,  0, 0, 0, , 0, 0, 0, 0, 0,
276,  1,  248,  297,  -1,  565, 481,  130.0,  23,  Nuc1453061,  3542,  0, 0, 0, , 0, 0, 0, 0, 0,
277,  1,  249,  298,  -1,  457, 526,  160.0,  21,  Nuc1468272,  3976,  0, 0, 0, , 0, 0, 0, 0, 0,
278,  1,  250,  299,  -1,  475, 534,  152.0,  21,  Nuc1468881,  3452,  0, 0, 0, , 0, 0, 0, 0, 0,
279,  1,  251,  -1,  -1,  506, 544,  142.0,  25,  Nuc1476768,  2740,  0, 0, 0, , 0, 0, 0, 0, 0,
280,  1,  252,  300,  -1,  402, 401,  144.0,  21,  Nuc1476783,  1487,  0, 0, 0, , 0, 0, 0, 0, 0,
281,  1,  252,  301,  -1,  431, 427,  151.0,  23,  Nuc1476907,  2561,  0, 0, 0, , 0, 0, 0, 0, 0,
282,  1,  253,  302,  -1,  516, 487,  143.0,  21,  Nuc1483147,  3669,  0, 0, 0, , 0, 0, 0, 0, 0,
283,  1,  254,  303,  -1,  327, 411,  163.0,  21,  Nuc1483243,  1387,  0, 0, 0, , 0, 0, 0, 0, 0,
284,  1,  255,  304,  -1,  374, 392,  165.0,  21,  Nuc1484104,  2079,  0, 0, 0, , 0, 0, 0, 0, 0,
285,  1,  256,  305,  -1,  338, 384,  173.0,  21,  Nuc1492378,  1411,  0, 0, 0, , 0, 0, 0, 0, 0,
286,  1,  257,  306,  -1,  285, 448,  167.0,  21,  Nuc1492496,  1553,  0, 0, 0, , 0, 0, 0, 0, 0,
287,  1,  257,  -1,  -1,  301, 487,  163.0,  21,  Nuc1492995,  1422,  0, 0, 0, , 0, 0, 0, 0, 0,
288,  1,  258,  307,  -1,  413, 370,  175.0,  21,  Nuc1493020,  3125,  0, 0, 0, , 0, 0, 0, 0, 0,
289,  1,  260,  308,  -1,  398, 440,  162.0,  19,  Nuc1493201,  1618,  0, 0, 0, , 0, 0, 0, 0, 0,
290,  1,  261,  309,  -1,  476, 300,  165.0,  19,  Nuc1493242,  1097,  0, 0, 0, , 0, 0, 0, 0, 0,
291,  1,  263,  310,  -1,  340, 357,  157.0,  21,  Nuc1493625,  1682,  0, 0, 0, , 0, 0, 0, 0, 0,
292,  1,  264,  311,  -1,  415, 395,  163.0,  21,  Nuc1493782,  1380,  0, 0, 0, , 0, 0, 0, 0, 0,
293,  1,  265,  312,  -1,  438, 307,  166.0,  19,  Nuc1494183,  1379,  0, 0, 0, , 0, 0, 0, 0, 0,
294,  1,  266,  313,  -1,  380, 332,  167.0,  21,  Nuc1494300,  1879,  0, 0, 0, , 0, 0, 0, 0, 0,
295,  1,  267,  314,  -1,  331, 285,  140.0,  21,  Nuc1494738,  2293,  0, 0, 0, , 0, 0, 0, 0, 0,
296,  1,  268,  -1,  -1,  419, 295,  150.0,  21,  Nuc1496195,  788,  0, 0, 0, , 0, 0, 0, 0, 0,
297,  1,  269,  315,  -1,  398, 349,  148.0,  21,  Nuc1496197,  1482,  0, 0, 0, , 0, 0, 0, 0, 0,
298,  1,  270,  316,  -1,  426, 268,  158.0,  21,  Nuc1496384,  1955,  0, 0, 0, , 0, 0, 0, 0, 0,
299,  1,  271,  317,  -1,  437, 223,  147.0,  19,  Nuc1497070,  1346,  0, 0, 0, , 0, 0, 0, 0, 0,
300,  1,  272,  318,  -1,  403, 223,  145.0,  21,  Nuc1497124,  1768,  0, 0, 0, , 0, 0, 0, 0, 0,
301,  1,  273,  319,  -1,  656, 347,  151.0,  21,  Nuc1500744,  2183,  0, 0, 0, , 0, 0, 0, 0, 0,
302,  1,  274,  320,  -1,  666, 301,  155.0,  21,  Nuc1502241,  1931,  0, 0, 0, , 0, 0, 0, 0, 0,
303,  1,  275,  321,  -1,  610, 388,  159.0,  21,  Nuc1503375,  1776,  0, 0, 0, , 0, 0, 0, 0, 0,
304,  1,  276,  322,  -1,  639, 357,  166.0,  21,  Nuc1507087,  2140,  0, 0, 0, , 0, 0, 0, 0, 0,
305,  1,  277,  323,  -1,  612, 414,  149.0,  21,  Nuc1508355,  2406,  0, 0, 0, , 0, 0, 0, 0, 0,
306,  1,  278,  324,  -1,  648, 424,  156.0,  23,  Nuc1508574,  2229,  0, 0, 0, , 0, 0, 0, 0, 0,
307,  1,  279,  325,  -1,  652, 379,  142.0,  21,  Nuc1510140,  2715,  0, 0, 0, , 0, 0, 0, 0, 0,
308,  1,  283,  326,  -1,  536, 376,  127.0,  21,  Nuc1514908,  1609,  0, 0, 0, , 0, 0, 0, 0, 0,
309,  1,  284,  327,  -1,  563, 434,  145.0,  21,  Nuc1514945,  1261,  0, 0, 0, , 0, 0, 0, 0, 0,
310,  1,  285,  -1,  -1,  631, 317,  126.0,  21,  Nuc1545780,  1702,  0, 0, 0, , 0, 0, 0, 0, 0,
311,  1,  285,  328,  -1,  658, 359,  126.0,  21,  Nuc1545781,  2062,  0, 0, 0, , 0, 0, 0, 0, 0,
312,  1,  286,  329,  -1,  587, 371,  141.0,  23,  Nuc1551444,  2576,  0, 0, 0, , 0, 0, 0, 0, 0,
313,  1,  286,  -1,  -1,  597, 339,  148.0,  21,  Nuc1553307,  1684,  0, 0, 0, , 0, 0, 0, 0, 0,
314,  1,  287,  330,  -1,  476, 320,  157.0,  21,  Nuc1553380,  2662,  0, 0, 0, , 0, 0, 0, 0, 0,
315,  1,  288,  331,  -1,  402, 354,  158.0,  21,  Nuc1556097,  1591,  0, 0, 0, , 0, 0, 0, 0, 0,
316,  1,  288,  332,  -1,  441, 380,  153.0,  21,  Nuc1558876,  1097,  0, 0, 0, , 0, 0, 0, 0, 0,
317,  1,  289,  333,  -1,  461, 351,  151.0,  23,  Nuc1559133,  1989,  0, 0, 0, , 0, 0, 0, 0, 0,
318,  1,  290,  334,  335,  507, 367,  141.0,  21,  Nuc1560747,  1885,  0, 0, 0, , 0, 0, 0, 0, 0,
319,  1,  291,  336,  -1,  569, 265,  148.0,  21,  Nuc1572648,  2361,  0, 0, 0, , 0, 0, 0, 0, 0,
320,  1,  292,  337,  -1,  574, 280,  160.0,  21,  Nuc1575106,  1917,  0, 0, 0, , 0, 0, 0, 0, 0,
321,  1,  293,  -1,  -1,  539, 298,  151.0,  21,  Nuc1575649,  1554,  0, 0, 0, , 0, 0, 0, 0, 0,
322,  1,  294,  338,  -1,  499, 259,  156.0,  23,  Nuc1575670,  1771,  0, 0, 0, , 0, 0, 0, 0, 0,
323,  1,  295,  339,  -1,  509, 228,  149.0,  23,  Nuc1576126,  1544,  0, 0, 0, , 0, 0, 0, 0, 0,
324,  1,  296,  340,  -1,  610, 284,  158.0,  21,  Nuc1577632,  1964,  0, 0, 0, , 0, 0, 0, 0, 0,
325,  1,  297,  341,  -1,  533, 323,  165.0,  21,  Nuc1581765,  1908,  0, 0, 0, , 0, 0, 0, 0, 0,
326,  1,  298,  -1,  -1,  574, 346,  160.0,  21,  Nuc1582092,  1767,  0, 0, 0, , 0, 0, 0, 0, 0,
327,  1,  298,  342,  -1,  585, 341,  168.0,  21,  Nuc1582093,  2019,  0, 0, 0, , 0, 0, 0, 0, 0,
328,  1,  299,  343,  -1,  457, 372,  176.0,  21,  Nuc1584302,  1618,  0, 0, 0, , 0, 0, 0, 0, 0,
329,  1,  300,  344,  -1,  501, 333,  171.0,  21,  Nuc1584427,  1682,  0, 0, 0, , 0, 0, 0, 0, 0,
330,  1,  301,  345,  -1,  639, 485,  153.0,  21,  Nuc1584601,  1533,  0, 0, 0, , 0, 0, 0, 0, 0,
331,  1,  301,  346,  -1,  673, 472,  155.0,  21,  Nuc1585759,  3178,  0, 0, 0, , 0, 0, 0, 0, 0,
332,  1,  302,  347,  348,  679, 463,  140.0,  21,  Nuc1602925,  2640,  0, 0, 0, , 0, 0, 0, 0, 0,
333,  1,  302,  349,  -1,  645, 456,  142.0,  19,  Nuc1622406,  2496,  0, 0, 0, , 0, 0, 0, 0, 0,
334,  1,  303,  350,  -1,  723, 463,  132.0,  21,  Nuc1622773,  3183,  0, 0, 0, , 0, 0, 0, 0, 0,
335,  1,  304,  351,  352,  726, 429,  127.0,  21,  Nuc1623255,  2450,  0, 0, 0, , 0, 0, 0, 0, 0,
336,  1,  305,  353,  -1,  674, 422,  128.0,  23,  Nuc1639857,  3514,  0, 0, 0, , 0, 0, 0, 0, 0,
337,  1,  306,  354,  -1,  645, 544,  166.0,  21,  Nuc1640592,  8944,  0, 0, 0, , 0, 0, 0, 0, 0,
338,  1,  307,  355,  -1,  662, 513,  143.0,  21,  Nuc1643539,  4591,  0, 0, 0, , 0, 0, 0, 0, 0,
339,  1,  308,  356,  -1,  646, 537,  149.0,  21,  Nuc1647670,  8017,  0, 0, 0, , 0, 0, 0, 0, 0,
340,  1,  309,  357,  -1,  762, 662,  161.0,  21,  Nuc1703109,  2871,  0, 0, 0, , 0, 0, 0, 0, 0,
341,  1,  310,  358,  -1,  719, 643,  156.0,  21,  Nuc1703179,  1797,  0, 0, 0, , 0, 0, 0, 0, 0,
342,  1,  311,  359,  -1,  697, 600,  161.0,  23,  Nuc1707566,  8057,  0, 0, 0, , 0, 0, 0, 0, 0,
343,  1,  312,  360,  -1,  681, 560,  159.0,  21,  Nuc1707836,  7320,  0, 0, 0, , 0, 0, 0, 0, 0,
344,  1,  313,  361,  362,  659, 575,  144.0,  21,  Nuc1707970,  6089,  0, 0, 0, , 0, 0, 0, 0, 0,
345,  1,  314,  363,  -1,  687, 567,  138.0,  21,  Nuc1738833,  4042,  0, 0, 0, , 0, 0, 0, 0, 0,
346,  1,  316,  364,  -1,  511, 506,  155.0,  21,  Nuc1740635,  3450,  0, 0, 0, , 0, 0, 0, 0, 0,
347,  1,  317,  365,  -1,  532, 548,  156.0,  21,  Nuc1750722,  4814,  0, 0, 0, , 0, 0, 0, 0, 0,
348,  1,  318,  366,  -1,  559, 508,  145.0,  23,  Nuc1754972,  2605,  0, 0, 0, , 0, 0, 0, 0, 0,
349,  1,  318,  367,  -1,  579, 547,  148.0,  23,  Nuc1755156,  6065,  0, 0, 0, , 0, 0, 0, 0, 0,
350,  1,  319,  368,  -1,  617, 573,  154.0,  21,  Nuc1755562,  1821,  0, 0, 0, , 0, 0, 0, 0, 0,
351,  1,  319,  369,  -1,  594, 623,  150.0,  23,  Nuc1759529,  2895,  0, 0, 0, , 0, 0, 0, 0, 0,
352,  1,  320,  370,  -1,  558, 589,  155.0,  23,  Nuc1759620,  5431,  0, 0, 0, , 0, 0, 0, 0, 0,
353,  1,  321,  371,  -1,  532, 533,  173.0,  23,  Nuc1759779,  5318,  0, 0, 0, , 0, 0, 0, 0, 0,
354,  1,  322,  372,  373,  540, 480,  173.0,  21,  Nuc1762249,  5357,  0, 0, 0, , 0, 0, 0, 0, 0,
355,  1,  323,  374,  -1,  446, 493,  175.0,  19,  Nuc1763430,  1776,  0, 0, 0, , 0, 0, 0, 0, 0,
356,  1,  324,  375,  -1,  487, 515,  179.0,  21,  Nuc1763551,  5082,  0, 0, 0, , 0, 0, 0, 0, 0,
357,  1,  325,  376,  -1,  476, 416,  181.0,  21,  Nuc1763595,  2133,  0, 0, 0, , 0, 0, 0, 0, 0,
358,  1,  326,  377,  -1,  534, 433,  177.0,  21,  Nuc1763675,  2767,  0, 0, 0, , 0, 0, 0, 0, 0,
359,  1,  326,  378,  -1,  492, 458,  175.0,  21,  Nuc1764556,  2551,  0, 0, 0, , 0, 0, 0, 0, 0,
360,  1,  327,  379,  -1,  521, 438,  156.0,  23,  Nuc1765098,  1396,  0, 0, 0, , 0, 0, 0, 0, 0,
361,  1,  327,  380,  -1,  477, 463,  163.0,  21,  Nuc1766377,  2415,  0, 0, 0, , 0, 0, 0, 0, 0,
362,  1,  328,  381,  -1,  431, 456,  170.0,  21,  Nuc1769715,  2556,  0, 0, 0, , 0, 0, 0, 0, 0,
363,  1,  329,  382,  -1,  452, 421,  165.0,  21,  Nuc1771842,  2722,  0, 0, 0, , 0, 0, 0, 0, 0,
364,  1,  330,  383,  -1,  504, 503,  168.0,  23,  Nuc1772032,  5822,  0, 0, 0, , 0, 0, 0, 0, 0,
365,  1,  331,  384,  -1,  489, 582,  158.0,  21,  Nuc1773087,  3279,  0, 0, 0, , 0, 0, 0, 0, 0,
366,  1,  332,  385,  386,  469, 696,  162.0,  21,  Nuc1773193,  3164,  0, 0, 0, , 0, 0, 0, 0, 0,
367,  1,  333,  387,  -1,  421, 745,  169.0,  21,  Nuc1782857,  2361,  0, 0, 0, , 0, 0, 0, 0, 0,
368,  1,  335,  388,  -1,  415, 671,  165.0,  21,  Nuc1783551,  1612,  0, 0, 0, , 0, 0, 0, 0, 0,
369,  1,  335,  389,  -1,  409, 688,  157.0,  21,  Nuc1783832,  525,  0, 0, 0, , 0, 0, 0, 0, 0,
370,  1,  336,  390,  -1,  330, 660,  166.0,  21,  Nuc1784130,  1802,  0, 0, 0, , 0, 0, 0, 0, 0,
371,  1,  336,  391,  -1,  366, 708,  168.0,  21,  Nuc1784177,  2117,  0, 0, 0, , 0, 0, 0, 0, 0,
372,  1,  337,  392,  -1,  290, 654,  160.0,  21,  Nuc1784509,  1674,  0, 0, 0, , 0, 0, 0, 0, 0,
373,  1,  337,  393,  -1,  309, 712,  159.0,  21,  Nuc1784759,  1787,  0, 0, 0, , 0, 0, 0, 0, 0,
374,  1,  338,  394,  -1,  275, 610,  161.0,  21,  Nuc1785282,  1696,  0, 0, 0, , 0, 0, 0, 0, 0,
375,  1,  339,  395,  396,  320, 628,  160.0,  21,  Nuc1785359,  1359,  0, 0, 0, , 0, 0, 0, 0, 0,
376,  1,  339,  397,  398,  321, 627,  151.0,  19,  Nuc1787708,  839,  0, 0, 0, , 0, 0, 0, 0, 0,
377,  1,  340,  399,  -1,  410, 618,  170.0,  21,  Nuc1787991,  1662,  0, 0, 0, , 0, 0, 0, 0, 0,
378,  1,  341,  400,  -1,  442, 614,  166.0,  21,  Nuc1789129,  2037,  0, 0, 0, , 0, 0, 0, 0, 0,
379,  1,  342,  401,  402,  339, 624,  175.0,  21,  Nuc1793870,  1641,  0, 0, 0, , 0, 0, 0, 0, 0,
380,  1,  343,  403,  -1,  376, 671,  177.0,  21,  Nuc1794057,  1529,  0, 0, 0, , 0, 0, 0, 0, 0,
381,  1,  343,  404,  -1,  386, 654,  170.0,  21,  Nuc1794059,  714,  0, 0, 0, , 0, 0, 0, 0, 0,
382,  1,  344,  405,  -1,  455, 447,  183.0,  21,  Nuc1794136,  1742,  0, 0, 0, , 0, 0, 0, 0, 0,
383,  1,  345,  406,  -1,  555, 425,  179.0,  21,  Nuc1794479,  1749,  0, 0, 0, , 0, 0, 0, 0, 0,
384,  1,  346,  407,  -1,  512, 378,  176.0,  21,  Nuc1795192,  2144,  0, 0, 0, , 0, 0, 0, 0, 0,
385,  1,  346,  408,  -1,  541, 368,  173.0,  21,  Nuc1797157,  2203,  0, 0, 0, , 0, 0, 0, 0, 0,
386,  1,  347,  409,  -1,  680, 431,  165.0,  21,  Nuc1800344,  2703,  0, 0, 0, , 0, 0, 0, 0, 0,
387,  1,  347,  410,  -1,  634, 448,  166.0,  21,  Nuc1801408,  3191,  0, 0, 0, , 0, 0, 0, 0, 0,
388,  1,  348,  411,  -1,  640, 493,  168.0,  21,  Nuc1841610,  1911,  0, 0, 0, , 0, 0, 0, 0, 0,
389,  1,  349,  412,  -1,  623, 424,  175.0,  21,  Nuc1842035,  2624,  0, 0, 0, , 0, 0, 0, 0, 0,
390,  1,  349,  413,  -1,  604, 404,  171.0,  21,  Nuc1844234,  2630,  0, 0, 0, , 0, 0, 0, 0, 0,
391,  1,  350,  414,  415,  700, 379,  160.0,  23,  Nuc1848888,  4289,  0, 0, 0, , 0, 0, 0, 0, 0,
392,  1,  351,  416,  -1,  692, 430,  170.0,  21,  Nuc1849854,  2624,  0, 0, 0, , 0, 0, 0, 0, 0,
393,  1,  352,  417,  -1,  655, 513,  178.0,  23,  Nuc1850318,  4541,  0, 0, 0, , 0, 0, 0, 0, 0,
394,  1,  353,  418,  -1,  677, 471,  173.0,  23,  Nuc1850864,  7459,  0, 0, 0, , 0, 0, 0, 0, 0,
395,  1,  354,  419,  -1,  754, 475,  165.0,  21,  Nuc1851822,  6048,  0, 0, 0, , 0, 0, 0, 0, 0,
396,  1,  355,  420,  -1,  702, 523,  167.0,  23,  Nuc1854181,  7402,  0, 0, 0, , 0, 0, 0, 0, 0,
397,  1,  356,  421,  -1,  745, 529,  168.0,  21,  Nuc1858800,  6514,  0, 0, 0, , 0, 0, 0, 0, 0,
398,  1,  357,  422,  -1,  631, 648,  164.0,  23,  Nuc1862232,  2784,  0, 0, 0, , 0, 0, 0, 0, 0,
399,  1,  358,  423,  -1,  621, 601,  169.0,  21,  Nuc1862832,  1123,  0, 0, 0, , 0, 0, 0, 0, 0,
400,  1,  359,  424,  -1,  656, 588,  164.0,  21,  Nuc1862900,  2136,  0, 0, 0, , 0, 0, 0, 0, 0,
401,  1,  360,  425,  -1,  674, 609,  174.0,  23,  Nuc1863118,  2999,  0, 0, 0, , 0, 0, 0, 0, 0,
402,  1,  361,  426,  -1,  684, 568,  175.0,  21,  Nuc1866605,  2702,  0, 0, 0, , 0, 0, 0, 0, 0,
403,  1,  362,  427,  -1,  755, 539,  156.0,  21,  Nuc1867444,  6070,  0, 0, 0, , 0, 0, 0, 0, 0,
404,  1,  363,  428,  -1,  719, 558,  163.0,  21,  Nuc1867575,  6024,  0, 0, 0, , 0, 0, 0, 0, 0,
405,  1,  364,  429,  -1,  733, 568,  171.0,  21,  Nuc1868210,  4950,  0, 0, 0, , 0, 0, 0, 0, 0,
406,  1,  365,  430,  -1,  473, 694,  177.0,  23,  Nuc1869406,  3149,  0, 0, 0, , 0, 0, 0, 0, 0,
407,  1,  366,  431,  -1,  426, 687,  176.0,  23,  Nuc1869783,  3053,  0, 0, 0, , 0, 0, 0, 0, 0,
408,  1,  367,  432,  -1,  616, 725,  169.0,  21,  Nuc1870013,  2773,  0, 0, 0, , 0, 0, 0, 0, 0,
409,  1,  367,  433,  -1,  637, 719,  168.0,  23,  Nuc1870113,  2995,  0, 0, 0, , 0, 0, 0, 0, 0,
410,  1,  368,  434,  -1,  604, 723,  155.0,  21,  Nuc1871468,  2854,  0, 0, 0, , 0, 0, 0, 0, 0,
411,  1,  369,  435,  -1,  596, 686,  158.0,  21,  Nuc1871753,  5135,  0, 0, 0, , 0, 0, 0, 0, 0,
412,  1,  370,  436,  -1,  619, 797,  152.0,  23,  Nuc1876973,  4681,  0, 0, 0, , 0, 0, 0, 0, 0,
413,  1,  371,  437,  438,  572, 771,  161.0,  25,  Nuc1880459,  10277,  0, 0, 0, , 0, 0, 0, 0, 0,
414,  1,  372,  439,  -1,  521, 672,  180.0,  21,  Nuc1883057,  2434,  0, 0, 0, , 0, 0, 0, 0, 0,
415,  1,  373,  440,  -1,  509, 648,  174.0,  21,  Nuc1886242,  2632,  0, 0, 0, , 0, 0, 0, 0, 0,
416,  1,  374,  441,  -1,  582, 685,  175.0,  21,  Nuc1886454,  2696,  0, 0, 0, , 0, 0, 0, 0, 0,
417,  1,  375,  442,  -1,  489, 735,  172.0,  23,  Nuc1889472,  5601,  0, 0, 0, , 0, 0, 0, 0, 0,
418,  1,  375,  443,  -1,  491, 727,  169.0,  23,  Nuc1890939,  5601,  0, 0, 0, , 0, 0, 0, 0, 0,
419,  1,  376,  444,  -1,  560, 730,  168.0,  23,  Nuc1890979,  4376,  0, 0, 0, , 0, 0, 0, 0, 0,
420,  1,  377,  445,  -1,  588, 619,  175.0,  21,  Nuc1892169,  1864,  0, 0, 0, , 0, 0, 0, 0, 0,
421,  1,  377,  446,  -1,  628, 657,  175.0,  21,  Nuc1912959,  2865,  0, 0, 0, , 0, 0, 0, 0, 0,
422,  1,  378,  447,  -1,  675, 679,  159.0,  21,  Nuc1918907,  2838,  0, 0, 0, , 0, 0, 0, 0, 0,
423,  1,  379,  448,  -1,  693, 673,  168.0,  23,  Nuc1919628,  2706,  0, 0, 0, , 0, 0, 0, 0, 0,
424,  1,  380,  449,  -1,  578, 634,  181.0,  21,  Nuc1921298,  2714,  0, 0, 0, , 0, 0, 0, 0, 0,
425,  1,  381,  450,  451,  577, 573,  179.0,  23,  Nuc1921421,  4157,  0, 0, 0, , 0, 0, 0, 0, 0,
426,  1,  382,  452,  -1,  583, 470,  180.0,  23,  Nuc1922096,  4270,  0, 0, 0, , 0, 0, 0, 0, 0,
427,  1,  383,  453,  -1,  630, 561,  177.0,  21,  Nuc1922196,  5648,  0, 0, 0, , 0, 0, 0, 0, 0,
428,  1,  384,  454,  -1,  505, 616,  183.0,  21,  Nuc1923312,  4690,  0, 0, 0, , 0, 0, 0, 0, 0,
429,  1,  385,  455,  456,  461, 634,  174.0,  23,  Nuc1924251,  1522,  0, 0, 0, , 0, 0, 0, 0, 0,
430,  1,  386,  457,  -1,  451, 651,  183.0,  21,  Nuc1932933,  1545,  0, 0, 0, , 0, 0, 0, 0, 0,
431,  1,  387,  458,  -1,  439, 602,  184.0,  21,  Nuc1934145,  1403,  0, 0, 0, , 0, 0, 0, 0, 0,
432,  1,  388,  459,  -1,  479, 659,  167.0,  23,  Nuc1934286,  2145,  0, 0, 0, , 0, 0, 0, 0, 0,
433,  1,  389,  460,  -1,  527, 644,  162.0,  23,  Nuc1942141,  1940,  0, 0, 0, , 0, 0, 0, 0, 0,
434,  1,  390,  461,  462,  536, 625,  151.0,  23,  Nuc1942275,  2207,  0, 0, 0, , 0, 0, 0, 0, 0,
435,  1,  392,  463,  464,  535, 696,  166.0,  21,  Nuc1943239,  1660,  0, 0, 0, , 0, 0, 0, 0, 0,
436,  1,  393,  465,  -1,  513, 696,  156.0,  21,  Nuc1948712,  1939,  0, 0, 0, , 0, 0, 0, 0, 0,
437,  1,  394,  466,  -1,  540, 607,  171.0,  21,  Nuc1950072,  3070,  0, 0, 0, , 0, 0, 0, 0, 0,
438,  1,  395,  467,  -1,  529, 571,  167.0,  21,  Nuc1950148,  2724,  0, 0, 0, , 0, 0, 0, 0, 0,
439,  1,  396,  468,  469,  488, 549,  168.0,  23,  Nuc1950338,  3389,  0, 0, 0, , 0, 0, 0, 0, 0,
440,  1,  397,  470,  -1,  490, 598,  176.0,  21,  Nuc1953400,  1187,  0, 0, 0, , 0, 0, 0, 0, 0,
441,  1,  398,  471,  -1,  490, 611,  166.0,  21,  Nuc1953589,  2070,  0, 0, 0, , 0, 0, 0, 0, 0,
442,  1,  399,  472,  -1,  402, 543,  186.0,  21,  Nuc1953750,  2191,  0, 0, 0, , 0, 0, 0, 0, 0,
443,  1,  400,  473,  -1,  400, 471,  184.0,  21,  Nuc1954721,  1384,  0, 0, 0, , 0, 0, 0, 0, 0,
444,  1,  400,  474,  -1,  388, 455,  183.0,  21,  Nuc1954789,  1346,  0, 0, 0, , 0, 0, 0, 0, 0,
445,  1,  401,  475,  -1,  492, 549,  185.0,  23,  Nuc1954955,  4724,  0, 0, 0, , 0, 0, 0, 0, 0,
446,  1,  402,  476,  477,  571, 527,  183.0,  35,  Nuc1955392,  12934,  0, 0, 0, , 0, 0, 0, 0, 0,
447,  1,  403,  478,  -1,  532, 563,  182.0,  21,  Nuc1967362,  6292,  0, 0, 0, , 0, 0, 0, 0, 0,
448,  1,  404,  479,  -1,  512, 480,  184.0,  21,  Nuc1968454,  3890,  0, 0, 0, , 0, 0, 0, 0, 0,
449,  1,  405,  480,  -1,  444, 514,  187.0,  21,  Nuc1968616,  3719,  0, 0, 0, , 0, 0, 0, 0, 0,
450,  1,  406,  481,  -1,  563, 659,  169.0,  21,  Nuc1968853,  3174,  0, 0, 0, , 0, 0, 0, 0, 0,
451,  1,  407,  482,  -1,  585, 626,  162.0,  25,  Nuc1968896,  2603,  0, 0, 0, , 0, 0, 0, 0, 0,
452,  1,  408,  483,  -1,  598, 533,  171.0,  21,  Nuc2004977,  4404,  0, 0, 0, , 0, 0, 0, 0, 0,
453,  1,  409,  484,  -1,  578, 565,  163.0,  21,  Nuc2006249,  2459,  0, 0, 0, , 0, 0, 0, 0, 0,
454,  1,  411,  485,  -1,  409, 785,  160.0,  19,  Nuc2009262,  1196,  0, 0, 0, , 0, 0, 0, 0, 0,
455,  1,  411,  486,  -1,  386, 764,  162.0,  21,  Nuc2009285,  1772,  0, 0, 0, , 0, 0, 0, 0, 0,
456,  1,  412,  487,  -1,  543, 466,  161.0,  19,  Nuc2012801,  1475,  0, 0, 0, , 0, 0, 0, 0, 0,
457,  1,  412,  488,  -1,  559, 509,  163.0,  23,  Nuc2014913,  6092,  0, 0, 0, , 0, 0, 0, 0, 0,
458,  1,  413,  489,  -1,  464, 383,  165.0,  19,  Nuc2021760,  1243,  0, 0, 0, , 0, 0, 0, 0, 0,
459,  1,  414,  490,  -1,  515, 393,  164.0,  23,  Nuc2021936,  2057,  0, 0, 0, , 0, 0, 0, 0, 0,
460,  1,  415,  491,  -1,  542, 374,  154.0,  21,  Nuc2023772,  3007,  0, 0, 0, , 0, 0, 0, 0, 0,
461,  1,  416,  492,  -1,  575, 429,  159.0,  21,  Nuc2024313,  2073,  0, 0, 0, , 0, 0, 0, 0, 0,
462,  1,  417,  493,  -1,  566, 408,  167.0,  21,  Nuc2027283,  2687,  0, 0, 0, , 0, 0, 0, 0, 0,
463,  1,  418,  494,  -1,  588, 464,  166.0,  21,  Nuc2034701,  5256,  0, 0, 0, , 0, 0, 0, 0, 0,
464,  1,  419,  495,  -1,  680, 516,  157.0,  21,  Nuc2034848,  5246,  0, 0, 0, , 0, 0, 0, 0, 0,
465,  1,  420,  496,  -1,  595, 479,  148.0,  21,  Nuc2054052,  1963,  0, 0, 0, , 0, 0, 0, 0, 0,
466,  1,  420,  497,  498,  608, 516,  157.0,  21,  Nuc2054438,  3095,  0, 0, 0, , 0, 0, 0, 0, 0,
467,  1,  421,  499,  -1,  363, 435,  153.0,  23,  Nuc2064318,  1497,  0, 0, 0, , 0, 0, 0, 0, 0,
468,  1,  421,  500,  -1,  312, 431,  153.0,  21,  Nuc2064384,  1790,  0, 0, 0, , 0, 0, 0, 0, 0,
469,  1,  423,  501,  -1,  252, 637,  152.0,  21,  Nuc2064592,  2157,  0, 0, 0, , 0, 0, 0, 0, 0,
470,  1,  424,  502,  -1,  444, 375,  138.0,  23,  Nuc2064832,  2851,  0, 0, 0, , 0, 0, 0, 0, 0,
471,  1,  426,  503,  -1,  439, 320,  132.0,  21,  Nuc2064915,  1211,  0, 0, 0, , 0, 0, 0, 0, 0,
472,  1,  426,  -1,  -1,  482, 353,  132.0,  21,  Nuc2070260,  1814,  0, 0, 0, , 0, 0, 0, 0, 0,
473,  1,  429,  504,  -1,  344, 563,  181.0,  21,  Nuc2070384,  3592,  0, 0, 0, , 0, 0, 0, 0, 0,
474,  1,  430,  505,  -1,  293, 571,  167.0,  21,  Nuc2070525,  2674,  0, 0, 0, , 0, 0, 0, 0, 0,
475,  1,  431,  506,  -1,  363, 815,  116.0,  21,  Nuc2070799,  2151,  0, 0, 0, , 0, 0, 0, 0, 0,
476,  1,  432,  -1,  -1,  387, 848,  111.0,  21,  Nuc2071267,  1966,  0, 0, 0, , 0, 0, 0, 0, 0,
477,  1,  433,  507,  -1,  332, 851,  106.0,  21,  Nuc2071277,  686,  0, 0, 0, , 0, 0, 0, 0, 0,
478,  1,  434,  508,  -1,  388, 846,  107.0,  21,  Nuc2071375,  1966,  0, 0, 0, , 0, 0, 0, 0, 0,
479,  1,  434,  509,  -1,  373, 903,  107.0,  21,  Nuc2079171,  2455,  0, 0, 0, , 0, 0, 0, 0, 0,
480,  1,  437,  510,  -1,  289, 372,  153.0,  25,  Nuc2080854,  2042,  0, 0, 0, , 0, 0, 0, 0, 0,
481,  1,  438,  511,  -1,  215, 393,  145.0,  21,  Nuc2080916,  941,  0, 0, 0, , 0, 0, 0, 0, 0,
482,  1,  439,  512,  -1,  250, 351,  149.0,  21,  Nuc2081019,  2732,  0, 0, 0, , 0, 0, 0, 0, 0,
483,  1,  440,  513,  -1,  301, 526,  171.0,  21,  Nuc2081079,  2409,  0, 0, 0, , 0, 0, 0, 0, 0,
484,  1,  441,  514,  -1,  400, 510,  171.0,  21,  Nuc2081314,  1935,  0, 0, 0, , 0, 0, 0, 0, 0,
485,  1,  442,  515,  -1,  411, 571,  168.0,  21,  Nuc2082008,  2063,  0, 0, 0, , 0, 0, 0, 0, 0,
486,  1,  443,  516,  -1,  343, 560,  174.0,  19,  Nuc2083622,  2064,  0, 0, 0, , 0, 0, 0, 0, 0,
487,  1,  443,  517,  518,  369, 554,  168.0,  23,  Nuc2083694,  3004,  0, 0, 0, , 0, 0, 0, 0, 0,
488,  1,  444,  519,  -1,  364, 496,  163.0,  21,  Nuc2084635,  1881,  0, 0, 0, , 0, 0, 0, 0, 0,
489,  1,  445,  520,  -1,  415, 856,  123.0,  21,  Nuc2084916,  2308,  0, 0, 0, , 0, 0, 0, 0, 0,
490,  1,  446,  521,  -1,  377, 884,  118.0,  23,  Nuc2087973,  3330,  0, 0, 0, , 0, 0, 0, 0, 0,
491,  1,  447,  522,  523,  344, 503,  179.0,  23,  Nuc2088527,  1958,  0, 0, 0, , 0, 0, 0, 0, 0,
492,  1,  448,  524,  -1,  402, 408,  179.0,  23,  Nuc2088547,  2104,  0, 0, 0, , 0, 0, 0, 0, 0,
493,  1,  450,  525,  526,  335, 455,  177.0,  21,  Nuc2088672,  1694,  0, 0, 0, , 0, 0, 0, 0, 0,
494,  1,  451,  -1,  -1,  436, 716,  129.0,  21,  Nuc2088801,  1075,  0, 0, 0, , 0, 0, 0, 0, 0,
495,  1,  452,  527,  -1,  549, 714,  132.0,  33,  Nuc2088820,  878,  0, 0, 0, , 0, 0, 0, 0, 0,
496,  1,  452,  528,  -1,  546, 770,  127.0,  23,  Nuc2111009,  1292,  0, 0, 0, , 0, 0, 0, 0, 0,
497,  1,  455,  -1,  -1,  266, 569,  141.0,  21,  Nuc2132811,  992,  0, 0, 0, , 0, 0, 0, 0, 0,
498,  1,  458,  -1,  -1,  367, 555,  143.0,  23,  Nuc2132883,  3063,  0, 0, 0, , 0, 0, 0, 0, 0,
499,  1,  459,  529,  -1,  334, 538,  154.0,  21,  Nuc2132902,  2100,  0, 0, 0, , 0, 0, 0, 0, 0,
500,  1,  459,  530,  531,  292, 575,  156.0,  21,  Nuc2133157,  3055,  0, 0, 0, , 0, 0, 0, 0, 0,
501,  1,  460,  -1,  -1,  337, 539,  159.0,  21,  Nuc2134952,  2583,  0, 0, 0, , 0, 0, 0, 0, 0,
502,  1,  461,  532,  -1,  276, 528,  155.0,  21,  Nuc2134961,  2872,  0, 0, 0, , 0, 0, 0, 0, 0,
503,  1,  462,  -1,  -1,  234, 498,  157.0,  21,  Nuc2134980,  1262,  0, 0, 0, , 0, 0, 0, 0, 0,
504,  1,  463,  533,  -1,  495, 613,  143.0,  21,  Nuc2134997,  1794,  0, 0, 0, , 0, 0, 0, 0, 0,
505,  1,  463,  534,  535,  504, 668,  143.0,  23,  Nuc2135020,  2396,  0, 0, 0, , 0, 0, 0, 0, 0,
506,  1,  464,  536,  -1,  261, 430,  153.0,  23,  Nuc2160236,  1571,  0, 0, 0, , 0, 0, 0, 0, 0,
507,  1,  465,  537,  -1,  272, 378,  138.0,  21,  Nuc2160251,  1723,  0, 0, 0, , 0, 0, 0, 0, 0,
508,  1,  466,  538,  539,  325, 350,  147.0,  21,  Nuc2160618,  1265,  0, 0, 0, , 0, 0, 0, 0, 0,
509,  1,  467,  540,  -1,  307, 183,  112.0,  21,  Nuc2161905,  1402,  0, 0, 0, , 0, 0, 0, 0, 0,
510,  1,  468,  541,  -1,  353, 190,  113.0,  21,  Nuc2162692,  2040,  0, 0, 0, , 0, 0, 0, 0, 0,
511,  1,  469,  -1,  -1,  299, 248,  134.0,  21,  Nuc2162706,  1120,  0, 0, 0, , 0, 0, 0, 0, 0,
512,  1,  470,  542,  -1,  325, 218,  126.0,  21,  Nuc2162718,  1887,  0, 0, 0, , 0, 0, 0, 0, 0,
513,  1,  472,  543,  -1,  308, 537,  146.0,  21,  Nuc2162736,  2594,  0, 0, 0, , 0, 0, 0, 0, 0,
514,  1,  473,  -1,  -1,  296, 475,  135.0,  23,  Nuc2162749,  1049,  0, 0, 0, , 0, 0, 0, 0, 0,
515,  1,  474,  -1,  -1,  224, 509,  142.0,  19,  Nuc2162752,  422,  0, 0, 0, , 0, 0, 0, 0, 0,
516,  1,  474,  544,  -1,  275, 511,  142.0,  21,  Nuc2162753,  1954,  0, 0, 0, , 0, 0, 0, 0, 0,
517,  1,  475,  545,  -1,  269, 373,  126.0,  21,  Nuc2162928,  2337,  0, 0, 0, , 0, 0, 0, 0, 0,
518,  1,  477,  -1,  -1,  239, 281,  126.0,  21,  Nuc2163364,  858,  0, 0, 0, , 0, 0, 0, 0, 0,
519,  1,  478,  -1,  -1,  244, 666,  144.0,  21,  Nuc2163404,  856,  0, 0, 0, , 0, 0, 0, 0, 0,
520,  1,  480,  546,  -1,  211, 617,  141.0,  21,  Nuc2163413,  898,  0, 0, 0, , 0, 0, 0, 0, 0,
521,  1,  481,  547,  -1,  364, 934,  87.0,  21,  Nuc2163431,  842,  0, 0, 0, , 0, 0, 0, 0, 0,
522,  1,  482,  -1,  -1,  385, 511,  143.0,  21,  Nuc2164073,  1046,  0, 0, 0, , 0, 0, 0, 0, 0,
523,  1,  482,  -1,  -1,  334, 524,  140.0,  21,  Nuc2164074,  529,  0, 0, 0, , 0, 0, 0, 0, 0,
524,  1,  483,  548,  -1,  326, 518,  130.0,  21,  Nuc2164076,  1033,  0, 0, 0, , 0, 0, 0, 0, 0,
525,  1,  484,  -1,  -1,  299, 550,  131.0,  19,  Nuc2167049,  1300,  0, 0, 0, , 0, 0, 0, 0, 0,
526,  1,  485,  549,  -1,  311, 766,  130.0,  21,  Nuc2167051,  233,  0, 0, 0, , 0, 0, 0, 0, 0,
527,  1,  488,  550,  -1,  324, 672,  148.0,  21,  Nuc2167166,  1861,  0, 0, 0, , 0, 0, 0, 0, 0,
528,  1,  488,  551,  -1,  325, 719,  141.0,  21,  Nuc2167198,  2129,  0, 0, 0, , 0, 0, 0, 0, 0,
529,  1,  -1,  -1,  -1,  427, 897,  95.0,  21,  Nuc2168645,  263,  0, 0, 0, , 0, 0, 0, 0, 0,
530,  1,  -1,  -1,  -1,  373, 662,  134.0,  23,  Nuc2168646,  272,  0, 0, 0, , 0, 0, 0, 0, 0,
531,  1,  -1,  -1,  -1,  329, 630,  138.0,  21,  Nuc2168647,  265,  0, 0, 0, , 0, 0, 0, 0, 0,
532,  1,  -1,  552,  -1,  367, 676,  143.0,  21,  Nuc2168648,  1700,  0, 0, 0, , 0, 0, 0, 0, 0,
533,  1,  -1,  553,  -1,  361, 389,  145.0,  21,  Nuc2168959,  1290,  0, 0, 0, , 0, 0, 0, 0, 0,
