1,  1,  1,  1,  -1,  542, 973,  85.0,  21,  Nuc76,  1122,  0, 0, 0, , 0, 0, 0, 0, 0,
2,  1,  2,  2,  -1,  515, 927,  96.0,  23,  Nuc5292,  1458,  0, 0, 0, , 0, 0, 0, 0, 0,
3,  1,  3,  3,  -1,  440, 956,  86.0,  21,  Nuc7245,  1645,  0, 0, 0, , 0, 0, 0, 0, 0,
4,  1,  4,  4,  -1,  429, 810,  128.0,  21,  Nuc9534,  773,  0, 0, 0, , 0, 0, 0, 0, 0,
5,  1,  5,  5,  -1,  403, 788,  116.0,  21,  Nuc24045,  1070,  0, 0, 0, , 0, 0, 0, 0, 0,
6,  1,  7,  6,  -1,  432, 855,  106.0,  23,  Nuc24139,  999,  0, 0, 0, , 0, 0, 0, 0, 0,
7,  1,  8,  7,  -1,  473, 879,  104.0,  21,  Nuc24165,  1351,  0, 0, 0, , 0, 0, 0, 0, 0,
8,  1,  9,  8,  -1,  423, 916,  107.0,  21,  Nuc26096,  2664,  0, 0, 0, , 0, 0, 0, 0, 0,
9,  1,  10,  9,  -1,  480, 936,  107.0,  21,  Nuc28689,  1607,  0, 0, 0, , 0, 0, 0, 0, 0,
10,  1,  11,  10,  11,  780, 893,  94.0,  21,  Nuc29683,  2050,  0, 0, 0, , 0, 0, 0, 0, 0,
11,  1,  12,  12,  -1,  724, 909,  100.0,  21,  Nuc34369,  2076,  0, 0, 0, , 0, 0, 0, 0, 0,
12,  1,  13,  13,  -1,  668, 906,  112.0,  21,  Nuc37594,  2227,  0, 0, 0, , 0, 0, 0, 0, 0,
13,  1,  14,  14,  -1,  644, 853,  111.0,  21,  Nuc40157,  1149,  0, 0, 0, , 0, 0, 0, 0, 0,
14,  1,  14,  15,  -1,  679, 854,  109.0,  21,  Nuc40699,  1614,  0, 0, 0, , 0, 0, 0, 0, 0,
15,  1,  15,  16,  17,  623, 909,  105.0,  21,  Nuc47898,  2150,  0, 0, 0, , 0, 0, 0, 0, 0,
16,  1,  16,  18,  -1,  591, 944,  100.0,  21,  Nuc49716,  1714,  0, 0, 0, , 0, 0, 0, 0, 0,
17,  1,  17,  19,  20,  698, 931,  88.0,  23,  Nuc51569,  1683,  0, 0, 0, , 0, 0, 0, 0, 0,
18,  1,  18,  21,  -1,  629, 958,  86.0,  21,  Nuc61188,  1790,  0, 0, 0, , 0, 0, 0, 0, 0,
19,  1,  20,  22,  -1,  627, 879,  133.0,  21,  Nuc64015,  1364,  0, 0, 0, , 0, 0, 0, 0, 0,
20,  1,  21,  23,  -1,  605, 849,  134.0,  21,  Nuc64635,  1660,  0, 0, 0, , 0, 0, 0, 0, 0,
21,  1,  22,  24,  -1,  595, 775,  132.0,  21,  Nuc65787,  2203,  0, 0, 0, , 0, 0, 0, 0, 0,
22,  1,  23,  25,  -1,  576, 817,  133.0,  21,  Nuc65968,  795,  0, 0, 0, , 0, 0, 0, 0, 0,
23,  1,  24,  26,  27,  533, 931,  106.0,  27,  Nuc69356,  5699,  0, 0, 0, , 0, 0, 0, 0, 0,
24,  1,  25,  28,  29,  538, 867,  108.0,  21,  Nuc70682,  2652,  0, 0, 0, , 0, 0, 0, 0, 0,
25,  1,  26,  30,  -1,  619, 772,  119.0,  21,  Nuc73739,  1940,  0, 0, 0, , 0, 0, 0, 0, 0,
26,  1,  27,  31,  -1,  599, 820,  114.0,  23,  Nuc74223,  1218,  0, 0, 0, , 0, 0, 0, 0, 0,
27,  1,  28,  32,  -1,  554, 815,  116.0,  21,  Nuc74260,  1380,  0, 0, 0, , 0, 0, 0, 0, 0,
28,  1,  29,  33,  -1,  622, 863,  122.0,  21,  Nuc76208,  1347,  0, 0, 0, , 0, 0, 0, 0, 0,
29,  1,  30,  34,  35,  573, 879,  118.0,  21,  Nuc81740,  2282,  0, 0, 0, , 0, 0, 0, 0, 0,
30,  1,  31,  36,  37,  601, 922,  116.0,  27,  Nuc88092,  2113,  0, 0, 0, , 0, 0, 0, 0, 0,
31,  1,  32,  38,  -1,  508, 817,  114.0,  21,  Nuc90607,  1480,  0, 0, 0, , 0, 0, 0, 0, 0,
32,  1,  34,  39,  -1,  544, 836,  127.0,  21,  Nuc102472,  1972,  0, 0, 0, , 0, 0, 0, 0, 0,
33,  1,  35,  40,  -1,  473, 835,  125.0,  21,  Nuc126698,  1062,  0, 0, 0, , 0, 0, 0, 0, 0,
34,  1,  36,  41,  -1,  501, 806,  128.0,  21,  Nuc143947,  1934,  0, 0, 0, , 0, 0, 0, 0, 0,
35,  1,  37,  42,  -1,  546, 908,  125.0,  21,  Nuc144329,  1181,  0, 0, 0, , 0, 0, 0, 0, 0,
36,  1,  37,  43,  -1,  520, 857,  122.0,  21,  Nuc145876,  678,  0, 0, 0, , 0, 0, 0, 0, 0,
37,  1,  38,  44,  -1,  529, 918,  121.0,  21,  Nuc146062,  974,  0, 0, 0, , 0, 0, 0, 0, 0,
38,  1,  39,  45,  -1,  494, 876,  115.0,  21,  Nuc146862,  1419,  0, 0, 0, , 0, 0, 0, 0, 0,
39,  1,  40,  46,  -1,  453, 906,  118.0,  23,  Nuc148249,  2601,  0, 0, 0, , 0, 0, 0, 0, 0,
40,  1,  41,  47,  -1,  521, 867,  138.0,  21,  Nuc148373,  1787,  0, 0, 0, , 0, 0, 0, 0, 0,
41,  1,  42,  48,  -1,  476, 882,  130.0,  21,  Nuc152048,  3258,  0, 0, 0, , 0, 0, 0, 0, 0,
42,  1,  43,  -1,  -1,  300, 298,  151.0,  21,  Nuc152839,  1199,  0, 0, 0, , 0, 0, 0, 0, 0,
43,  1,  44,  49,  -1,  662, 792,  129.0,  21,  Nuc152922,  1484,  0, 0, 0, , 0, 0, 0, 0, 0,
44,  1,  45,  50,  -1,  667, 795,  116.0,  23,  Nuc161547,  1583,  0, 0, 0, , 0, 0, 0, 0, 0,
45,  1,  46,  51,  -1,  695, 747,  130.0,  25,  Nuc170132,  1304,  0, 0, 0, , 0, 0, 0, 0, 0,
46,  1,  47,  52,  -1,  689, 883,  122.0,  21,  Nuc173395,  1996,  0, 0, 0, , 0, 0, 0, 0, 0,
47,  1,  48,  53,  -1,  676, 841,  122.0,  21,  Nuc174604,  2205,  0, 0, 0, , 0, 0, 0, 0, 0,
48,  1,  49,  54,  -1,  740, 841,  127.0,  21,  Nuc182369,  1699,  0, 0, 0, , 0, 0, 0, 0, 0,
49,  1,  50,  55,  -1,  691, 843,  136.0,  21,  Nuc186068,  1700,  0, 0, 0, , 0, 0, 0, 0, 0,
50,  1,  50,  56,  -1,  718, 807,  131.0,  21,  Nuc186485,  1809,  0, 0, 0, , 0, 0, 0, 0, 0,
51,  1,  51,  57,  -1,  712, 735,  143.0,  21,  Nuc190577,  1489,  0, 0, 0, , 0, 0, 0, 0, 0,
52,  1,  52,  58,  -1,  724, 782,  145.0,  21,  Nuc197461,  2176,  0, 0, 0, , 0, 0, 0, 0, 0,
53,  1,  53,  59,  -1,  647, 765,  154.0,  21,  Nuc200256,  2028,  0, 0, 0, , 0, 0, 0, 0, 0,
54,  1,  54,  60,  -1,  668, 770,  142.0,  23,  Nuc201651,  652,  0, 0, 0, , 0, 0, 0, 0, 0,
55,  1,  55,  61,  -1,  675, 836,  140.0,  21,  Nuc205710,  1739,  0, 0, 0, , 0, 0, 0, 0, 0,
56,  1,  56,  62,  -1,  627, 847,  144.0,  21,  Nuc208543,  1606,  0, 0, 0, , 0, 0, 0, 0, 0,
57,  1,  57,  63,  -1,  621, 817,  140.0,  21,  Nuc209347,  1976,  0, 0, 0, , 0, 0, 0, 0, 0,
58,  1,  58,  64,  65,  819, 755,  116.0,  31,  Nuc209775,  5610,  0, 0, 0, , 0, 0, 0, 0, 0,
59,  1,  59,  66,  -1,  859, 777,  113.0,  21,  Nuc214942,  2512,  0, 0, 0, , 0, 0, 0, 0, 0,
60,  1,  60,  67,  68,  877, 791,  98.0,  21,  Nuc215671,  2081,  0, 0, 0, , 0, 0, 0, 0, 0,
61,  1,  61,  69,  70,  829, 844,  98.0,  21,  Nuc220674,  2098,  0, 0, 0, , 0, 0, 0, 0, 0,
62,  1,  62,  71,  72,  789, 817,  123.0,  21,  Nuc230390,  2962,  0, 0, 0, , 0, 0, 0, 0, 0,
63,  1,  63,  73,  -1,  713, 757,  120.0,  21,  Nuc230687,  1842,  0, 0, 0, , 0, 0, 0, 0, 0,
64,  1,  64,  74,  -1,  727, 809,  116.0,  21,  Nuc240524,  1551,  0, 0, 0, , 0, 0, 0, 0, 0,
65,  1,  64,  75,  -1,  753, 786,  117.0,  21,  Nuc242586,  1545,  0, 0, 0, , 0, 0, 0, 0, 0,
66,  1,  65,  76,  77,  735, 869,  114.0,  23,  Nuc248285,  2330,  0, 0, 0, , 0, 0, 0, 0, 0,
67,  1,  66,  78,  79,  790, 840,  111.0,  29,  Nuc249186,  3057,  0, 0, 0, , 0, 0, 0, 0, 0,
68,  1,  67,  80,  81,  778, 200,  107.0,  23,  Nuc251896,  2464,  0, 0, 0, , 0, 0, 0, 0, 0,
69,  1,  68,  82,  -1,  822, 245,  101.0,  23,  Nuc255971,  1635,  0, 0, 0, , 0, 0, 0, 0, 0,
70,  1,  68,  83,  -1,  824, 230,  98.0,  23,  Nuc258836,  1882,  0, 0, 0, , 0, 0, 0, 0, 0,
71,  1,  69,  84,  -1,  636, 259,  113.0,  23,  Nuc260725,  799,  0, 0, 0, , 0, 0, 0, 0, 0,
72,  1,  69,  85,  -1,  628, 237,  114.0,  23,  Nuc260772,  1048,  0, 0, 0, , 0, 0, 0, 0, 0,
73,  1,  70,  86,  87,  700, 178,  107.0,  23,  Nuc261268,  2026,  0, 0, 0, , 0, 0, 0, 0, 0,
74,  1,  71,  88,  -1,  684, 221,  134.0,  23,  Nuc264771,  2339,  0, 0, 0, , 0, 0, 0, 0, 0,
75,  1,  72,  89,  -1,  599, 252,  127.0,  21,  Nuc268209,  1158,  0, 0, 0, , 0, 0, 0, 0, 0,
76,  1,  73,  90,  -1,  640, 249,  130.0,  21,  Nuc269133,  1225,  0, 0, 0, , 0, 0, 0, 0, 0,
77,  1,  74,  91,  92,  625, 188,  123.0,  37,  Nuc271250,  7472,  0, 0, 0, , 0, 0, 0, 0, 0,
78,  1,  75,  93,  -1,  708, 202,  122.0,  21,  Nuc272793,  2782,  0, 0, 0, , 0, 0, 0, 0, 0,
79,  1,  76,  94,  -1,  549, 261,  133.0,  21,  Nuc274997,  1380,  0, 0, 0, , 0, 0, 0, 0, 0,
80,  1,  78,  95,  96,  530, 332,  141.0,  23,  Nuc280432,  835,  0, 0, 0, , 0, 0, 0, 0, 0,
81,  1,  79,  97,  -1,  520, 275,  142.0,  21,  Nuc281713,  2056,  0, 0, 0, , 0, 0, 0, 0, 0,
82,  1,  80,  98,  -1,  582, 210,  142.0,  21,  Nuc283143,  1358,  0, 0, 0, , 0, 0, 0, 0, 0,
83,  1,  81,  99,  -1,  612, 203,  137.0,  21,  Nuc283745,  1488,  0, 0, 0, , 0, 0, 0, 0, 0,
84,  1,  82,  100,  -1,  624, 248,  145.0,  21,  Nuc285951,  1518,  0, 0, 0, , 0, 0, 0, 0, 0,
85,  1,  83,  101,  -1,  611, 288,  141.0,  21,  Nuc286969,  1458,  0, 0, 0, , 0, 0, 0, 0, 0,
86,  1,  84,  102,  -1,  541, 223,  115.0,  21,  Nuc293769,  987,  0, 0, 0, , 0, 0, 0, 0, 0,
87,  1,  85,  103,  -1,  540, 200,  128.0,  21,  Nuc293855,  1317,  0, 0, 0, , 0, 0, 0, 0, 0,
88,  1,  85,  104,  -1,  549, 181,  127.0,  23,  Nuc302893,  1231,  0, 0, 0, , 0, 0, 0, 0, 0,
89,  1,  86,  105,  106,  619, 144,  109.0,  21,  Nuc306845,  1770,  0, 0, 0, , 0, 0, 0, 0, 0,
90,  1,  87,  107,  108,  580, 132,  107.0,  21,  Nuc310963,  2249,  0, 0, 0, , 0, 0, 0, 0, 0,
91,  1,  88,  109,  -1,  860, 302,  108.0,  21,  Nuc314335,  1847,  0, 0, 0, , 0, 0, 0, 0, 0,
92,  1,  88,  110,  -1,  853, 314,  113.0,  21,  Nuc316090,  1512,  0, 0, 0, , 0, 0, 0, 0, 0,
93,  1,  89,  111,  -1,  892, 333,  102.0,  21,  Nuc317274,  1679,  0, 0, 0, , 0, 0, 0, 0, 0,
94,  1,  89,  112,  -1,  905, 315,  100.0,  21,  Nuc323758,  1708,  0, 0, 0, , 0, 0, 0, 0, 0,
95,  1,  90,  113,  -1,  924, 463,  105.0,  21,  Nuc326421,  1761,  0, 0, 0, , 0, 0, 0, 0, 0,
96,  1,  90,  114,  -1,  955, 464,  103.0,  21,  Nuc327894,  1473,  0, 0, 0, , 0, 0, 0, 0, 0,
97,  1,  91,  115,  -1,  942, 392,  106.0,  23,  Nuc330219,  3404,  0, 0, 0, , 0, 0, 0, 0, 0,
98,  1,  91,  116,  -1,  935, 389,  109.0,  25,  Nuc341939,  3404,  0, 0, 0, , 0, 0, 0, 0, 0,
99,  1,  92,  117,  -1,  792, 288,  116.0,  21,  Nuc343687,  1369,  0, 0, 0, , 0, 0, 0, 0, 0,
100,  1,  92,  118,  -1,  824, 277,  118.0,  21,  Nuc347241,  1613,  0, 0, 0, , 0, 0, 0, 0, 0,
101,  1,  93,  119,  -1,  777, 299,  138.0,  21,  Nuc348466,  1593,  0, 0, 0, , 0, 0, 0, 0, 0,
102,  1,  94,  120,  -1,  767, 325,  132.0,  21,  Nuc349292,  1618,  0, 0, 0, , 0, 0, 0, 0, 0,
103,  1,  95,  121,  -1,  845, 335,  129.0,  21,  Nuc359698,  1551,  0, 0, 0, , 0, 0, 0, 0, 0,
104,  1,  96,  122,  -1,  794, 370,  125.0,  21,  Nuc361736,  1755,  0, 0, 0, , 0, 0, 0, 0, 0,
105,  1,  97,  123,  -1,  831, 364,  120.0,  21,  Nuc368373,  1431,  0, 0, 0, , 0, 0, 0, 0, 0,
106,  1,  98,  124,  -1,  795, 376,  137.0,  21,  Nuc370619,  1765,  0, 0, 0, , 0, 0, 0, 0, 0,
107,  1,  99,  125,  -1,  805, 372,  146.0,  23,  Nuc382509,  1851,  0, 0, 0, , 0, 0, 0, 0, 0,
108,  1,  100,  126,  -1,  744, 321,  147.0,  23,  Nuc382957,  1735,  0, 0, 0, , 0, 0, 0, 0, 0,
109,  1,  101,  127,  -1,  749, 353,  153.0,  21,  Nuc383510,  2091,  0, 0, 0, , 0, 0, 0, 0, 0,
110,  1,  102,  128,  -1,  712, 364,  143.0,  21,  Nuc386097,  2373,  0, 0, 0, , 0, 0, 0, 0, 0,
111,  1,  103,  129,  -1,  745, 390,  140.0,  21,  Nuc387973,  2092,  0, 0, 0, , 0, 0, 0, 0, 0,
112,  1,  104,  130,  -1,  753, 323,  122.0,  21,  Nuc391885,  2098,  0, 0, 0, , 0, 0, 0, 0, 0,
113,  1,  105,  131,  -1,  744, 380,  127.0,  21,  Nuc402982,  1760,  0, 0, 0, , 0, 0, 0, 0, 0,
114,  1,  106,  132,  -1,  705, 360,  127.0,  21,  Nuc406097,  1239,  0, 0, 0, , 0, 0, 0, 0, 0,
115,  1,  107,  133,  -1,  678, 323,  140.0,  21,  Nuc406986,  2095,  0, 0, 0, , 0, 0, 0, 0, 0,
116,  1,  108,  134,  -1,  676, 278,  140.0,  21,  Nuc421996,  2014,  0, 0, 0, , 0, 0, 0, 0, 0,
117,  1,  109,  135,  -1,  683, 267,  124.0,  21,  Nuc424213,  1644,  0, 0, 0, , 0, 0, 0, 0, 0,
118,  1,  110,  136,  -1,  706, 303,  127.0,  21,  Nuc432203,  1676,  0, 0, 0, , 0, 0, 0, 0, 0,
119,  1,  111,  137,  -1,  752, 271,  138.0,  21,  Nuc441256,  1831,  0, 0, 0, , 0, 0, 0, 0, 0,
120,  1,  112,  138,  -1,  745, 264,  122.0,  21,  Nuc442523,  1854,  0, 0, 0, , 0, 0, 0, 0, 0,
121,  1,  113,  139,  -1,  782, 245,  123.0,  21,  Nuc444154,  1789,  0, 0, 0, , 0, 0, 0, 0, 0,
122,  1,  114,  140,  -1,  394, 154,  113.0,  21,  Nuc445527,  1907,  0, 0, 0, , 0, 0, 0, 0, 0,
123,  1,  116,  -1,  -1,  398, 228,  125.0,  21,  Nuc450577,  889,  0, 0, 0, , 0, 0, 0, 0, 0,
124,  1,  117,  141,  -1,  413, 181,  127.0,  19,  Nuc450588,  2081,  0, 0, 0, , 0, 0, 0, 0, 0,
125,  1,  118,  142,  143,  356, 219,  137.0,  21,  Nuc451870,  1425,  0, 0, 0, , 0, 0, 0, 0, 0,
126,  1,  120,  144,  -1,  388, 279,  142.0,  21,  Nuc452234,  1202,  0, 0, 0, , 0, 0, 0, 0, 0,
127,  1,  121,  145,  146,  457, 142,  111.0,  21,  Nuc454690,  2152,  0, 0, 0, , 0, 0, 0, 0, 0,
128,  1,  122,  147,  148,  513, 140,  112.0,  21,  Nuc454951,  1767,  0, 0, 0, , 0, 0, 0, 0, 0,
129,  1,  123,  149,  -1,  482, 165,  123.0,  21,  Nuc457666,  1810,  0, 0, 0, , 0, 0, 0, 0, 0,
130,  1,  124,  150,  -1,  471, 311,  143.0,  19,  Nuc460166,  702,  0, 0, 0, , 0, 0, 0, 0, 0,
131,  1,  124,  151,  -1,  469, 262,  145.0,  21,  Nuc462006,  1762,  0, 0, 0, , 0, 0, 0, 0, 0,
132,  1,  125,  152,  -1,  456, 235,  129.0,  21,  Nuc462240,  1537,  0, 0, 0, , 0, 0, 0, 0, 0,
133,  1,  126,  153,  -1,  457, 191,  135.0,  21,  Nuc462396,  2285,  0, 0, 0, , 0, 0, 0, 0, 0,
134,  1,  127,  154,  -1,  513, 199,  137.0,  21,  Nuc465737,  2104,  0, 0, 0, , 0, 0, 0, 0, 0,
135,  1,  128,  155,  -1,  905, 638,  128.0,  27,  Nuc466308,  2978,  0, 0, 0, , 0, 0, 0, 0, 0,
136,  1,  129,  156,  -1,  875, 651,  118.0,  21,  Nuc466617,  1818,  0, 0, 0, , 0, 0, 0, 0, 0,
137,  1,  129,  157,  -1,  901, 642,  114.0,  21,  Nuc476192,  1763,  0, 0, 0, , 0, 0, 0, 0, 0,
138,  1,  130,  158,  -1,  949, 684,  105.0,  21,  Nuc478801,  3011,  0, 0, 0, , 0, 0, 0, 0, 0,
139,  1,  130,  159,  -1,  953, 685,  100.0,  21,  Nuc480114,  3321,  0, 0, 0, , 0, 0, 0, 0, 0,
140,  1,  131,  160,  -1,  956, 621,  111.0,  21,  Nuc487394,  1703,  0, 0, 0, , 0, 0, 0, 0, 0,
141,  1,  131,  161,  -1,  970, 621,  105.0,  21,  Nuc493858,  2240,  0, 0, 0, , 0, 0, 0, 0, 0,
142,  1,  132,  162,  -1,  858, 733,  128.0,  21,  Nuc497674,  1554,  0, 0, 0, , 0, 0, 0, 0, 0,
143,  1,  133,  163,  -1,  804, 708,  127.0,  21,  Nuc500833,  1533,  0, 0, 0, , 0, 0, 0, 0, 0,
144,  1,  134,  164,  -1,  763, 726,  121.0,  21,  Nuc510939,  2363,  0, 0, 0, , 0, 0, 0, 0, 0,
145,  1,  135,  165,  -1,  864, 702,  130.0,  21,  Nuc526952,  1883,  0, 0, 0, , 0, 0, 0, 0, 0,
146,  1,  135,  166,  -1,  827, 672,  123.0,  21,  Nuc536930,  1949,  0, 0, 0, , 0, 0, 0, 0, 0,
147,  1,  136,  167,  -1,  899, 713,  117.0,  21,  Nuc541253,  2260,  0, 0, 0, , 0, 0, 0, 0, 0,
148,  1,  136,  168,  -1,  891, 702,  112.0,  21,  Nuc541900,  1944,  0, 0, 0, , 0, 0, 0, 0, 0,
149,  1,  137,  169,  170,  922, 742,  104.0,  21,  Nuc543603,  2560,  0, 0, 0, , 0, 0, 0, 0, 0,
150,  1,  138,  171,  -1,  808, 662,  141.0,  21,  Nuc546734,  2392,  0, 0, 0, , 0, 0, 0, 0, 0,
151,  1,  139,  172,  -1,  824, 695,  146.0,  21,  Nuc573498,  2366,  0, 0, 0, , 0, 0, 0, 0, 0,
152,  1,  140,  173,  -1,  761, 755,  129.0,  23,  Nuc574132,  1031,  0, 0, 0, , 0, 0, 0, 0, 0,
153,  1,  141,  174,  -1,  784, 783,  135.0,  21,  Nuc577322,  2313,  0, 0, 0, , 0, 0, 0, 0, 0,
154,  1,  142,  175,  -1,  773, 648,  124.0,  23,  Nuc578609,  2000,  0, 0, 0, , 0, 0, 0, 0, 0,
155,  1,  143,  176,  -1,  739, 695,  128.0,  21,  Nuc585293,  1545,  0, 0, 0, , 0, 0, 0, 0, 0,
156,  1,  144,  177,  -1,  767, 649,  137.0,  23,  Nuc590748,  2164,  0, 0, 0, , 0, 0, 0, 0, 0,
157,  1,  145,  178,  -1,  723, 677,  143.0,  21,  Nuc606148,  1761,  0, 0, 0, , 0, 0, 0, 0, 0,
158,  1,  146,  179,  -1,  683, 702,  139.0,  23,  Nuc624278,  1988,  0, 0, 0, , 0, 0, 0, 0, 0,
159,  1,  147,  180,  -1,  651, 702,  152.0,  21,  Nuc634006,  3114,  0, 0, 0, , 0, 0, 0, 0, 0,
160,  1,  148,  181,  -1,  670, 661,  148.0,  21,  Nuc635135,  2585,  0, 0, 0, , 0, 0, 0, 0, 0,
161,  1,  149,  182,  -1,  776, 733,  147.0,  21,  Nuc668727,  2444,  0, 0, 0, , 0, 0, 0, 0, 0,
162,  1,  150,  183,  -1,  770, 706,  140.0,  21,  Nuc668790,  2094,  0, 0, 0, , 0, 0, 0, 0, 0,
163,  1,  151,  184,  -1,  729, 718,  158.0,  21,  Nuc673196,  2352,  0, 0, 0, , 0, 0, 0, 0, 0,
164,  1,  152,  185,  -1,  699, 744,  158.0,  21,  Nuc677394,  2422,  0, 0, 0, , 0, 0, 0, 0, 0,
165,  1,  153,  186,  -1,  335, 774,  152.0,  21,  Nuc682080,  1436,  0, 0, 0, , 0, 0, 0, 0, 0,
166,  1,  154,  187,  -1,  370, 718,  155.0,  21,  Nuc684223,  1167,  0, 0, 0, , 0, 0, 0, 0, 0,
167,  1,  155,  -1,  -1,  414, 787,  150.0,  19,  Nuc685646,  2208,  0, 0, 0, , 0, 0, 0, 0, 0,
168,  1,  156,  188,  -1,  376, 833,  142.0,  21,  Nuc685669,  2580,  0, 0, 0, , 0, 0, 0, 0, 0,
169,  1,  157,  189,  190,  392, 708,  138.0,  21,  Nuc686929,  1000,  0, 0, 0, , 0, 0, 0, 0, 0,
170,  1,  158,  191,  -1,  412, 783,  145.0,  21,  Nuc693839,  2693,  0, 0, 0, , 0, 0, 0, 0, 0,
171,  1,  158,  192,  -1,  406, 770,  134.0,  21,  Nuc693851,  1455,  0, 0, 0, , 0, 0, 0, 0, 0,
172,  1,  159,  193,  -1,  431, 834,  136.0,  23,  Nuc694036,  2504,  0, 0, 0, , 0, 0, 0, 0, 0,
173,  1,  160,  194,  -1,  423, 871,  134.0,  23,  Nuc694122,  2946,  0, 0, 0, , 0, 0, 0, 0, 0,
174,  1,  161,  195,  196,  375, 807,  128.0,  21,  Nuc694450,  236,  0, 0, 0, , 0, 0, 0, 0, 0,
175,  1,  161,  197,  198,  330, 806,  129.0,  21,  Nuc694835,  1585,  0, 0, 0, , 0, 0, 0, 0, 0,
176,  1,  162,  199,  -1,  344, 852,  125.0,  21,  Nuc695097,  1550,  0, 0, 0, , 0, 0, 0, 0, 0,
177,  1,  163,  200,  -1,  848, 433,  121.0,  21,  Nuc701822,  1766,  0, 0, 0, , 0, 0, 0, 0, 0,
178,  1,  164,  201,  -1,  875, 395,  117.0,  21,  Nuc718577,  1775,  0, 0, 0, , 0, 0, 0, 0, 0,
179,  1,  165,  202,  -1,  867, 355,  127.0,  21,  Nuc720096,  1651,  0, 0, 0, , 0, 0, 0, 0, 0,
180,  1,  165,  203,  -1,  907, 392,  123.0,  21,  Nuc724779,  1850,  0, 0, 0, , 0, 0, 0, 0, 0,
181,  1,  166,  204,  -1,  889, 451,  121.0,  21,  Nuc726388,  1840,  0, 0, 0, , 0, 0, 0, 0, 0,
182,  1,  167,  205,  -1,  907, 498,  117.0,  21,  Nuc727176,  1889,  0, 0, 0, , 0, 0, 0, 0, 0,
183,  1,  168,  206,  -1,  929, 444,  124.0,  21,  Nuc733904,  1887,  0, 0, 0, , 0, 0, 0, 0, 0,
184,  1,  169,  207,  -1,  953, 478,  119.0,  21,  Nuc734517,  1725,  0, 0, 0, , 0, 0, 0, 0, 0,
185,  1,  169,  208,  -1,  953, 510,  122.0,  21,  Nuc735144,  2014,  0, 0, 0, , 0, 0, 0, 0, 0,
186,  1,  170,  209,  -1,  833, 426,  131.0,  23,  Nuc736784,  2033,  0, 0, 0, , 0, 0, 0, 0, 0,
187,  1,  171,  210,  -1,  882, 429,  139.0,  21,  Nuc740829,  1889,  0, 0, 0, , 0, 0, 0, 0, 0,
188,  1,  172,  211,  -1,  860, 403,  140.0,  21,  Nuc742028,  1948,  0, 0, 0, , 0, 0, 0, 0, 0,
189,  1,  173,  212,  -1,  855, 492,  129.0,  21,  Nuc744085,  1676,  0, 0, 0, , 0, 0, 0, 0, 0,
190,  1,  174,  213,  -1,  844, 477,  144.0,  21,  Nuc755992,  2364,  0, 0, 0, , 0, 0, 0, 0, 0,
191,  1,  175,  214,  -1,  866, 523,  149.0,  21,  Nuc756189,  1940,  0, 0, 0, , 0, 0, 0, 0, 0,
192,  1,  176,  215,  -1,  884, 516,  143.0,  21,  Nuc764025,  2090,  0, 0, 0, , 0, 0, 0, 0, 0,
193,  1,  177,  216,  -1,  778, 428,  126.0,  21,  Nuc765567,  1944,  0, 0, 0, , 0, 0, 0, 0, 0,
194,  1,  178,  217,  -1,  786, 435,  136.0,  21,  Nuc767144,  1944,  0, 0, 0, , 0, 0, 0, 0, 0,
195,  1,  179,  218,  -1,  806, 477,  123.0,  23,  Nuc767399,  1708,  0, 0, 0, , 0, 0, 0, 0, 0,
196,  1,  179,  219,  -1,  790, 489,  133.0,  21,  Nuc769728,  1971,  0, 0, 0, , 0, 0, 0, 0, 0,
197,  1,  180,  220,  -1,  738, 498,  141.0,  23,  Nuc777284,  2456,  0, 0, 0, , 0, 0, 0, 0, 0,
198,  1,  181,  221,  -1,  715, 537,  147.0,  23,  Nuc781536,  1756,  0, 0, 0, , 0, 0, 0, 0, 0,
199,  1,  183,  222,  -1,  787, 486,  150.0,  21,  Nuc781839,  2408,  0, 0, 0, , 0, 0, 0, 0, 0,
200,  1,  184,  223,  -1,  790, 502,  162.0,  23,  Nuc784400,  2353,  0, 0, 0, , 0, 0, 0, 0, 0,
201,  1,  185,  224,  -1,  839, 458,  153.0,  23,  Nuc786047,  2321,  0, 0, 0, , 0, 0, 0, 0, 0,
202,  1,  186,  225,  -1,  754, 419,  150.0,  21,  Nuc787834,  2297,  0, 0, 0, , 0, 0, 0, 0, 0,
203,  1,  187,  226,  -1,  757, 417,  161.0,  23,  Nuc790364,  2355,  0, 0, 0, , 0, 0, 0, 0, 0,
204,  1,  188,  227,  -1,  721, 475,  160.0,  21,  Nuc795096,  2787,  0, 0, 0, , 0, 0, 0, 0, 0,
205,  1,  189,  228,  -1,  713, 440,  151.0,  21,  Nuc795453,  2690,  0, 0, 0, , 0, 0, 0, 0, 0,
206,  1,  190,  229,  -1,  834, 520,  138.0,  21,  Nuc799538,  2535,  0, 0, 0, , 0, 0, 0, 0, 0,
207,  1,  191,  230,  -1,  782, 546,  131.0,  21,  Nuc801187,  1954,  0, 0, 0, , 0, 0, 0, 0, 0,
208,  1,  192,  231,  -1,  800, 584,  129.0,  21,  Nuc808235,  2056,  0, 0, 0, , 0, 0, 0, 0, 0,
209,  1,  193,  232,  -1,  818, 575,  140.0,  21,  Nuc825252,  2607,  0, 0, 0, , 0, 0, 0, 0, 0,
210,  1,  194,  233,  -1,  774, 607,  150.0,  21,  Nuc842583,  2233,  0, 0, 0, , 0, 0, 0, 0, 0,
211,  1,  195,  234,  -1,  803, 612,  141.0,  21,  Nuc845534,  1786,  0, 0, 0, , 0, 0, 0, 0, 0,
212,  1,  196,  235,  -1,  846, 633,  137.0,  21,  Nuc846767,  2310,  0, 0, 0, , 0, 0, 0, 0, 0,
213,  1,  196,  236,  -1,  874, 652,  138.0,  21,  Nuc849528,  2298,  0, 0, 0, , 0, 0, 0, 0, 0,
214,  1,  197,  237,  -1,  854, 565,  137.0,  21,  Nuc851368,  2138,  0, 0, 0, , 0, 0, 0, 0, 0,
215,  1,  197,  238,  -1,  884, 577,  141.0,  21,  Nuc854629,  2261,  0, 0, 0, , 0, 0, 0, 0, 0,
216,  1,  198,  239,  -1,  826, 615,  121.0,  23,  Nuc855302,  282,  0, 0, 0, , 0, 0, 0, 0, 0,
217,  1,  199,  240,  241,  863, 597,  125.0,  21,  Nuc866503,  1563,  0, 0, 0, , 0, 0, 0, 0, 0,
218,  1,  200,  242,  -1,  902, 516,  128.0,  21,  Nuc886407,  1953,  0, 0, 0, , 0, 0, 0, 0, 0,
219,  1,  201,  243,  -1,  863, 538,  121.0,  21,  Nuc889061,  2153,  0, 0, 0, , 0, 0, 0, 0, 0,
220,  1,  201,  244,  -1,  836, 536,  125.0,  21,  Nuc889906,  2414,  0, 0, 0, , 0, 0, 0, 0, 0,
221,  1,  202,  245,  -1,  912, 556,  116.0,  21,  Nuc895749,  2167,  0, 0, 0, , 0, 0, 0, 0, 0,
222,  1,  202,  246,  -1,  908, 585,  117.0,  21,  Nuc899437,  2155,  0, 0, 0, , 0, 0, 0, 0, 0,
223,  1,  203,  247,  248,  932, 578,  130.0,  31,  Nuc902824,  6900,  0, 0, 0, , 0, 0, 0, 0, 0,
224,  1,  204,  249,  -1,  974, 558,  111.0,  23,  Nuc906532,  2972,  0, 0, 0, , 0, 0, 0, 0, 0,
225,  1,  205,  250,  251,  971, 524,  102.0,  21,  Nuc907632,  1573,  0, 0, 0, , 0, 0, 0, 0, 0,
226,  1,  205,  252,  -1,  950, 523,  107.0,  21,  Nuc910756,  1753,  0, 0, 0, , 0, 0, 0, 0, 0,
227,  1,  206,  253,  -1,  747, 606,  129.0,  21,  Nuc911913,  2501,  0, 0, 0, , 0, 0, 0, 0, 0,
228,  1,  207,  254,  -1,  741, 563,  133.0,  21,  Nuc935110,  2244,  0, 0, 0, , 0, 0, 0, 0, 0,
229,  1,  208,  255,  -1,  714, 628,  142.0,  21,  Nuc938604,  2535,  0, 0, 0, , 0, 0, 0, 0, 0,
230,  1,  209,  256,  -1,  723, 586,  145.0,  21,  Nuc946157,  2796,  0, 0, 0, , 0, 0, 0, 0, 0,
231,  1,  210,  257,  -1,  786, 678,  155.0,  21,  Nuc953012,  2506,  0, 0, 0, , 0, 0, 0, 0, 0,
232,  1,  211,  258,  -1,  753, 613,  167.0,  21,  Nuc954607,  5091,  0, 0, 0, , 0, 0, 0, 0, 0,
233,  1,  212,  259,  -1,  740, 602,  160.0,  19,  Nuc956976,  2054,  0, 0, 0, , 0, 0, 0, 0, 0,
234,  1,  213,  260,  -1,  831, 617,  153.0,  21,  Nuc966776,  2241,  0, 0, 0, , 0, 0, 0, 0, 0,
235,  1,  213,  261,  -1,  848, 604,  149.0,  21,  Nuc967784,  2425,  0, 0, 0, , 0, 0, 0, 0, 0,
236,  1,  214,  262,  -1,  816, 544,  157.0,  21,  Nuc967925,  2436,  0, 0, 0, , 0, 0, 0, 0, 0,
237,  1,  214,  263,  -1,  796, 561,  162.0,  21,  Nuc1008390,  2703,  0, 0, 0, , 0, 0, 0, 0, 0,
238,  1,  215,  264,  -1,  545, 582,  142.0,  23,  Nuc1024131,  4308,  0, 0, 0, , 0, 0, 0, 0, 0,
239,  1,  216,  265,  -1,  498, 588,  145.0,  21,  Nuc1056927,  1426,  0, 0, 0, , 0, 0, 0, 0, 0,
240,  1,  217,  266,  -1,  280, 824,  113.0,  21,  Nuc1057062,  917,  0, 0, 0, , 0, 0, 0, 0, 0,
241,  1,  219,  267,  -1,  247, 756,  130.0,  21,  Nuc1057175,  1167,  0, 0, 0, , 0, 0, 0, 0, 0,
242,  1,  220,  -1,  -1,  283, 774,  120.0,  21,  Nuc1057278,  204,  0, 0, 0, , 0, 0, 0, 0, 0,
243,  1,  221,  268,  -1,  276, 748,  145.0,  21,  Nuc1057294,  855,  0, 0, 0, , 0, 0, 0, 0, 0,
244,  1,  222,  269,  270,  478, 732,  119.0,  21,  Nuc1057352,  250,  0, 0, 0, , 0, 0, 0, 0, 0,
245,  1,  227,  271,  -1,  470, 736,  154.0,  21,  Nuc1057768,  821,  0, 0, 0, , 0, 0, 0, 0, 0,
246,  1,  229,  272,  -1,  508, 589,  129.0,  23,  Nuc1057921,  1759,  0, 0, 0, , 0, 0, 0, 0, 0,
247,  1,  230,  273,  -1,  618, 604,  132.0,  21,  Nuc1058200,  1218,  0, 0, 0, , 0, 0, 0, 0, 0,
248,  1,  230,  -1,  -1,  609, 647,  131.0,  21,  Nuc1062355,  604,  0, 0, 0, , 0, 0, 0, 0, 0,
249,  1,  231,  274,  275,  561, 633,  141.0,  23,  Nuc1062378,  1840,  0, 0, 0, , 0, 0, 0, 0, 0,
250,  1,  232,  276,  -1,  562, 675,  148.0,  21,  Nuc1091038,  2536,  0, 0, 0, , 0, 0, 0, 0, 0,
251,  1,  233,  277,  -1,  597, 702,  143.0,  21,  Nuc1091598,  1818,  0, 0, 0, , 0, 0, 0, 0, 0,
252,  1,  235,  278,  279,  529, 719,  139.0,  21,  Nuc1091745,  2769,  0, 0, 0, , 0, 0, 0, 0, 0,
253,  1,  236,  280,  -1,  528, 729,  121.0,  21,  Nuc1092042,  2152,  0, 0, 0, , 0, 0, 0, 0, 0,
254,  1,  237,  281,  -1,  573, 668,  127.0,  21,  Nuc1092179,  1719,  0, 0, 0, , 0, 0, 0, 0, 0,
255,  1,  237,  282,  -1,  554, 698,  125.0,  21,  Nuc1102102,  1791,  0, 0, 0, , 0, 0, 0, 0, 0,
256,  1,  238,  283,  -1,  619, 649,  143.0,  21,  Nuc1102224,  4216,  0, 0, 0, , 0, 0, 0, 0, 0,
257,  1,  238,  284,  -1,  620, 657,  147.0,  21,  Nuc1109817,  4216,  0, 0, 0, , 0, 0, 0, 0, 0,
258,  1,  239,  285,  -1,  637, 708,  140.0,  23,  Nuc1124428,  1726,  0, 0, 0, , 0, 0, 0, 0, 0,
259,  1,  240,  -1,  -1,  656, 719,  124.0,  21,  Nuc1129028,  1921,  0, 0, 0, , 0, 0, 0, 0, 0,
260,  1,  241,  286,  -1,  614, 701,  124.0,  21,  Nuc1129031,  1851,  0, 0, 0, , 0, 0, 0, 0, 0,
261,  1,  242,  287,  -1,  582, 747,  121.0,  21,  Nuc1145057,  2241,  0, 0, 0, , 0, 0, 0, 0, 0,
262,  1,  243,  288,  -1,  619, 744,  133.0,  19,  Nuc1145230,  1093,  0, 0, 0, , 0, 0, 0, 0, 0,
263,  1,  245,  289,  290,  455, 558,  139.0,  21,  Nuc1208219,  1128,  0, 0, 0, , 0, 0, 0, 0, 0,
264,  1,  247,  291,  292,  513, 503,  131.0,  21,  Nuc1208690,  1042,  0, 0, 0, , 0, 0, 0, 0, 0,
265,  1,  247,  293,  -1,  514, 541,  129.0,  21,  Nuc1210479,  1054,  0, 0, 0, , 0, 0, 0, 0, 0,
266,  1,  248,  294,  -1,  610, 787,  149.0,  21,  Nuc1210628,  1972,  0, 0, 0, , 0, 0, 0, 0, 0,
267,  1,  248,  295,  -1,  583, 768,  145.0,  21,  Nuc1219487,  1883,  0, 0, 0, , 0, 0, 0, 0, 0,
268,  1,  249,  296,  -1,  531, 779,  140.0,  21,  Nuc1231757,  819,  0, 0, 0, , 0, 0, 0, 0, 0,
269,  1,  249,  297,  -1,  537, 811,  144.0,  21,  Nuc1232012,  2187,  0, 0, 0, , 0, 0, 0, 0, 0,
270,  1,  250,  298,  -1,  551, 837,  152.0,  21,  Nuc1232498,  1235,  0, 0, 0, , 0, 0, 0, 0, 0,
271,  1,  251,  299,  -1,  564, 880,  135.0,  21,  Nuc1234876,  1459,  0, 0, 0, , 0, 0, 0, 0, 0,
272,  1,  252,  300,  -1,  482, 836,  150.0,  21,  Nuc1247466,  1313,  0, 0, 0, , 0, 0, 0, 0, 0,
273,  1,  253,  301,  -1,  443, 827,  151.0,  21,  Nuc1248074,  1824,  0, 0, 0, , 0, 0, 0, 0, 0,
274,  1,  254,  302,  303,  485, 826,  140.0,  21,  Nuc1248931,  1120,  0, 0, 0, , 0, 0, 0, 0, 0,
275,  1,  255,  304,  -1,  522, 752,  161.0,  21,  Nuc1262385,  2071,  0, 0, 0, , 0, 0, 0, 0, 0,
276,  1,  256,  305,  -1,  515, 787,  153.0,  21,  Nuc1262654,  1762,  0, 0, 0, , 0, 0, 0, 0, 0,
277,  1,  257,  306,  -1,  484, 785,  164.0,  21,  Nuc1270030,  1176,  0, 0, 0, , 0, 0, 0, 0, 0,
278,  1,  258,  307,  -1,  461, 775,  157.0,  21,  Nuc1272294,  1809,  0, 0, 0, , 0, 0, 0, 0, 0,
279,  1,  259,  308,  -1,  677, 596,  129.0,  27,  Nuc1272779,  4271,  0, 0, 0, , 0, 0, 0, 0, 0,
280,  1,  260,  309,  310,  664, 662,  131.0,  21,  Nuc1330337,  1155,  0, 0, 0, , 0, 0, 0, 0, 0,
281,  1,  261,  311,  -1,  652, 615,  153.0,  21,  Nuc1335669,  2525,  0, 0, 0, , 0, 0, 0, 0, 0,
282,  1,  262,  312,  -1,  596, 583,  142.0,  21,  Nuc1336687,  1950,  0, 0, 0, , 0, 0, 0, 0, 0,
283,  1,  263,  313,  314,  569, 533,  133.0,  21,  Nuc1344456,  2147,  0, 0, 0, , 0, 0, 0, 0, 0,
284,  1,  264,  315,  -1,  634, 552,  135.0,  21,  Nuc1390602,  2320,  0, 0, 0, , 0, 0, 0, 0, 0,
285,  1,  265,  316,  -1,  618, 521,  139.0,  21,  Nuc1390677,  1696,  0, 0, 0, , 0, 0, 0, 0, 0,
286,  1,  266,  317,  -1,  686, 496,  131.0,  21,  Nuc1418357,  1515,  0, 0, 0, , 0, 0, 0, 0, 0,
287,  1,  266,  318,  -1,  691, 525,  130.0,  21,  Nuc1418546,  1690,  0, 0, 0, , 0, 0, 0, 0, 0,
288,  1,  268,  319,  -1,  378, 611,  165.0,  19,  Nuc1418880,  1077,  0, 0, 0, , 0, 0, 0, 0, 0,
289,  1,  269,  320,  321,  429, 549,  181.0,  19,  Nuc1419109,  1219,  0, 0, 0, , 0, 0, 0, 0, 0,
290,  1,  270,  -1,  -1,  449, 515,  167.0,  21,  Nuc1419555,  1327,  0, 0, 0, , 0, 0, 0, 0, 0,
291,  1,  271,  322,  -1,  454, 567,  166.0,  21,  Nuc1419557,  1444,  0, 0, 0, , 0, 0, 0, 0, 0,
292,  1,  272,  323,  -1,  506, 394,  135.0,  21,  Nuc1426711,  777,  0, 0, 0, , 0, 0, 0, 0, 0,
293,  1,  273,  324,  -1,  471, 431,  137.0,  21,  Nuc1426896,  529,  0, 0, 0, , 0, 0, 0, 0, 0,
294,  1,  273,  -1,  -1,  515, 451,  132.0,  23,  Nuc1427155,  1333,  0, 0, 0, , 0, 0, 0, 0, 0,
295,  1,  274,  325,  326,  467, 480,  130.0,  23,  Nuc1427165,  2561,  0, 0, 0, , 0, 0, 0, 0, 0,
296,  1,  275,  327,  -1,  633, 484,  129.0,  21,  Nuc1431524,  2721,  0, 0, 0, , 0, 0, 0, 0, 0,
297,  1,  276,  328,  -1,  569, 482,  130.0,  25,  Nuc1453062,  3422,  0, 0, 0, , 0, 0, 0, 0, 0,
298,  1,  277,  329,  -1,  457, 526,  157.0,  21,  Nuc1468273,  3273,  0, 0, 0, , 0, 0, 0, 0, 0,
299,  1,  278,  330,  -1,  473, 535,  151.0,  21,  Nuc1468882,  5472,  0, 0, 0, , 0, 0, 0, 0, 0,
300,  1,  280,  331,  -1,  399, 401,  144.0,  21,  Nuc1476784,  1287,  0, 0, 0, , 0, 0, 0, 0, 0,
301,  1,  281,  332,  333,  429, 430,  151.0,  21,  Nuc1476908,  1091,  0, 0, 0, , 0, 0, 0, 0, 0,
302,  1,  282,  334,  -1,  521, 484,  146.0,  21,  Nuc1483148,  2665,  0, 0, 0, , 0, 0, 0, 0, 0,
303,  1,  283,  335,  336,  323, 409,  162.0,  21,  Nuc1483244,  1140,  0, 0, 0, , 0, 0, 0, 0, 0,
304,  1,  284,  337,  338,  375, 395,  166.0,  21,  Nuc1484105,  1337,  0, 0, 0, , 0, 0, 0, 0, 0,
305,  1,  285,  339,  -1,  336, 385,  171.0,  21,  Nuc1492379,  2063,  0, 0, 0, , 0, 0, 0, 0, 0,
306,  1,  286,  340,  341,  283, 448,  167.0,  21,  Nuc1492497,  941,  0, 0, 0, , 0, 0, 0, 0, 0,
307,  1,  288,  342,  -1,  415, 368,  175.0,  21,  Nuc1493021,  2447,  0, 0, 0, , 0, 0, 0, 0, 0,
308,  1,  289,  -1,  -1,  397, 442,  161.0,  19,  Nuc1493202,  872,  0, 0, 0, , 0, 0, 0, 0, 0,
309,  1,  290,  343,  -1,  475, 301,  166.0,  21,  Nuc1493243,  1042,  0, 0, 0, , 0, 0, 0, 0, 0,
310,  1,  291,  344,  -1,  344, 367,  157.0,  21,  Nuc1493626,  1391,  0, 0, 0, , 0, 0, 0, 0, 0,
311,  1,  292,  345,  -1,  414, 402,  162.0,  19,  Nuc1493783,  1165,  0, 0, 0, , 0, 0, 0, 0, 0,
312,  1,  293,  346,  -1,  433, 306,  165.0,  19,  Nuc1494184,  1263,  0, 0, 0, , 0, 0, 0, 0, 0,
313,  1,  294,  347,  -1,  375, 331,  167.0,  21,  Nuc1494301,  1768,  0, 0, 0, , 0, 0, 0, 0, 0,
314,  1,  295,  348,  349,  333, 282,  136.0,  21,  Nuc1494739,  914,  0, 0, 0, , 0, 0, 0, 0, 0,
315,  1,  297,  350,  -1,  396, 352,  149.0,  21,  Nuc1496198,  509,  0, 0, 0, , 0, 0, 0, 0, 0,
316,  1,  298,  351,  -1,  424, 262,  157.0,  21,  Nuc1496385,  1828,  0, 0, 0, , 0, 0, 0, 0, 0,
317,  1,  299,  352,  -1,  440, 222,  146.0,  19,  Nuc1497071,  1073,  0, 0, 0, , 0, 0, 0, 0, 0,
318,  1,  300,  353,  -1,  401, 222,  144.0,  21,  Nuc1497125,  1427,  0, 0, 0, , 0, 0, 0, 0, 0,
319,  1,  301,  354,  -1,  656, 348,  152.0,  21,  Nuc1500745,  2238,  0, 0, 0, , 0, 0, 0, 0, 0,
320,  1,  302,  355,  -1,  668, 300,  154.0,  21,  Nuc1502242,  2108,  0, 0, 0, , 0, 0, 0, 0, 0,
321,  1,  303,  356,  357,  601, 378,  159.0,  21,  Nuc1503376,  1601,  0, 0, 0, , 0, 0, 0, 0, 0,
322,  1,  304,  358,  -1,  639, 356,  165.0,  21,  Nuc1507088,  1962,  0, 0, 0, , 0, 0, 0, 0, 0,
323,  1,  305,  359,  -1,  609, 411,  148.0,  21,  Nuc1508356,  2006,  0, 0, 0, , 0, 0, 0, 0, 0,
324,  1,  306,  360,  -1,  642, 424,  156.0,  21,  Nuc1508575,  1955,  0, 0, 0, , 0, 0, 0, 0, 0,
325,  1,  307,  361,  -1,  648, 380,  142.0,  21,  Nuc1510141,  2017,  0, 0, 0, , 0, 0, 0, 0, 0,
326,  1,  308,  362,  -1,  534, 378,  126.0,  23,  Nuc1514909,  543,  0, 0, 0, , 0, 0, 0, 0, 0,
327,  1,  309,  363,  -1,  558, 428,  143.0,  21,  Nuc1514946,  1152,  0, 0, 0, , 0, 0, 0, 0, 0,
328,  1,  311,  364,  365,  654, 361,  126.0,  21,  Nuc1545782,  1044,  0, 0, 0, , 0, 0, 0, 0, 0,
329,  1,  312,  366,  367,  582, 375,  141.0,  23,  Nuc1551445,  1963,  0, 0, 0, , 0, 0, 0, 0, 0,
330,  1,  314,  368,  -1,  474, 319,  158.0,  21,  Nuc1553381,  1994,  0, 0, 0, , 0, 0, 0, 0, 0,
331,  1,  315,  369,  -1,  400, 355,  159.0,  21,  Nuc1556098,  1261,  0, 0, 0, , 0, 0, 0, 0, 0,
332,  1,  316,  370,  -1,  437, 382,  153.0,  21,  Nuc1558877,  1113,  0, 0, 0, , 0, 0, 0, 0, 0,
333,  1,  317,  371,  -1,  459, 353,  151.0,  21,  Nuc1559134,  1394,  0, 0, 0, , 0, 0, 0, 0, 0,
334,  1,  318,  372,  373,  493, 418,  144.0,  21,  Nuc1560748,  1110,  0, 0, 0, , 0, 0, 0, 0, 0,
335,  1,  318,  374,  -1,  504, 368,  142.0,  21,  Nuc1561092,  1845,  0, 0, 0, , 0, 0, 0, 0, 0,
336,  1,  319,  375,  -1,  570, 267,  148.0,  21,  Nuc1572649,  1920,  0, 0, 0, , 0, 0, 0, 0, 0,
337,  1,  320,  376,  -1,  572, 278,  159.0,  21,  Nuc1575107,  1598,  0, 0, 0, , 0, 0, 0, 0, 0,
338,  1,  322,  377,  -1,  498, 259,  157.0,  21,  Nuc1575671,  1669,  0, 0, 0, , 0, 0, 0, 0, 0,
339,  1,  323,  378,  -1,  508, 229,  149.0,  21,  Nuc1576127,  1677,  0, 0, 0, , 0, 0, 0, 0, 0,
340,  1,  324,  379,  -1,  612, 281,  157.0,  21,  Nuc1577633,  1825,  0, 0, 0, , 0, 0, 0, 0, 0,
341,  1,  325,  380,  -1,  535, 322,  165.0,  21,  Nuc1581766,  1631,  0, 0, 0, , 0, 0, 0, 0, 0,
342,  1,  327,  381,  -1,  585, 338,  169.0,  21,  Nuc1582094,  1954,  0, 0, 0, , 0, 0, 0, 0, 0,
343,  1,  328,  382,  -1,  457, 369,  176.0,  21,  Nuc1584303,  1427,  0, 0, 0, , 0, 0, 0, 0, 0,
344,  1,  329,  383,  -1,  500, 333,  171.0,  21,  Nuc1584428,  1302,  0, 0, 0, , 0, 0, 0, 0, 0,
345,  1,  330,  384,  -1,  640, 484,  151.0,  21,  Nuc1584602,  1998,  0, 0, 0, , 0, 0, 0, 0, 0,
346,  1,  331,  385,  -1,  677, 470,  155.0,  21,  Nuc1585760,  2160,  0, 0, 0, , 0, 0, 0, 0, 0,
347,  1,  332,  386,  -1,  689, 415,  140.0,  21,  Nuc1602926,  879,  0, 0, 0, , 0, 0, 0, 0, 0,
348,  1,  332,  387,  -1,  688, 460,  141.0,  21,  Nuc1620535,  1854,  0, 0, 0, , 0, 0, 0, 0, 0,
349,  1,  333,  388,  389,  645, 453,  142.0,  21,  Nuc1622407,  2698,  0, 0, 0, , 0, 0, 0, 0, 0,
350,  1,  334,  390,  -1,  733, 467,  131.0,  21,  Nuc1622774,  2385,  0, 0, 0, , 0, 0, 0, 0, 0,
351,  1,  335,  391,  -1,  672, 439,  128.0,  21,  Nuc1623256,  1517,  0, 0, 0, , 0, 0, 0, 0, 0,
352,  1,  335,  392,  -1,  727, 426,  127.0,  21,  Nuc1623309,  2415,  0, 0, 0, , 0, 0, 0, 0, 0,
353,  1,  336,  393,  -1,  679, 409,  127.0,  21,  Nuc1639858,  1115,  0, 0, 0, , 0, 0, 0, 0, 0,
354,  1,  337,  394,  -1,  644, 543,  166.0,  21,  Nuc1640593,  6894,  0, 0, 0, , 0, 0, 0, 0, 0,
355,  1,  338,  395,  -1,  668, 509,  142.0,  23,  Nuc1643540,  5307,  0, 0, 0, , 0, 0, 0, 0, 0,
356,  1,  339,  396,  -1,  651, 535,  150.0,  21,  Nuc1647671,  5712,  0, 0, 0, , 0, 0, 0, 0, 0,
357,  1,  340,  397,  -1,  762, 661,  161.0,  23,  Nuc1703110,  2762,  0, 0, 0, , 0, 0, 0, 0, 0,
358,  1,  341,  398,  -1,  712, 635,  156.0,  21,  Nuc1703180,  1902,  0, 0, 0, , 0, 0, 0, 0, 0,
359,  1,  342,  399,  -1,  697, 602,  160.0,  23,  Nuc1707567,  4979,  0, 0, 0, , 0, 0, 0, 0, 0,
360,  1,  343,  400,  -1,  682, 557,  159.0,  21,  Nuc1707837,  5915,  0, 0, 0, , 0, 0, 0, 0, 0,
361,  1,  344,  401,  -1,  658, 616,  146.0,  21,  Nuc1707971,  2282,  0, 0, 0, , 0, 0, 0, 0, 0,
362,  1,  344,  402,  -1,  661, 574,  145.0,  21,  Nuc1738235,  5470,  0, 0, 0, , 0, 0, 0, 0, 0,
363,  1,  345,  403,  -1,  691, 565,  139.0,  21,  Nuc1738834,  4853,  0, 0, 0, , 0, 0, 0, 0, 0,
364,  1,  346,  404,  405,  512, 507,  154.0,  21,  Nuc1740636,  2825,  0, 0, 0, , 0, 0, 0, 0, 0,
365,  1,  347,  406,  -1,  536, 547,  157.0,  21,  Nuc1750723,  3094,  0, 0, 0, , 0, 0, 0, 0, 0,
366,  1,  348,  407,  -1,  562, 502,  145.0,  23,  Nuc1754973,  2621,  0, 0, 0, , 0, 0, 0, 0, 0,
367,  1,  349,  408,  -1,  583, 545,  148.0,  23,  Nuc1755157,  3633,  0, 0, 0, , 0, 0, 0, 0, 0,
368,  1,  350,  409,  -1,  620, 566,  153.0,  19,  Nuc1755563,  1329,  0, 0, 0, , 0, 0, 0, 0, 0,
369,  1,  351,  410,  -1,  593, 621,  150.0,  23,  Nuc1759530,  2817,  0, 0, 0, , 0, 0, 0, 0, 0,
370,  1,  352,  411,  -1,  560, 593,  155.0,  21,  Nuc1759621,  3124,  0, 0, 0, , 0, 0, 0, 0, 0,
371,  1,  353,  412,  -1,  533, 533,  173.0,  21,  Nuc1759780,  5183,  0, 0, 0, , 0, 0, 0, 0, 0,
372,  1,  354,  413,  -1,  587, 474,  177.0,  21,  Nuc1762250,  2886,  0, 0, 0, , 0, 0, 0, 0, 0,
373,  1,  354,  414,  -1,  538, 479,  173.0,  21,  Nuc1762404,  4664,  0, 0, 0, , 0, 0, 0, 0, 0,
374,  1,  355,  415,  -1,  442, 492,  175.0,  21,  Nuc1763431,  2615,  0, 0, 0, , 0, 0, 0, 0, 0,
375,  1,  356,  416,  -1,  487, 518,  178.0,  21,  Nuc1763552,  3322,  0, 0, 0, , 0, 0, 0, 0, 0,
376,  1,  357,  417,  -1,  473, 413,  181.0,  21,  Nuc1763596,  1718,  0, 0, 0, , 0, 0, 0, 0, 0,
377,  1,  358,  418,  -1,  525, 436,  177.0,  21,  Nuc1763676,  2727,  0, 0, 0, , 0, 0, 0, 0, 0,
378,  1,  359,  419,  -1,  490, 459,  174.0,  21,  Nuc1764557,  1476,  0, 0, 0, , 0, 0, 0, 0, 0,
379,  1,  360,  420,  -1,  516, 436,  158.0,  21,  Nuc1765099,  2255,  0, 0, 0, , 0, 0, 0, 0, 0,
380,  1,  361,  421,  -1,  475, 466,  164.0,  21,  Nuc1766378,  2437,  0, 0, 0, , 0, 0, 0, 0, 0,
381,  1,  362,  422,  -1,  430, 457,  171.0,  21,  Nuc1769716,  2781,  0, 0, 0, , 0, 0, 0, 0, 0,
382,  1,  363,  423,  -1,  453, 424,  167.0,  21,  Nuc1771843,  2447,  0, 0, 0, , 0, 0, 0, 0, 0,
383,  1,  364,  424,  -1,  502, 500,  167.0,  21,  Nuc1772033,  4218,  0, 0, 0, , 0, 0, 0, 0, 0,
384,  1,  365,  -1,  -1,  479, 585,  159.0,  19,  Nuc1773088,  716,  0, 0, 0, , 0, 0, 0, 0, 0,
385,  1,  366,  425,  -1,  433, 726,  161.0,  21,  Nuc1773194,  516,  0, 0, 0, , 0, 0, 0, 0, 0,
386,  1,  366,  426,  -1,  467, 691,  162.0,  21,  Nuc1782581,  2018,  0, 0, 0, , 0, 0, 0, 0, 0,
387,  1,  367,  427,  -1,  422, 748,  170.0,  21,  Nuc1782858,  1522,  0, 0, 0, , 0, 0, 0, 0, 0,
388,  1,  368,  428,  429,  421, 667,  165.0,  21,  Nuc1783552,  1743,  0, 0, 0, , 0, 0, 0, 0, 0,
389,  1,  369,  430,  431,  410, 685,  154.0,  21,  Nuc1783833,  846,  0, 0, 0, , 0, 0, 0, 0, 0,
390,  1,  370,  432,  -1,  330, 656,  164.0,  19,  Nuc1784131,  1393,  0, 0, 0, , 0, 0, 0, 0, 0,
391,  1,  371,  433,  -1,  368, 705,  169.0,  21,  Nuc1784178,  2088,  0, 0, 0, , 0, 0, 0, 0, 0,
392,  1,  372,  434,  -1,  290, 654,  163.0,  21,  Nuc1784510,  1423,  0, 0, 0, , 0, 0, 0, 0, 0,
393,  1,  373,  435,  -1,  308, 712,  158.0,  21,  Nuc1784760,  1682,  0, 0, 0, , 0, 0, 0, 0, 0,
394,  1,  374,  436,  -1,  276, 610,  164.0,  21,  Nuc1785283,  878,  0, 0, 0, , 0, 0, 0, 0, 0,
395,  1,  375,  437,  -1,  329, 593,  164.0,  19,  Nuc1785360,  1398,  0, 0, 0, , 0, 0, 0, 0, 0,
396,  1,  375,  438,  -1,  320, 625,  159.0,  21,  Nuc1785414,  1794,  0, 0, 0, , 0, 0, 0, 0, 0,
397,  1,  376,  439,  440,  288, 608,  148.0,  21,  Nuc1787709,  1420,  0, 0, 0, , 0, 0, 0, 0, 0,
398,  1,  376,  441,  -1,  321, 626,  153.0,  19,  Nuc1787903,  1752,  0, 0, 0, , 0, 0, 0, 0, 0,
399,  1,  377,  442,  -1,  413, 622,  173.0,  21,  Nuc1787992,  1691,  0, 0, 0, , 0, 0, 0, 0, 0,
400,  1,  378,  443,  -1,  444, 611,  164.0,  21,  Nuc1789130,  1043,  0, 0, 0, , 0, 0, 0, 0, 0,
401,  1,  379,  -1,  -1,  367, 616,  183.0,  21,  Nuc1793871,  461,  0, 0, 0, , 0, 0, 0, 0, 0,
402,  1,  379,  444,  -1,  338, 622,  177.0,  21,  Nuc1793872,  1460,  0, 0, 0, , 0, 0, 0, 0, 0,
403,  1,  380,  -1,  -1,  377, 669,  177.0,  21,  Nuc1794058,  1176,  0, 0, 0, , 0, 0, 0, 0, 0,
404,  1,  381,  -1,  -1,  388, 650,  168.0,  19,  Nuc1794060,  723,  0, 0, 0, , 0, 0, 0, 0, 0,
405,  1,  382,  445,  -1,  453, 448,  184.0,  23,  Nuc1794137,  1572,  0, 0, 0, , 0, 0, 0, 0, 0,
406,  1,  383,  446,  -1,  555, 423,  180.0,  21,  Nuc1794480,  1771,  0, 0, 0, , 0, 0, 0, 0, 0,
407,  1,  384,  447,  -1,  512, 378,  177.0,  21,  Nuc1795193,  1733,  0, 0, 0, , 0, 0, 0, 0, 0,
408,  1,  385,  448,  -1,  546, 364,  173.0,  21,  Nuc1797158,  2032,  0, 0, 0, , 0, 0, 0, 0, 0,
409,  1,  386,  449,  -1,  667, 427,  163.0,  21,  Nuc1800345,  2784,  0, 0, 0, , 0, 0, 0, 0, 0,
410,  1,  387,  450,  -1,  629, 451,  166.0,  21,  Nuc1801409,  2549,  0, 0, 0, , 0, 0, 0, 0, 0,
411,  1,  388,  451,  452,  637, 493,  169.0,  21,  Nuc1841611,  2012,  0, 0, 0, , 0, 0, 0, 0, 0,
412,  1,  389,  453,  -1,  622, 421,  176.0,  21,  Nuc1842036,  2240,  0, 0, 0, , 0, 0, 0, 0, 0,
413,  1,  390,  454,  -1,  599, 396,  171.0,  21,  Nuc1844235,  2562,  0, 0, 0, , 0, 0, 0, 0, 0,
414,  1,  391,  455,  -1,  694, 381,  157.0,  21,  Nuc1848889,  2228,  0, 0, 0, , 0, 0, 0, 0, 0,
415,  1,  391,  456,  -1,  704, 377,  163.0,  21,  Nuc1849545,  2243,  0, 0, 0, , 0, 0, 0, 0, 0,
416,  1,  392,  457,  -1,  690, 430,  171.0,  21,  Nuc1849855,  1988,  0, 0, 0, , 0, 0, 0, 0, 0,
417,  1,  393,  458,  -1,  654, 513,  178.0,  21,  Nuc1850319,  3868,  0, 0, 0, , 0, 0, 0, 0, 0,
418,  1,  394,  459,  -1,  675, 473,  173.0,  23,  Nuc1850865,  5952,  0, 0, 0, , 0, 0, 0, 0, 0,
419,  1,  395,  460,  -1,  755, 472,  165.0,  21,  Nuc1851823,  5205,  0, 0, 0, , 0, 0, 0, 0, 0,
420,  1,  396,  461,  -1,  701, 519,  168.0,  23,  Nuc1854182,  6912,  0, 0, 0, , 0, 0, 0, 0, 0,
421,  1,  397,  462,  -1,  744, 527,  168.0,  21,  Nuc1858801,  5459,  0, 0, 0, , 0, 0, 0, 0, 0,
422,  1,  398,  463,  -1,  631, 646,  165.0,  21,  Nuc1862233,  3122,  0, 0, 0, , 0, 0, 0, 0, 0,
423,  1,  399,  464,  -1,  621, 598,  168.0,  19,  Nuc1862833,  1378,  0, 0, 0, , 0, 0, 0, 0, 0,
424,  1,  400,  465,  -1,  661, 587,  164.0,  21,  Nuc1862901,  1873,  0, 0, 0, , 0, 0, 0, 0, 0,
425,  1,  401,  466,  -1,  674, 609,  174.0,  23,  Nuc1863119,  2422,  0, 0, 0, , 0, 0, 0, 0, 0,
426,  1,  402,  467,  -1,  683, 567,  175.0,  21,  Nuc1866606,  2784,  0, 0, 0, , 0, 0, 0, 0, 0,
427,  1,  403,  468,  -1,  756, 536,  157.0,  21,  Nuc1867445,  4779,  0, 0, 0, , 0, 0, 0, 0, 0,
428,  1,  404,  469,  -1,  718, 557,  164.0,  21,  Nuc1867576,  5200,  0, 0, 0, , 0, 0, 0, 0, 0,
429,  1,  405,  470,  -1,  731, 567,  171.0,  21,  Nuc1868211,  4665,  0, 0, 0, , 0, 0, 0, 0, 0,
430,  1,  406,  471,  -1,  471, 689,  177.0,  23,  Nuc1869407,  2584,  0, 0, 0, , 0, 0, 0, 0, 0,
431,  1,  407,  472,  -1,  421, 687,  176.0,  21,  Nuc1869784,  2494,  0, 0, 0, , 0, 0, 0, 0, 0,
432,  1,  408,  473,  -1,  611, 728,  170.0,  21,  Nuc1870014,  2534,  0, 0, 0, , 0, 0, 0, 0, 0,
433,  1,  409,  474,  -1,  645, 721,  168.0,  21,  Nuc1870114,  2336,  0, 0, 0, , 0, 0, 0, 0, 0,
434,  1,  410,  475,  -1,  605, 725,  156.0,  21,  Nuc1871469,  2494,  0, 0, 0, , 0, 0, 0, 0, 0,
435,  1,  411,  476,  -1,  594, 683,  159.0,  21,  Nuc1871754,  1795,  0, 0, 0, , 0, 0, 0, 0, 0,
436,  1,  412,  477,  -1,  627, 802,  154.0,  21,  Nuc1876974,  2145,  0, 0, 0, , 0, 0, 0, 0, 0,
437,  1,  413,  478,  -1,  565, 777,  164.0,  21,  Nuc1880460,  2002,  0, 0, 0, , 0, 0, 0, 0, 0,
438,  1,  413,  479,  -1,  583, 759,  158.0,  21,  Nuc1882602,  2277,  0, 0, 0, , 0, 0, 0, 0, 0,
439,  1,  414,  480,  -1,  523, 669,  181.0,  21,  Nuc1883058,  2252,  0, 0, 0, , 0, 0, 0, 0, 0,
440,  1,  415,  481,  -1,  506, 645,  174.0,  21,  Nuc1886243,  2113,  0, 0, 0, , 0, 0, 0, 0, 0,
441,  1,  416,  482,  -1,  583, 683,  175.0,  21,  Nuc1886455,  2409,  0, 0, 0, , 0, 0, 0, 0, 0,
442,  1,  417,  483,  -1,  485, 736,  173.0,  21,  Nuc1889473,  2104,  0, 0, 0, , 0, 0, 0, 0, 0,
443,  1,  418,  484,  -1,  489, 714,  167.0,  21,  Nuc1890940,  2920,  0, 0, 0, , 0, 0, 0, 0, 0,
444,  1,  419,  485,  -1,  557, 720,  166.0,  21,  Nuc1890980,  2923,  0, 0, 0, , 0, 0, 0, 0, 0,
445,  1,  420,  486,  -1,  592, 607,  173.0,  21,  Nuc1892170,  2906,  0, 0, 0, , 0, 0, 0, 0, 0,
446,  1,  421,  487,  -1,  628, 655,  175.0,  21,  Nuc1912960,  2538,  0, 0, 0, , 0, 0, 0, 0, 0,
447,  1,  422,  488,  -1,  678, 685,  157.0,  21,  Nuc1918908,  2218,  0, 0, 0, , 0, 0, 0, 0, 0,
448,  1,  423,  489,  -1,  693, 675,  168.0,  21,  Nuc1919629,  2376,  0, 0, 0, , 0, 0, 0, 0, 0,
449,  1,  424,  490,  -1,  581, 633,  181.0,  21,  Nuc1921299,  2165,  0, 0, 0, , 0, 0, 0, 0, 0,
450,  1,  425,  491,  -1,  574, 577,  182.0,  21,  Nuc1921422,  3554,  0, 0, 0, , 0, 0, 0, 0, 0,
451,  1,  425,  492,  -1,  576, 569,  176.0,  21,  Nuc1921959,  3578,  0, 0, 0, , 0, 0, 0, 0, 0,
452,  1,  426,  493,  -1,  577, 470,  182.0,  21,  Nuc1922097,  2401,  0, 0, 0, , 0, 0, 0, 0, 0,
453,  1,  427,  494,  -1,  629, 563,  177.0,  23,  Nuc1922197,  4413,  0, 0, 0, , 0, 0, 0, 0, 0,
454,  1,  428,  495,  -1,  504, 617,  184.0,  21,  Nuc1923313,  4740,  0, 0, 0, , 0, 0, 0, 0, 0,
455,  1,  429,  496,  -1,  445, 596,  175.0,  21,  Nuc1924252,  809,  0, 0, 0, , 0, 0, 0, 0, 0,
456,  1,  429,  497,  -1,  457, 633,  173.0,  21,  Nuc1932804,  1297,  0, 0, 0, , 0, 0, 0, 0, 0,
457,  1,  430,  498,  -1,  452, 653,  184.0,  21,  Nuc1932934,  1562,  0, 0, 0, , 0, 0, 0, 0, 0,
458,  1,  431,  499,  -1,  439, 603,  185.0,  21,  Nuc1934146,  1361,  0, 0, 0, , 0, 0, 0, 0, 0,
459,  1,  432,  500,  -1,  474, 657,  168.0,  21,  Nuc1934287,  1876,  0, 0, 0, , 0, 0, 0, 0, 0,
460,  1,  433,  501,  -1,  530, 638,  162.0,  21,  Nuc1942142,  1711,  0, 0, 0, , 0, 0, 0, 0, 0,
461,  1,  434,  502,  -1,  497, 638,  154.0,  21,  Nuc1942276,  254,  0, 0, 0, , 0, 0, 0, 0, 0,
462,  1,  434,  503,  -1,  537, 622,  151.0,  21,  Nuc1943095,  1676,  0, 0, 0, , 0, 0, 0, 0, 0,
463,  1,  435,  504,  -1,  554, 733,  172.0,  21,  Nuc1943240,  2097,  0, 0, 0, , 0, 0, 0, 0, 0,
464,  1,  435,  505,  -1,  528, 695,  167.0,  19,  Nuc1944969,  1338,  0, 0, 0, , 0, 0, 0, 0, 0,
465,  1,  436,  506,  -1,  516, 693,  156.0,  21,  Nuc1948713,  2187,  0, 0, 0, , 0, 0, 0, 0, 0,
466,  1,  437,  507,  -1,  539, 611,  172.0,  21,  Nuc1950073,  3092,  0, 0, 0, , 0, 0, 0, 0, 0,
467,  1,  438,  508,  -1,  529, 573,  168.0,  21,  Nuc1950149,  2195,  0, 0, 0, , 0, 0, 0, 0, 0,
468,  1,  439,  509,  -1,  489, 551,  171.0,  21,  Nuc1950339,  3132,  0, 0, 0, , 0, 0, 0, 0, 0,
469,  1,  439,  510,  -1,  491, 543,  166.0,  21,  Nuc1953368,  2890,  0, 0, 0, , 0, 0, 0, 0, 0,
470,  1,  440,  511,  -1,  488, 596,  178.0,  19,  Nuc1953401,  1101,  0, 0, 0, , 0, 0, 0, 0, 0,
471,  1,  441,  512,  -1,  490, 611,  167.0,  21,  Nuc1953590,  834,  0, 0, 0, , 0, 0, 0, 0, 0,
472,  1,  442,  513,  -1,  400, 544,  187.0,  21,  Nuc1953751,  1720,  0, 0, 0, , 0, 0, 0, 0, 0,
473,  1,  443,  514,  -1,  398, 467,  185.0,  21,  Nuc1954722,  1159,  0, 0, 0, , 0, 0, 0, 0, 0,
474,  1,  444,  515,  -1,  378, 447,  183.0,  21,  Nuc1954790,  749,  0, 0, 0, , 0, 0, 0, 0, 0,
475,  1,  445,  516,  -1,  490, 548,  185.0,  21,  Nuc1954956,  3890,  0, 0, 0, , 0, 0, 0, 0, 0,
476,  1,  446,  517,  -1,  548, 525,  185.0,  21,  Nuc1955393,  2281,  0, 0, 0, , 0, 0, 0, 0, 0,
477,  1,  446,  518,  -1,  583, 529,  184.0,  21,  Nuc1965520,  2391,  0, 0, 0, , 0, 0, 0, 0, 0,
478,  1,  447,  519,  -1,  530, 564,  182.0,  21,  Nuc1967363,  5826,  0, 0, 0, , 0, 0, 0, 0, 0,
479,  1,  448,  520,  -1,  509, 481,  184.0,  21,  Nuc1968455,  3531,  0, 0, 0, , 0, 0, 0, 0, 0,
480,  1,  449,  521,  -1,  447, 516,  187.0,  21,  Nuc1968617,  2932,  0, 0, 0, , 0, 0, 0, 0, 0,
481,  1,  450,  522,  -1,  558, 657,  168.0,  21,  Nuc1968854,  3341,  0, 0, 0, , 0, 0, 0, 0, 0,
482,  1,  451,  523,  -1,  587, 623,  161.0,  23,  Nuc1968897,  1816,  0, 0, 0, , 0, 0, 0, 0, 0,
483,  1,  452,  524,  -1,  596, 534,  170.0,  21,  Nuc2004978,  4405,  0, 0, 0, , 0, 0, 0, 0, 0,
484,  1,  453,  525,  -1,  581, 566,  163.0,  21,  Nuc2006250,  2149,  0, 0, 0, , 0, 0, 0, 0, 0,
485,  1,  454,  526,  -1,  412, 786,  162.0,  21,  Nuc2009263,  1379,  0, 0, 0, , 0, 0, 0, 0, 0,
486,  1,  455,  527,  -1,  385, 767,  163.0,  21,  Nuc2009286,  1303,  0, 0, 0, , 0, 0, 0, 0, 0,
487,  1,  456,  528,  -1,  545, 467,  160.0,  19,  Nuc2012802,  1129,  0, 0, 0, , 0, 0, 0, 0, 0,
488,  1,  457,  529,  -1,  556, 508,  166.0,  21,  Nuc2014914,  3021,  0, 0, 0, , 0, 0, 0, 0, 0,
489,  1,  458,  530,  -1,  467, 380,  166.0,  21,  Nuc2021761,  997,  0, 0, 0, , 0, 0, 0, 0, 0,
490,  1,  459,  531,  -1,  513, 390,  165.0,  21,  Nuc2021937,  1736,  0, 0, 0, , 0, 0, 0, 0, 0,
491,  1,  460,  532,  -1,  539, 375,  155.0,  21,  Nuc2023773,  2508,  0, 0, 0, , 0, 0, 0, 0, 0,
492,  1,  461,  533,  534,  574, 430,  158.0,  21,  Nuc2024314,  1940,  0, 0, 0, , 0, 0, 0, 0, 0,
493,  1,  462,  535,  -1,  559, 409,  167.0,  21,  Nuc2027284,  1645,  0, 0, 0, , 0, 0, 0, 0, 0,
494,  1,  463,  536,  -1,  583, 462,  167.0,  21,  Nuc2034702,  3640,  0, 0, 0, , 0, 0, 0, 0, 0,
495,  1,  464,  537,  -1,  681, 513,  157.0,  21,  Nuc2034849,  5289,  0, 0, 0, , 0, 0, 0, 0, 0,
496,  1,  465,  538,  -1,  597, 475,  148.0,  21,  Nuc2054053,  1606,  0, 0, 0, , 0, 0, 0, 0, 0,
497,  1,  466,  539,  -1,  564, 511,  159.0,  21,  Nuc2054439,  2537,  0, 0, 0, , 0, 0, 0, 0, 0,
498,  1,  466,  540,  -1,  611, 514,  157.0,  21,  Nuc2054520,  2148,  0, 0, 0, , 0, 0, 0, 0, 0,
499,  1,  467,  541,  -1,  364, 438,  154.0,  21,  Nuc2064319,  748,  0, 0, 0, , 0, 0, 0, 0, 0,
500,  1,  468,  542,  -1,  314, 433,  153.0,  21,  Nuc2064385,  1528,  0, 0, 0, , 0, 0, 0, 0, 0,
501,  1,  469,  543,  -1,  251, 636,  152.0,  21,  Nuc2064593,  1828,  0, 0, 0, , 0, 0, 0, 0, 0,
502,  1,  470,  544,  -1,  442, 378,  138.0,  23,  Nuc2064833,  2177,  0, 0, 0, , 0, 0, 0, 0, 0,
503,  1,  471,  545,  -1,  437, 325,  135.0,  21,  Nuc2064916,  1647,  0, 0, 0, , 0, 0, 0, 0, 0,
504,  1,  473,  546,  -1,  343, 560,  182.0,  21,  Nuc2070385,  1973,  0, 0, 0, , 0, 0, 0, 0, 0,
505,  1,  474,  547,  -1,  293, 569,  167.0,  21,  Nuc2070526,  2796,  0, 0, 0, , 0, 0, 0, 0, 0,
506,  1,  475,  548,  -1,  360, 812,  117.0,  21,  Nuc2070800,  2166,  0, 0, 0, , 0, 0, 0, 0, 0,
507,  1,  477,  549,  -1,  332, 849,  107.0,  21,  Nuc2071278,  1371,  0, 0, 0, , 0, 0, 0, 0, 0,
508,  1,  478,  550,  551,  387, 845,  106.0,  21,  Nuc2071376,  1320,  0, 0, 0, , 0, 0, 0, 0, 0,
509,  1,  479,  552,  -1,  372, 902,  107.0,  21,  Nuc2079172,  2189,  0, 0, 0, , 0, 0, 0, 0, 0,
510,  1,  480,  553,  -1,  285, 368,  157.0,  21,  Nuc2080855,  1552,  0, 0, 0, , 0, 0, 0, 0, 0,
511,  1,  481,  554,  -1,  216, 391,  144.0,  21,  Nuc2080917,  961,  0, 0, 0, , 0, 0, 0, 0, 0,
512,  1,  482,  555,  -1,  248, 350,  147.0,  21,  Nuc2081020,  789,  0, 0, 0, , 0, 0, 0, 0, 0,
513,  1,  483,  556,  -1,  302, 523,  172.0,  21,  Nuc2081080,  2452,  0, 0, 0, , 0, 0, 0, 0, 0,
514,  1,  484,  557,  -1,  403, 505,  168.0,  21,  Nuc2081315,  1347,  0, 0, 0, , 0, 0, 0, 0, 0,
515,  1,  485,  558,  -1,  411, 572,  167.0,  19,  Nuc2082009,  1697,  0, 0, 0, , 0, 0, 0, 0, 0,
516,  1,  486,  559,  -1,  344, 562,  175.0,  19,  Nuc2083623,  771,  0, 0, 0, , 0, 0, 0, 0, 0,
517,  1,  487,  -1,  -1,  358, 539,  169.0,  19,  Nuc2083695,  218,  0, 0, 0, , 0, 0, 0, 0, 0,
518,  1,  487,  560,  -1,  382, 560,  168.0,  19,  Nuc2083696,  1453,  0, 0, 0, , 0, 0, 0, 0, 0,
519,  1,  488,  561,  -1,  361, 493,  162.0,  21,  Nuc2084636,  945,  0, 0, 0, , 0, 0, 0, 0, 0,
520,  1,  489,  562,  -1,  417, 856,  125.0,  21,  Nuc2084917,  1590,  0, 0, 0, , 0, 0, 0, 0, 0,
521,  1,  490,  563,  -1,  375, 887,  119.0,  21,  Nuc2087974,  1998,  0, 0, 0, , 0, 0, 0, 0, 0,
522,  1,  491,  564,  -1,  344, 506,  183.0,  21,  Nuc2088528,  2468,  0, 0, 0, , 0, 0, 0, 0, 0,
523,  1,  491,  -1,  -1,  344, 500,  179.0,  21,  Nuc2088532,  3110,  0, 0, 0, , 0, 0, 0, 0, 0,
524,  1,  492,  565,  -1,  400, 406,  179.0,  23,  Nuc2088548,  2009,  0, 0, 0, , 0, 0, 0, 0, 0,
525,  1,  493,  566,  -1,  373, 457,  172.0,  21,  Nuc2088673,  742,  0, 0, 0, , 0, 0, 0, 0, 0,
526,  1,  493,  -1,  -1,  335, 455,  178.0,  21,  Nuc2088773,  963,  0, 0, 0, , 0, 0, 0, 0, 0,
527,  1,  495,  567,  -1,  569, 719,  137.0,  21,  Nuc2088821,  1741,  0, 0, 0, , 0, 0, 0, 0, 0,
528,  1,  496,  568,  -1,  546, 765,  129.0,  21,  Nuc2111010,  1220,  0, 0, 0, , 0, 0, 0, 0, 0,
529,  1,  499,  569,  -1,  332, 540,  153.0,  21,  Nuc2132903,  1028,  0, 0, 0, , 0, 0, 0, 0, 0,
530,  1,  500,  570,  -1,  280, 610,  157.0,  23,  Nuc2133158,  709,  0, 0, 0, , 0, 0, 0, 0, 0,
531,  1,  500,  571,  -1,  290, 575,  157.0,  21,  Nuc2134367,  1979,  0, 0, 0, , 0, 0, 0, 0, 0,
532,  1,  502,  -1,  -1,  275, 528,  152.0,  21,  Nuc2134962,  1537,  0, 0, 0, , 0, 0, 0, 0, 0,
533,  1,  504,  572,  -1,  502, 627,  142.0,  21,  Nuc2134998,  740,  0, 0, 0, , 0, 0, 0, 0, 0,
534,  1,  505,  573,  574,  457, 678,  148.0,  23,  Nuc2135021,  620,  0, 0, 0, , 0, 0, 0, 0, 0,
535,  1,  505,  575,  -1,  508, 667,  145.0,  23,  Nuc2144210,  1632,  0, 0, 0, , 0, 0, 0, 0, 0,
536,  1,  506,  -1,  -1,  269, 435,  148.0,  21,  Nuc2160237,  461,  0, 0, 0, , 0, 0, 0, 0, 0,
537,  1,  507,  576,  -1,  267, 380,  138.0,  21,  Nuc2160252,  1463,  0, 0, 0, , 0, 0, 0, 0, 0,
538,  1,  508,  577,  -1,  296, 384,  147.0,  21,  Nuc2160619,  468,  0, 0, 0, , 0, 0, 0, 0, 0,
539,  1,  508,  578,  -1,  366, 319,  150.0,  21,  Nuc2160892,  472,  0, 0, 0, , 0, 0, 0, 0, 0,
540,  1,  509,  579,  -1,  308, 183,  111.0,  21,  Nuc2161906,  904,  0, 0, 0, , 0, 0, 0, 0, 0,
541,  1,  510,  -1,  -1,  354, 193,  114.0,  21,  Nuc2162693,  1881,  0, 0, 0, , 0, 0, 0, 0, 0,
542,  1,  512,  -1,  -1,  324, 219,  126.0,  21,  Nuc2162719,  1743,  0, 0, 0, , 0, 0, 0, 0, 0,
543,  1,  513,  -1,  -1,  306, 542,  147.0,  21,  Nuc2162737,  466,  0, 0, 0, , 0, 0, 0, 0, 0,
544,  1,  516,  580,  -1,  272, 513,  141.0,  21,  Nuc2162754,  863,  0, 0, 0, , 0, 0, 0, 0, 0,
545,  1,  517,  581,  -1,  271, 375,  125.0,  21,  Nuc2162929,  1499,  0, 0, 0, , 0, 0, 0, 0, 0,
546,  1,  520,  -1,  -1,  212, 618,  142.0,  21,  Nuc2163414,  625,  0, 0, 0, , 0, 0, 0, 0, 0,
547,  1,  521,  582,  -1,  362, 937,  85.0,  21,  Nuc2163432,  612,  0, 0, 0, , 0, 0, 0, 0, 0,
548,  1,  524,  583,  584,  326, 517,  130.0,  23,  Nuc2164077,  263,  0, 0, 0, , 0, 0, 0, 0, 0,
549,  1,  526,  585,  -1,  308, 756,  131.0,  21,  Nuc2167052,  728,  0, 0, 0, , 0, 0, 0, 0, 0,
550,  1,  527,  586,  -1,  324, 672,  149.0,  21,  Nuc2167167,  1480,  0, 0, 0, , 0, 0, 0, 0, 0,
551,  1,  528,  587,  -1,  323, 719,  143.0,  21,  Nuc2167199,  2288,  0, 0, 0, , 0, 0, 0, 0, 0,
552,  1,  532,  588,  -1,  366, 675,  143.0,  21,  Nuc2168649,  231,  0, 0, 0, , 0, 0, 0, 0, 0,
553,  1,  533,  589,  590,  358, 394,  145.0,  21,  Nuc2168960,  736,  0, 0, 0, , 0, 0, 0, 0, 0,
554,  1,  -1,  -1,  -1,  406, 741,  119.0,  21,  Nuc2169287,  1010,  0, 0, 0, , 0, 0, 0, 0, 0,
555,  1,  -1,  591,  592,  615, 393,  129.0,  23,  Nuc2169288,  854,  0, 0, 0, , 0, 0, 0, 0, 0,
556,  1,  -1,  593,  -1,  551, 730,  150.0,  19,  Nuc2169563,  1615,  0, 0, 0, , 0, 0, 0, 0, 0,
557,  1,  -1,  594,  -1,  454, 632,  153.0,  23,  Nuc2172452,  1551,  0, 0, 0, , 0, 0, 0, 0, 0,
558,  1,  -1,  595,  -1,  358, 282,  158.0,  21,  Nuc2172895,  770,  0, 0, 0, , 0, 0, 0, 0, 0,
