1,  1,  1,  1,  2,  541, 974,  86.0,  27,  Nuc77,  2371,  0, 0, 0, , 0, 0, 0, 0, 0,
2,  1,  2,  3,  4,  520, 917,  96.0,  35,  Nuc5293,  3956,  0, 0, 0, , 0, 0, 0, 0, 0,
3,  1,  3,  5,  6,  442, 956,  87.0,  23,  Nuc7246,  1794,  0, 0, 0, , 0, 0, 0, 0, 0,
4,  1,  4,  7,  8,  431, 805,  128.0,  21,  Nuc9535,  245,  0, 0, 0, , 0, 0, 0, 0, 0,
5,  1,  5,  9,  10,  404, 783,  115.0,  21,  Nuc24046,  445,  0, 0, 0, , 0, 0, 0, 0, 0,
6,  1,  6,  -1,  -1,  433, 850,  106.0,  23,  Nuc24140,  2545,  0, 0, 0, , 0, 0, 0, 0, 0,
7,  1,  7,  11,  -1,  477, 876,  106.0,  21,  Nuc24166,  2232,  0, 0, 0, , 0, 0, 0, 0, 0,
8,  1,  8,  12,  13,  424, 914,  106.0,  21,  Nuc26097,  2648,  0, 0, 0, , 0, 0, 0, 0, 0,
9,  1,  9,  14,  -1,  483, 938,  107.0,  21,  Nuc28690,  1530,  0, 0, 0, , 0, 0, 0, 0, 0,
10,  1,  10,  15,  -1,  776, 881,  98.0,  21,  Nuc29684,  1456,  0, 0, 0, , 0, 0, 0, 0, 0,
11,  1,  10,  16,  -1,  782, 901,  93.0,  21,  Nuc31213,  1200,  0, 0, 0, , 0, 0, 0, 0, 0,
12,  1,  11,  17,  18,  722, 907,  101.0,  27,  Nuc34370,  4459,  0, 0, 0, , 0, 0, 0, 0, 0,
13,  1,  12,  19,  20,  670, 902,  113.0,  21,  Nuc37595,  1995,  0, 0, 0, , 0, 0, 0, 0, 0,
14,  1,  13,  21,  -1,  639, 844,  114.0,  21,  Nuc40158,  1023,  0, 0, 0, , 0, 0, 0, 0, 0,
15,  1,  14,  22,  -1,  682, 849,  110.0,  23,  Nuc40700,  1071,  0, 0, 0, , 0, 0, 0, 0, 0,
16,  1,  15,  23,  -1,  616, 902,  106.0,  21,  Nuc47899,  1223,  0, 0, 0, , 0, 0, 0, 0, 0,
17,  1,  15,  24,  -1,  632, 910,  105.0,  23,  Nuc48006,  1660,  0, 0, 0, , 0, 0, 0, 0, 0,
18,  1,  16,  25,  26,  595, 945,  100.0,  21,  Nuc49717,  1651,  0, 0, 0, , 0, 0, 0, 0, 0,
19,  1,  17,  27,  -1,  694, 918,  91.0,  21,  Nuc51570,  1471,  0, 0, 0, , 0, 0, 0, 0, 0,
20,  1,  17,  28,  -1,  701, 936,  88.0,  25,  Nuc59201,  1634,  0, 0, 0, , 0, 0, 0, 0, 0,
21,  1,  18,  29,  30,  627, 954,  88.0,  27,  Nuc61189,  3984,  0, 0, 0, , 0, 0, 0, 0, 0,
22,  1,  19,  31,  -1,  630, 877,  134.0,  21,  Nuc64016,  1565,  0, 0, 0, , 0, 0, 0, 0, 0,
23,  1,  20,  32,  -1,  602, 849,  135.0,  21,  Nuc64636,  1456,  0, 0, 0, , 0, 0, 0, 0, 0,
24,  1,  21,  33,  -1,  597, 773,  131.0,  21,  Nuc65788,  2399,  0, 0, 0, , 0, 0, 0, 0, 0,
25,  1,  22,  34,  -1,  574, 816,  133.0,  21,  Nuc65969,  1610,  0, 0, 0, , 0, 0, 0, 0, 0,
26,  1,  23,  35,  -1,  531, 950,  100.0,  21,  Nuc69357,  1395,  0, 0, 0, , 0, 0, 0, 0, 0,
27,  1,  23,  36,  -1,  534, 919,  106.0,  21,  Nuc69388,  1891,  0, 0, 0, , 0, 0, 0, 0, 0,
28,  1,  24,  37,  -1,  529, 857,  110.0,  21,  Nuc70683,  1475,  0, 0, 0, , 0, 0, 0, 0, 0,
29,  1,  24,  38,  39,  554, 867,  108.0,  21,  Nuc73676,  1373,  0, 0, 0, , 0, 0, 0, 0, 0,
30,  1,  25,  40,  -1,  620, 766,  120.0,  21,  Nuc73740,  2037,  0, 0, 0, , 0, 0, 0, 0, 0,
31,  1,  26,  41,  -1,  597, 826,  113.0,  23,  Nuc74224,  1783,  0, 0, 0, , 0, 0, 0, 0, 0,
32,  1,  27,  42,  -1,  554, 816,  116.0,  21,  Nuc74261,  493,  0, 0, 0, , 0, 0, 0, 0, 0,
33,  1,  28,  43,  -1,  624, 862,  123.0,  21,  Nuc76209,  1767,  0, 0, 0, , 0, 0, 0, 0, 0,
34,  1,  29,  44,  -1,  577, 869,  121.0,  21,  Nuc81741,  3256,  0, 0, 0, , 0, 0, 0, 0, 0,
35,  1,  29,  45,  -1,  573, 878,  117.0,  21,  Nuc87915,  3256,  0, 0, 0, , 0, 0, 0, 0, 0,
36,  1,  30,  46,  -1,  583, 930,  113.0,  21,  Nuc88093,  1135,  0, 0, 0, , 0, 0, 0, 0, 0,
37,  1,  30,  47,  -1,  610, 921,  117.0,  21,  Nuc89177,  1351,  0, 0, 0, , 0, 0, 0, 0, 0,
38,  1,  31,  48,  49,  474, 826,  115.0,  21,  Nuc90608,  474,  0, 0, 0, , 0, 0, 0, 0, 0,
39,  1,  32,  50,  -1,  540, 839,  129.0,  21,  Nuc102473,  2313,  0, 0, 0, , 0, 0, 0, 0, 0,
40,  1,  33,  51,  52,  473, 835,  127.0,  21,  Nuc126699,  1535,  0, 0, 0, , 0, 0, 0, 0, 0,
41,  1,  34,  53,  -1,  502, 803,  129.0,  21,  Nuc143948,  1646,  0, 0, 0, , 0, 0, 0, 0, 0,
42,  1,  35,  54,  -1,  550, 909,  125.0,  21,  Nuc144330,  1124,  0, 0, 0, , 0, 0, 0, 0, 0,
43,  1,  36,  55,  -1,  526, 865,  123.0,  21,  Nuc145877,  1068,  0, 0, 0, , 0, 0, 0, 0, 0,
44,  1,  37,  56,  -1,  529, 919,  120.0,  21,  Nuc146063,  446,  0, 0, 0, , 0, 0, 0, 0, 0,
45,  1,  38,  57,  58,  493, 878,  117.0,  21,  Nuc146863,  1965,  0, 0, 0, , 0, 0, 0, 0, 0,
46,  1,  39,  59,  -1,  450, 910,  120.0,  21,  Nuc148250,  1700,  0, 0, 0, , 0, 0, 0, 0, 0,
47,  1,  40,  60,  -1,  521, 865,  138.0,  21,  Nuc148374,  1837,  0, 0, 0, , 0, 0, 0, 0, 0,
48,  1,  41,  61,  -1,  478, 881,  131.0,  23,  Nuc152049,  3040,  0, 0, 0, , 0, 0, 0, 0, 0,
49,  1,  43,  62,  -1,  665, 785,  129.0,  23,  Nuc152923,  1376,  0, 0, 0, , 0, 0, 0, 0, 0,
50,  1,  44,  63,  -1,  667, 788,  117.0,  21,  Nuc161548,  1746,  0, 0, 0, , 0, 0, 0, 0, 0,
51,  1,  45,  64,  -1,  697, 739,  130.0,  21,  Nuc170133,  1886,  0, 0, 0, , 0, 0, 0, 0, 0,
52,  1,  46,  65,  -1,  691, 879,  122.0,  21,  Nuc173396,  1979,  0, 0, 0, , 0, 0, 0, 0, 0,
53,  1,  47,  66,  -1,  673, 837,  123.0,  21,  Nuc174605,  1996,  0, 0, 0, , 0, 0, 0, 0, 0,
54,  1,  48,  67,  -1,  737, 839,  128.0,  21,  Nuc182370,  2036,  0, 0, 0, , 0, 0, 0, 0, 0,
55,  1,  49,  68,  -1,  695, 845,  135.0,  21,  Nuc186069,  1794,  0, 0, 0, , 0, 0, 0, 0, 0,
56,  1,  50,  69,  -1,  720, 801,  132.0,  21,  Nuc186486,  2110,  0, 0, 0, , 0, 0, 0, 0, 0,
57,  1,  51,  70,  -1,  722, 736,  144.0,  21,  Nuc190578,  2098,  0, 0, 0, , 0, 0, 0, 0, 0,
58,  1,  52,  71,  -1,  726, 783,  145.0,  21,  Nuc197462,  1978,  0, 0, 0, , 0, 0, 0, 0, 0,
59,  1,  53,  72,  -1,  648, 763,  154.0,  21,  Nuc200257,  2354,  0, 0, 0, , 0, 0, 0, 0, 0,
60,  1,  54,  73,  -1,  668, 770,  142.0,  21,  Nuc201652,  1733,  0, 0, 0, , 0, 0, 0, 0, 0,
61,  1,  55,  74,  -1,  670, 840,  141.0,  21,  Nuc205711,  1922,  0, 0, 0, , 0, 0, 0, 0, 0,
62,  1,  56,  75,  -1,  604, 836,  145.0,  23,  Nuc208544,  2094,  0, 0, 0, , 0, 0, 0, 0, 0,
63,  1,  57,  76,  -1,  635, 811,  139.0,  21,  Nuc209348,  1481,  0, 0, 0, , 0, 0, 0, 0, 0,
64,  1,  58,  77,  -1,  830, 734,  116.0,  21,  Nuc209776,  1397,  0, 0, 0, , 0, 0, 0, 0, 0,
65,  1,  58,  78,  -1,  813, 765,  116.0,  21,  Nuc212305,  1763,  0, 0, 0, , 0, 0, 0, 0, 0,
66,  1,  59,  79,  -1,  859, 777,  113.0,  21,  Nuc214943,  2520,  0, 0, 0, , 0, 0, 0, 0, 0,
67,  1,  60,  80,  -1,  866, 775,  100.0,  21,  Nuc215672,  1580,  0, 0, 0, , 0, 0, 0, 0, 0,
68,  1,  60,  81,  -1,  882, 798,  97.0,  21,  Nuc216501,  1738,  0, 0, 0, , 0, 0, 0, 0, 0,
69,  1,  61,  82,  -1,  824, 829,  101.0,  21,  Nuc220675,  1245,  0, 0, 0, , 0, 0, 0, 0, 0,
70,  1,  61,  83,  -1,  835, 853,  97.0,  21,  Nuc225644,  1544,  0, 0, 0, , 0, 0, 0, 0, 0,
71,  1,  62,  84,  -1,  780, 823,  125.0,  21,  Nuc230391,  1954,  0, 0, 0, , 0, 0, 0, 0, 0,
72,  1,  62,  85,  -1,  800, 808,  123.0,  21,  Nuc230607,  1632,  0, 0, 0, , 0, 0, 0, 0, 0,
73,  1,  63,  86,  -1,  711, 757,  121.0,  21,  Nuc230688,  2157,  0, 0, 0, , 0, 0, 0, 0, 0,
74,  1,  64,  87,  -1,  723, 810,  116.0,  21,  Nuc240525,  1510,  0, 0, 0, , 0, 0, 0, 0, 0,
75,  1,  65,  88,  -1,  758, 781,  117.0,  21,  Nuc242587,  1723,  0, 0, 0, , 0, 0, 0, 0, 0,
76,  1,  66,  89,  -1,  730, 853,  112.0,  21,  Nuc248286,  1224,  0, 0, 0, , 0, 0, 0, 0, 0,
77,  1,  66,  90,  -1,  739, 878,  114.0,  21,  Nuc248519,  1555,  0, 0, 0, , 0, 0, 0, 0, 0,
78,  1,  67,  91,  -1,  787, 817,  112.0,  21,  Nuc249187,  1638,  0, 0, 0, , 0, 0, 0, 0, 0,
79,  1,  67,  92,  -1,  798, 849,  112.0,  21,  Nuc250894,  1679,  0, 0, 0, , 0, 0, 0, 0, 0,
80,  1,  68,  93,  -1,  775, 209,  111.0,  21,  Nuc251897,  1308,  0, 0, 0, , 0, 0, 0, 0, 0,
81,  1,  68,  94,  -1,  782, 193,  104.0,  21,  Nuc253906,  1206,  0, 0, 0, , 0, 0, 0, 0, 0,
82,  1,  69,  95,  -1,  818, 254,  103.0,  21,  Nuc255972,  1169,  0, 0, 0, , 0, 0, 0, 0, 0,
83,  1,  70,  96,  -1,  827, 223,  98.0,  21,  Nuc258837,  1459,  0, 0, 0, , 0, 0, 0, 0, 0,
84,  1,  71,  97,  -1,  635, 275,  115.0,  21,  Nuc260726,  1017,  0, 0, 0, , 0, 0, 0, 0, 0,
85,  1,  72,  98,  -1,  622, 236,  114.0,  21,  Nuc260773,  1002,  0, 0, 0, , 0, 0, 0, 0, 0,
86,  1,  73,  99,  -1,  690, 190,  111.0,  21,  Nuc261269,  1283,  0, 0, 0, , 0, 0, 0, 0, 0,
87,  1,  73,  100,  -1,  706, 172,  105.0,  21,  Nuc263305,  1310,  0, 0, 0, , 0, 0, 0, 0, 0,
88,  1,  74,  101,  102,  680, 222,  134.0,  23,  Nuc264772,  2262,  0, 0, 0, , 0, 0, 0, 0, 0,
89,  1,  75,  103,  -1,  594, 254,  128.0,  21,  Nuc268210,  1478,  0, 0, 0, , 0, 0, 0, 0, 0,
90,  1,  76,  104,  -1,  637, 245,  131.0,  21,  Nuc269134,  1120,  0, 0, 0, , 0, 0, 0, 0, 0,
91,  1,  77,  105,  -1,  597, 197,  124.0,  21,  Nuc271251,  1846,  0, 0, 0, , 0, 0, 0, 0, 0,
92,  1,  77,  106,  -1,  631, 177,  124.0,  21,  Nuc272272,  1338,  0, 0, 0, , 0, 0, 0, 0, 0,
93,  1,  78,  107,  -1,  708, 203,  122.0,  21,  Nuc272794,  2123,  0, 0, 0, , 0, 0, 0, 0, 0,
94,  1,  79,  108,  109,  550, 269,  134.0,  21,  Nuc274998,  1708,  0, 0, 0, , 0, 0, 0, 0, 0,
95,  1,  80,  110,  -1,  574, 315,  139.0,  23,  Nuc280433,  1504,  0, 0, 0, , 0, 0, 0, 0, 0,
96,  1,  80,  111,  -1,  528, 334,  142.0,  21,  Nuc281668,  1297,  0, 0, 0, , 0, 0, 0, 0, 0,
97,  1,  81,  112,  -1,  514, 276,  143.0,  21,  Nuc281714,  1578,  0, 0, 0, , 0, 0, 0, 0, 0,
98,  1,  82,  113,  -1,  577, 211,  142.0,  21,  Nuc283144,  1363,  0, 0, 0, , 0, 0, 0, 0, 0,
99,  1,  83,  114,  -1,  609, 205,  137.0,  21,  Nuc283746,  1568,  0, 0, 0, , 0, 0, 0, 0, 0,
100,  1,  84,  115,  -1,  621, 248,  145.0,  21,  Nuc285952,  1774,  0, 0, 0, , 0, 0, 0, 0, 0,
101,  1,  85,  116,  -1,  615, 292,  142.0,  23,  Nuc286970,  822,  0, 0, 0, , 0, 0, 0, 0, 0,
102,  1,  86,  117,  118,  539, 228,  115.0,  21,  Nuc293770,  1352,  0, 0, 0, , 0, 0, 0, 0, 0,
103,  1,  87,  119,  -1,  530, 211,  129.0,  19,  Nuc293856,  672,  0, 0, 0, , 0, 0, 0, 0, 0,
104,  1,  88,  120,  -1,  547, 175,  127.0,  21,  Nuc302894,  1254,  0, 0, 0, , 0, 0, 0, 0, 0,
105,  1,  89,  121,  -1,  628, 142,  106.0,  21,  Nuc306846,  1257,  0, 0, 0, , 0, 0, 0, 0, 0,
106,  1,  89,  122,  -1,  611, 147,  112.0,  21,  Nuc308453,  1103,  0, 0, 0, , 0, 0, 0, 0, 0,
107,  1,  90,  123,  -1,  575, 139,  111.0,  21,  Nuc310964,  1273,  0, 0, 0, , 0, 0, 0, 0, 0,
108,  1,  90,  124,  -1,  581, 125,  104.0,  21,  Nuc312711,  1172,  0, 0, 0, , 0, 0, 0, 0, 0,
109,  1,  91,  125,  -1,  861, 299,  107.0,  21,  Nuc314336,  1577,  0, 0, 0, , 0, 0, 0, 0, 0,
110,  1,  92,  126,  -1,  853, 317,  114.0,  21,  Nuc316091,  1297,  0, 0, 0, , 0, 0, 0, 0, 0,
111,  1,  93,  127,  -1,  884, 343,  105.0,  21,  Nuc317275,  1481,  0, 0, 0, , 0, 0, 0, 0, 0,
112,  1,  94,  128,  -1,  908, 313,  100.0,  21,  Nuc323759,  1467,  0, 0, 0, , 0, 0, 0, 0, 0,
113,  1,  95,  129,  -1,  914, 468,  106.0,  21,  Nuc326422,  1555,  0, 0, 0, , 0, 0, 0, 0, 0,
114,  1,  96,  130,  -1,  956, 467,  103.0,  21,  Nuc327895,  1574,  0, 0, 0, , 0, 0, 0, 0, 0,
115,  1,  97,  131,  -1,  948, 394,  104.0,  21,  Nuc330220,  1731,  0, 0, 0, , 0, 0, 0, 0, 0,
116,  1,  98,  132,  -1,  929, 386,  111.0,  21,  Nuc341940,  1636,  0, 0, 0, , 0, 0, 0, 0, 0,
117,  1,  99,  133,  -1,  786, 292,  118.0,  23,  Nuc343688,  1820,  0, 0, 0, , 0, 0, 0, 0, 0,
118,  1,  100,  134,  -1,  827, 277,  118.0,  21,  Nuc347242,  1728,  0, 0, 0, , 0, 0, 0, 0, 0,
119,  1,  101,  135,  -1,  779, 299,  138.0,  21,  Nuc348467,  1883,  0, 0, 0, , 0, 0, 0, 0, 0,
120,  1,  102,  136,  -1,  767, 330,  133.0,  23,  Nuc349293,  1648,  0, 0, 0, , 0, 0, 0, 0, 0,
121,  1,  103,  137,  -1,  848, 333,  129.0,  21,  Nuc359699,  1722,  0, 0, 0, , 0, 0, 0, 0, 0,
122,  1,  104,  138,  -1,  792, 374,  125.0,  21,  Nuc361737,  2056,  0, 0, 0, , 0, 0, 0, 0, 0,
123,  1,  105,  139,  -1,  832, 365,  121.0,  21,  Nuc368374,  1571,  0, 0, 0, , 0, 0, 0, 0, 0,
124,  1,  106,  140,  -1,  799, 379,  136.0,  21,  Nuc370620,  1923,  0, 0, 0, , 0, 0, 0, 0, 0,
125,  1,  107,  141,  -1,  806, 371,  146.0,  21,  Nuc382510,  2175,  0, 0, 0, , 0, 0, 0, 0, 0,
126,  1,  108,  142,  -1,  744, 322,  147.0,  21,  Nuc382958,  1833,  0, 0, 0, , 0, 0, 0, 0, 0,
127,  1,  109,  143,  -1,  749, 355,  153.0,  21,  Nuc383511,  2221,  0, 0, 0, , 0, 0, 0, 0, 0,
128,  1,  110,  144,  -1,  716, 370,  143.0,  21,  Nuc386098,  2418,  0, 0, 0, , 0, 0, 0, 0, 0,
129,  1,  111,  145,  -1,  749, 398,  140.0,  21,  Nuc387974,  2388,  0, 0, 0, , 0, 0, 0, 0, 0,
130,  1,  112,  146,  -1,  754, 329,  124.0,  23,  Nuc391886,  1460,  0, 0, 0, , 0, 0, 0, 0, 0,
131,  1,  113,  147,  -1,  744, 385,  127.0,  21,  Nuc402983,  2159,  0, 0, 0, , 0, 0, 0, 0, 0,
132,  1,  114,  148,  -1,  706, 364,  127.0,  21,  Nuc406098,  1583,  0, 0, 0, , 0, 0, 0, 0, 0,
133,  1,  115,  149,  -1,  679, 324,  141.0,  21,  Nuc406987,  2355,  0, 0, 0, , 0, 0, 0, 0, 0,
134,  1,  116,  150,  -1,  673, 279,  140.0,  21,  Nuc421997,  2332,  0, 0, 0, , 0, 0, 0, 0, 0,
135,  1,  117,  151,  -1,  678, 268,  125.0,  21,  Nuc424214,  2008,  0, 0, 0, , 0, 0, 0, 0, 0,
136,  1,  118,  152,  -1,  704, 306,  127.0,  21,  Nuc432204,  1198,  0, 0, 0, , 0, 0, 0, 0, 0,
137,  1,  119,  153,  -1,  753, 270,  137.0,  21,  Nuc441257,  1825,  0, 0, 0, , 0, 0, 0, 0, 0,
138,  1,  120,  154,  -1,  744, 267,  123.0,  21,  Nuc442524,  1699,  0, 0, 0, , 0, 0, 0, 0, 0,
139,  1,  121,  155,  -1,  781, 243,  123.0,  21,  Nuc444155,  1550,  0, 0, 0, , 0, 0, 0, 0, 0,
140,  1,  122,  156,  157,  393, 149,  112.0,  21,  Nuc445528,  1346,  0, 0, 0, , 0, 0, 0, 0, 0,
141,  1,  124,  158,  159,  414, 183,  126.0,  33,  Nuc450589,  4585,  0, 0, 0, , 0, 0, 0, 0, 0,
142,  1,  125,  160,  161,  369, 254,  138.0,  19,  Nuc451871,  522,  0, 0, 0, , 0, 0, 0, 0, 0,
143,  1,  125,  162,  -1,  358, 215,  138.0,  21,  Nuc452156,  1728,  0, 0, 0, , 0, 0, 0, 0, 0,
144,  1,  126,  163,  164,  387, 281,  144.0,  21,  Nuc452235,  1127,  0, 0, 0, , 0, 0, 0, 0, 0,
145,  1,  127,  165,  -1,  451, 153,  114.0,  21,  Nuc454691,  1187,  0, 0, 0, , 0, 0, 0, 0, 0,
146,  1,  127,  166,  -1,  459, 136,  110.0,  21,  Nuc454931,  430,  0, 0, 0, , 0, 0, 0, 0, 0,
147,  1,  128,  167,  168,  512, 149,  116.0,  21,  Nuc454952,  1382,  0, 0, 0, , 0, 0, 0, 0, 0,
148,  1,  128,  169,  -1,  512, 133,  110.0,  21,  Nuc456047,  1034,  0, 0, 0, , 0, 0, 0, 0, 0,
149,  1,  129,  170,  -1,  481, 181,  124.0,  21,  Nuc457667,  1387,  0, 0, 0, , 0, 0, 0, 0, 0,
150,  1,  130,  171,  -1,  471, 311,  145.0,  19,  Nuc460167,  1715,  0, 0, 0, , 0, 0, 0, 0, 0,
151,  1,  131,  172,  -1,  467, 264,  146.0,  21,  Nuc462007,  1772,  0, 0, 0, , 0, 0, 0, 0, 0,
152,  1,  132,  173,  174,  441, 236,  131.0,  19,  Nuc462241,  1376,  0, 0, 0, , 0, 0, 0, 0, 0,
153,  1,  133,  175,  176,  456, 192,  135.0,  21,  Nuc462397,  2490,  0, 0, 0, , 0, 0, 0, 0, 0,
154,  1,  134,  177,  -1,  512, 200,  138.0,  21,  Nuc465738,  2106,  0, 0, 0, , 0, 0, 0, 0, 0,
155,  1,  135,  178,  -1,  912, 649,  127.0,  21,  Nuc466309,  1969,  0, 0, 0, , 0, 0, 0, 0, 0,
156,  1,  136,  179,  -1,  866, 646,  119.0,  21,  Nuc466618,  1957,  0, 0, 0, , 0, 0, 0, 0, 0,
157,  1,  137,  180,  -1,  904, 639,  114.0,  21,  Nuc476193,  1934,  0, 0, 0, , 0, 0, 0, 0, 0,
158,  1,  138,  181,  -1,  950, 686,  106.0,  21,  Nuc478802,  1636,  0, 0, 0, , 0, 0, 0, 0, 0,
159,  1,  139,  182,  -1,  955, 684,  97.0,  21,  Nuc480115,  1906,  0, 0, 0, , 0, 0, 0, 0, 0,
160,  1,  140,  183,  -1,  956, 621,  111.0,  21,  Nuc487395,  1970,  0, 0, 0, , 0, 0, 0, 0, 0,
161,  1,  141,  184,  -1,  972, 622,  104.0,  21,  Nuc493859,  1599,  0, 0, 0, , 0, 0, 0, 0, 0,
162,  1,  142,  185,  -1,  859, 734,  129.0,  21,  Nuc497675,  1598,  0, 0, 0, , 0, 0, 0, 0, 0,
163,  1,  143,  186,  -1,  807, 710,  128.0,  21,  Nuc500834,  2060,  0, 0, 0, , 0, 0, 0, 0, 0,
164,  1,  144,  187,  -1,  769, 724,  119.0,  21,  Nuc510940,  2435,  0, 0, 0, , 0, 0, 0, 0, 0,
165,  1,  145,  188,  -1,  866, 697,  131.0,  21,  Nuc526953,  1864,  0, 0, 0, , 0, 0, 0, 0, 0,
166,  1,  146,  189,  -1,  825, 670,  122.0,  21,  Nuc536931,  2193,  0, 0, 0, , 0, 0, 0, 0, 0,
167,  1,  147,  190,  -1,  901, 711,  118.0,  21,  Nuc541254,  1912,  0, 0, 0, , 0, 0, 0, 0, 0,
168,  1,  148,  191,  -1,  885, 694,  111.0,  21,  Nuc541901,  1907,  0, 0, 0, , 0, 0, 0, 0, 0,
169,  1,  149,  192,  -1,  912, 749,  106.0,  21,  Nuc543604,  1589,  0, 0, 0, , 0, 0, 0, 0, 0,
170,  1,  149,  193,  -1,  932, 737,  102.0,  21,  Nuc543969,  1492,  0, 0, 0, , 0, 0, 0, 0, 0,
171,  1,  150,  194,  -1,  813, 662,  141.0,  21,  Nuc546735,  2504,  0, 0, 0, , 0, 0, 0, 0, 0,
172,  1,  151,  195,  -1,  825, 693,  145.0,  21,  Nuc573499,  2289,  0, 0, 0, , 0, 0, 0, 0, 0,
173,  1,  152,  196,  -1,  762, 756,  129.0,  21,  Nuc574133,  1440,  0, 0, 0, , 0, 0, 0, 0, 0,
174,  1,  153,  197,  -1,  780, 783,  135.0,  21,  Nuc577323,  2532,  0, 0, 0, , 0, 0, 0, 0, 0,
175,  1,  154,  198,  -1,  775, 649,  123.0,  23,  Nuc578610,  2418,  0, 0, 0, , 0, 0, 0, 0, 0,
176,  1,  155,  199,  -1,  741, 695,  126.0,  21,  Nuc585294,  2228,  0, 0, 0, , 0, 0, 0, 0, 0,
177,  1,  156,  200,  -1,  766, 647,  136.0,  21,  Nuc590749,  2486,  0, 0, 0, , 0, 0, 0, 0, 0,
178,  1,  157,  201,  -1,  725, 673,  143.0,  21,  Nuc606149,  1796,  0, 0, 0, , 0, 0, 0, 0, 0,
179,  1,  158,  202,  -1,  688, 701,  137.0,  21,  Nuc624279,  1623,  0, 0, 0, , 0, 0, 0, 0, 0,
180,  1,  159,  203,  204,  652, 704,  150.0,  21,  Nuc634007,  2157,  0, 0, 0, , 0, 0, 0, 0, 0,
181,  1,  160,  205,  -1,  674, 663,  147.0,  21,  Nuc635136,  2561,  0, 0, 0, , 0, 0, 0, 0, 0,
182,  1,  161,  206,  -1,  779, 731,  147.0,  21,  Nuc668728,  2115,  0, 0, 0, , 0, 0, 0, 0, 0,
183,  1,  162,  207,  -1,  772, 701,  139.0,  21,  Nuc668791,  2515,  0, 0, 0, , 0, 0, 0, 0, 0,
184,  1,  163,  208,  -1,  730, 714,  158.0,  21,  Nuc673197,  2363,  0, 0, 0, , 0, 0, 0, 0, 0,
185,  1,  164,  209,  -1,  700, 743,  157.0,  21,  Nuc677395,  2612,  0, 0, 0, , 0, 0, 0, 0, 0,
186,  1,  165,  210,  -1,  335, 773,  152.0,  21,  Nuc682081,  2275,  0, 0, 0, , 0, 0, 0, 0, 0,
187,  1,  166,  211,  212,  368, 720,  156.0,  19,  Nuc684224,  1423,  0, 0, 0, , 0, 0, 0, 0, 0,
188,  1,  168,  213,  -1,  375, 833,  141.0,  21,  Nuc685670,  2431,  0, 0, 0, , 0, 0, 0, 0, 0,
189,  1,  169,  214,  -1,  373, 742,  144.0,  21,  Nuc686930,  211,  0, 0, 0, , 0, 0, 0, 0, 0,
190,  1,  169,  215,  216,  392, 707,  138.0,  21,  Nuc687175,  1224,  0, 0, 0, , 0, 0, 0, 0, 0,
191,  1,  170,  217,  -1,  412, 782,  145.0,  21,  Nuc693840,  1869,  0, 0, 0, , 0, 0, 0, 0, 0,
192,  1,  171,  218,  -1,  408, 759,  132.0,  19,  Nuc693852,  1124,  0, 0, 0, , 0, 0, 0, 0, 0,
193,  1,  172,  219,  -1,  430, 832,  136.0,  19,  Nuc694037,  1527,  0, 0, 0, , 0, 0, 0, 0, 0,
194,  1,  173,  220,  -1,  425, 872,  133.0,  21,  Nuc694123,  3068,  0, 0, 0, , 0, 0, 0, 0, 0,
195,  1,  174,  221,  -1,  394, 794,  136.0,  21,  Nuc694451,  1718,  0, 0, 0, , 0, 0, 0, 0, 0,
196,  1,  174,  222,  223,  376, 808,  129.0,  21,  Nuc694669,  1124,  0, 0, 0, , 0, 0, 0, 0, 0,
197,  1,  175,  224,  225,  287, 789,  133.0,  19,  Nuc694836,  1020,  0, 0, 0, , 0, 0, 0, 0, 0,
198,  1,  175,  226,  -1,  328, 808,  129.0,  21,  Nuc694945,  2203,  0, 0, 0, , 0, 0, 0, 0, 0,
199,  1,  176,  227,  228,  342, 853,  126.0,  21,  Nuc695098,  1714,  0, 0, 0, , 0, 0, 0, 0, 0,
200,  1,  177,  229,  -1,  846, 436,  121.0,  21,  Nuc701823,  1883,  0, 0, 0, , 0, 0, 0, 0, 0,
201,  1,  178,  230,  -1,  873, 398,  118.0,  21,  Nuc718578,  2032,  0, 0, 0, , 0, 0, 0, 0, 0,
202,  1,  179,  231,  -1,  874, 358,  126.0,  21,  Nuc720097,  1803,  0, 0, 0, , 0, 0, 0, 0, 0,
203,  1,  180,  232,  -1,  909, 393,  123.0,  21,  Nuc724780,  1828,  0, 0, 0, , 0, 0, 0, 0, 0,
204,  1,  181,  233,  -1,  889, 454,  122.0,  21,  Nuc726389,  2068,  0, 0, 0, , 0, 0, 0, 0, 0,
205,  1,  182,  234,  -1,  905, 503,  117.0,  21,  Nuc727177,  1835,  0, 0, 0, , 0, 0, 0, 0, 0,
206,  1,  183,  235,  -1,  933, 446,  122.0,  21,  Nuc733905,  2127,  0, 0, 0, , 0, 0, 0, 0, 0,
207,  1,  184,  236,  -1,  954, 479,  119.0,  21,  Nuc734518,  1972,  0, 0, 0, , 0, 0, 0, 0, 0,
208,  1,  185,  237,  -1,  955, 512,  121.0,  21,  Nuc735145,  1784,  0, 0, 0, , 0, 0, 0, 0, 0,
209,  1,  186,  238,  -1,  837, 428,  132.0,  21,  Nuc736785,  1441,  0, 0, 0, , 0, 0, 0, 0, 0,
210,  1,  187,  239,  -1,  884, 432,  139.0,  21,  Nuc740830,  2030,  0, 0, 0, , 0, 0, 0, 0, 0,
211,  1,  188,  240,  -1,  858, 404,  140.0,  21,  Nuc742029,  2161,  0, 0, 0, , 0, 0, 0, 0, 0,
212,  1,  189,  241,  -1,  850, 489,  129.0,  21,  Nuc744086,  1963,  0, 0, 0, , 0, 0, 0, 0, 0,
213,  1,  190,  242,  -1,  844, 475,  144.0,  21,  Nuc755993,  2546,  0, 0, 0, , 0, 0, 0, 0, 0,
214,  1,  191,  243,  -1,  869, 521,  149.0,  23,  Nuc756190,  2250,  0, 0, 0, , 0, 0, 0, 0, 0,
215,  1,  192,  244,  -1,  887, 517,  142.0,  21,  Nuc764026,  2235,  0, 0, 0, , 0, 0, 0, 0, 0,
216,  1,  193,  245,  -1,  779, 432,  127.0,  21,  Nuc765568,  1993,  0, 0, 0, , 0, 0, 0, 0, 0,
217,  1,  194,  246,  -1,  789, 441,  137.0,  21,  Nuc767145,  2374,  0, 0, 0, , 0, 0, 0, 0, 0,
218,  1,  195,  247,  -1,  804, 478,  122.0,  21,  Nuc767400,  1862,  0, 0, 0, , 0, 0, 0, 0, 0,
219,  1,  196,  248,  -1,  786, 490,  133.0,  21,  Nuc769729,  1975,  0, 0, 0, , 0, 0, 0, 0, 0,
220,  1,  197,  249,  -1,  737, 500,  142.0,  21,  Nuc777285,  1889,  0, 0, 0, , 0, 0, 0, 0, 0,
221,  1,  198,  250,  -1,  715, 539,  147.0,  21,  Nuc781537,  1424,  0, 0, 0, , 0, 0, 0, 0, 0,
222,  1,  199,  251,  -1,  787, 492,  151.0,  21,  Nuc781840,  2923,  0, 0, 0, , 0, 0, 0, 0, 0,
223,  1,  200,  252,  -1,  788, 504,  162.0,  21,  Nuc784401,  2746,  0, 0, 0, , 0, 0, 0, 0, 0,
224,  1,  201,  253,  -1,  844, 460,  152.0,  21,  Nuc786048,  2454,  0, 0, 0, , 0, 0, 0, 0, 0,
225,  1,  202,  254,  -1,  758, 427,  151.0,  21,  Nuc787835,  2582,  0, 0, 0, , 0, 0, 0, 0, 0,
226,  1,  203,  255,  -1,  757, 417,  161.0,  23,  Nuc790365,  2495,  0, 0, 0, , 0, 0, 0, 0, 0,
227,  1,  204,  256,  -1,  721, 474,  161.0,  21,  Nuc795097,  2520,  0, 0, 0, , 0, 0, 0, 0, 0,
228,  1,  205,  257,  -1,  713, 440,  151.0,  21,  Nuc795454,  3123,  0, 0, 0, , 0, 0, 0, 0, 0,
229,  1,  206,  258,  -1,  830, 518,  139.0,  21,  Nuc799539,  2693,  0, 0, 0, , 0, 0, 0, 0, 0,
230,  1,  207,  259,  -1,  779, 540,  130.0,  21,  Nuc801188,  1992,  0, 0, 0, , 0, 0, 0, 0, 0,
231,  1,  208,  260,  -1,  798, 589,  128.0,  21,  Nuc808236,  687,  0, 0, 0, , 0, 0, 0, 0, 0,
232,  1,  209,  261,  -1,  812, 576,  140.0,  21,  Nuc825253,  2677,  0, 0, 0, , 0, 0, 0, 0, 0,
233,  1,  210,  262,  -1,  775, 611,  150.0,  21,  Nuc842584,  2829,  0, 0, 0, , 0, 0, 0, 0, 0,
234,  1,  211,  263,  -1,  799, 611,  141.0,  21,  Nuc845535,  1181,  0, 0, 0, , 0, 0, 0, 0, 0,
235,  1,  212,  264,  -1,  843, 629,  136.0,  21,  Nuc846768,  2353,  0, 0, 0, , 0, 0, 0, 0, 0,
236,  1,  213,  265,  -1,  875, 652,  139.0,  21,  Nuc849529,  2356,  0, 0, 0, , 0, 0, 0, 0, 0,
237,  1,  214,  266,  -1,  842, 558,  139.0,  19,  Nuc851369,  2021,  0, 0, 0, , 0, 0, 0, 0, 0,
238,  1,  215,  267,  -1,  882, 574,  141.0,  21,  Nuc854630,  2681,  0, 0, 0, , 0, 0, 0, 0, 0,
239,  1,  216,  268,  -1,  824, 604,  121.0,  21,  Nuc855303,  1526,  0, 0, 0, , 0, 0, 0, 0, 0,
240,  1,  217,  269,  -1,  895, 619,  130.0,  19,  Nuc866504,  1856,  0, 0, 0, , 0, 0, 0, 0, 0,
241,  1,  217,  270,  -1,  862, 589,  126.0,  21,  Nuc879860,  2060,  0, 0, 0, , 0, 0, 0, 0, 0,
242,  1,  218,  271,  -1,  895, 519,  129.0,  21,  Nuc886408,  1832,  0, 0, 0, , 0, 0, 0, 0, 0,
243,  1,  219,  272,  -1,  863, 541,  120.0,  21,  Nuc889062,  2249,  0, 0, 0, , 0, 0, 0, 0, 0,
244,  1,  220,  273,  -1,  824, 535,  125.0,  21,  Nuc889907,  2098,  0, 0, 0, , 0, 0, 0, 0, 0,
245,  1,  221,  274,  -1,  914, 548,  117.0,  21,  Nuc895750,  2186,  0, 0, 0, , 0, 0, 0, 0, 0,
246,  1,  222,  275,  -1,  905, 588,  118.0,  21,  Nuc899438,  2519,  0, 0, 0, , 0, 0, 0, 0, 0,
247,  1,  223,  276,  -1,  936, 593,  128.0,  21,  Nuc902825,  1975,  0, 0, 0, , 0, 0, 0, 0, 0,
248,  1,  223,  277,  -1,  930, 564,  131.0,  21,  Nuc903875,  2020,  0, 0, 0, , 0, 0, 0, 0, 0,
249,  1,  224,  278,  -1,  969, 564,  114.0,  21,  Nuc906533,  1603,  0, 0, 0, , 0, 0, 0, 0, 0,
250,  1,  225,  279,  -1,  985, 551,  107.0,  23,  Nuc907633,  1542,  0, 0, 0, , 0, 0, 0, 0, 0,
251,  1,  225,  280,  -1,  972, 524,  101.0,  21,  Nuc909120,  1515,  0, 0, 0, , 0, 0, 0, 0, 0,
252,  1,  226,  281,  -1,  946, 527,  108.0,  21,  Nuc910757,  1427,  0, 0, 0, , 0, 0, 0, 0, 0,
253,  1,  227,  282,  283,  748, 607,  128.0,  21,  Nuc911914,  3521,  0, 0, 0, , 0, 0, 0, 0, 0,
254,  1,  228,  284,  285,  741, 563,  132.0,  21,  Nuc935111,  1885,  0, 0, 0, , 0, 0, 0, 0, 0,
255,  1,  229,  286,  -1,  710, 627,  140.0,  21,  Nuc938605,  2334,  0, 0, 0, , 0, 0, 0, 0, 0,
256,  1,  230,  287,  -1,  725, 590,  145.0,  21,  Nuc946158,  2904,  0, 0, 0, , 0, 0, 0, 0, 0,
257,  1,  231,  288,  -1,  786, 678,  155.0,  21,  Nuc953013,  2829,  0, 0, 0, , 0, 0, 0, 0, 0,
258,  1,  232,  289,  -1,  751, 613,  167.0,  21,  Nuc954608,  5523,  0, 0, 0, , 0, 0, 0, 0, 0,
259,  1,  233,  290,  -1,  738, 604,  160.0,  21,  Nuc956977,  1828,  0, 0, 0, , 0, 0, 0, 0, 0,
260,  1,  234,  291,  -1,  829, 622,  153.0,  21,  Nuc966777,  2583,  0, 0, 0, , 0, 0, 0, 0, 0,
261,  1,  235,  292,  -1,  851, 601,  149.0,  21,  Nuc967785,  2382,  0, 0, 0, , 0, 0, 0, 0, 0,
262,  1,  236,  293,  -1,  818, 543,  156.0,  21,  Nuc967926,  2646,  0, 0, 0, , 0, 0, 0, 0, 0,
263,  1,  237,  294,  295,  798, 564,  162.0,  21,  Nuc1008391,  2534,  0, 0, 0, , 0, 0, 0, 0, 0,
264,  1,  238,  296,  -1,  545, 587,  143.0,  21,  Nuc1024132,  3975,  0, 0, 0, , 0, 0, 0, 0, 0,
265,  1,  239,  297,  -1,  498, 589,  143.0,  21,  Nuc1056928,  1021,  0, 0, 0, , 0, 0, 0, 0, 0,
266,  1,  240,  298,  299,  277, 826,  114.0,  21,  Nuc1057063,  1609,  0, 0, 0, , 0, 0, 0, 0, 0,
267,  1,  241,  300,  301,  248, 757,  131.0,  21,  Nuc1057176,  1430,  0, 0, 0, , 0, 0, 0, 0, 0,
268,  1,  243,  302,  -1,  277, 750,  145.0,  21,  Nuc1057295,  898,  0, 0, 0, , 0, 0, 0, 0, 0,
269,  1,  244,  303,  -1,  512, 769,  118.0,  21,  Nuc1057353,  1009,  0, 0, 0, , 0, 0, 0, 0, 0,
270,  1,  244,  304,  305,  477, 726,  121.0,  21,  Nuc1057481,  509,  0, 0, 0, , 0, 0, 0, 0, 0,
271,  1,  245,  306,  -1,  472, 745,  154.0,  21,  Nuc1057769,  1578,  0, 0, 0, , 0, 0, 0, 0, 0,
272,  1,  246,  307,  308,  495, 598,  127.0,  21,  Nuc1057922,  1087,  0, 0, 0, , 0, 0, 0, 0, 0,
273,  1,  247,  309,  310,  616, 600,  131.0,  23,  Nuc1058201,  2082,  0, 0, 0, , 0, 0, 0, 0, 0,
274,  1,  249,  311,  -1,  536, 623,  135.0,  21,  Nuc1062379,  1339,  0, 0, 0, , 0, 0, 0, 0, 0,
275,  1,  249,  312,  -1,  565, 635,  142.0,  23,  Nuc1090873,  1881,  0, 0, 0, , 0, 0, 0, 0, 0,
276,  1,  250,  313,  -1,  566, 675,  148.0,  23,  Nuc1091039,  2815,  0, 0, 0, , 0, 0, 0, 0, 0,
277,  1,  251,  314,  -1,  600, 699,  143.0,  21,  Nuc1091599,  2601,  0, 0, 0, , 0, 0, 0, 0, 0,
278,  1,  252,  315,  -1,  527, 672,  134.0,  21,  Nuc1091746,  1102,  0, 0, 0, , 0, 0, 0, 0, 0,
279,  1,  252,  316,  317,  529, 718,  139.0,  21,  Nuc1091816,  2651,  0, 0, 0, , 0, 0, 0, 0, 0,
280,  1,  253,  318,  -1,  526, 729,  121.0,  23,  Nuc1092043,  1421,  0, 0, 0, , 0, 0, 0, 0, 0,
281,  1,  254,  319,  320,  576, 671,  130.0,  21,  Nuc1092180,  2392,  0, 0, 0, , 0, 0, 0, 0, 0,
282,  1,  255,  321,  -1,  556, 697,  124.0,  21,  Nuc1102103,  1169,  0, 0, 0, , 0, 0, 0, 0, 0,
283,  1,  256,  322,  -1,  620, 648,  141.0,  21,  Nuc1102225,  2883,  0, 0, 0, , 0, 0, 0, 0, 0,
284,  1,  257,  323,  -1,  627, 659,  150.0,  21,  Nuc1109818,  2157,  0, 0, 0, , 0, 0, 0, 0, 0,
285,  1,  258,  324,  -1,  639, 704,  139.0,  21,  Nuc1124429,  1940,  0, 0, 0, , 0, 0, 0, 0, 0,
286,  1,  260,  325,  326,  616, 700,  124.0,  21,  Nuc1129032,  1662,  0, 0, 0, , 0, 0, 0, 0, 0,
287,  1,  261,  327,  -1,  582, 743,  120.0,  21,  Nuc1145058,  555,  0, 0, 0, , 0, 0, 0, 0, 0,
288,  1,  262,  328,  -1,  621, 736,  132.0,  21,  Nuc1145231,  1372,  0, 0, 0, , 0, 0, 0, 0, 0,
289,  1,  263,  329,  -1,  495, 549,  142.0,  21,  Nuc1208220,  558,  0, 0, 0, , 0, 0, 0, 0, 0,
290,  1,  263,  330,  331,  441, 583,  148.0,  21,  Nuc1208258,  1382,  0, 0, 0, , 0, 0, 0, 0, 0,
291,  1,  264,  332,  -1,  522, 498,  139.0,  23,  Nuc1208691,  3060,  0, 0, 0, , 0, 0, 0, 0, 0,
292,  1,  264,  333,  334,  522, 501,  131.0,  21,  Nuc1209091,  755,  0, 0, 0, , 0, 0, 0, 0, 0,
293,  1,  265,  335,  336,  517, 545,  128.0,  21,  Nuc1210480,  1050,  0, 0, 0, , 0, 0, 0, 0, 0,
294,  1,  266,  337,  -1,  608, 782,  148.0,  21,  Nuc1210629,  1511,  0, 0, 0, , 0, 0, 0, 0, 0,
295,  1,  267,  338,  -1,  583, 770,  144.0,  21,  Nuc1219488,  1974,  0, 0, 0, , 0, 0, 0, 0, 0,
296,  1,  268,  339,  -1,  530, 778,  140.0,  21,  Nuc1231758,  2088,  0, 0, 0, , 0, 0, 0, 0, 0,
297,  1,  269,  340,  -1,  539, 815,  144.0,  21,  Nuc1232013,  1695,  0, 0, 0, , 0, 0, 0, 0, 0,
298,  1,  270,  341,  -1,  552, 837,  152.0,  21,  Nuc1232499,  1272,  0, 0, 0, , 0, 0, 0, 0, 0,
299,  1,  271,  342,  -1,  563, 879,  135.0,  21,  Nuc1234877,  1798,  0, 0, 0, , 0, 0, 0, 0, 0,
300,  1,  272,  343,  -1,  482, 838,  149.0,  21,  Nuc1247467,  1410,  0, 0, 0, , 0, 0, 0, 0, 0,
301,  1,  273,  344,  -1,  444, 828,  151.0,  21,  Nuc1248075,  1884,  0, 0, 0, , 0, 0, 0, 0, 0,
302,  1,  274,  345,  346,  466, 788,  140.0,  21,  Nuc1248932,  709,  0, 0, 0, , 0, 0, 0, 0, 0,
303,  1,  274,  347,  -1,  484, 828,  139.0,  21,  Nuc1262230,  1697,  0, 0, 0, , 0, 0, 0, 0, 0,
304,  1,  275,  348,  -1,  523, 751,  161.0,  21,  Nuc1262386,  2110,  0, 0, 0, , 0, 0, 0, 0, 0,
305,  1,  276,  349,  -1,  516, 789,  154.0,  21,  Nuc1262655,  1659,  0, 0, 0, , 0, 0, 0, 0, 0,
306,  1,  277,  350,  -1,  483, 785,  164.0,  21,  Nuc1270031,  1081,  0, 0, 0, , 0, 0, 0, 0, 0,
307,  1,  278,  351,  -1,  460, 779,  156.0,  21,  Nuc1272295,  1125,  0, 0, 0, , 0, 0, 0, 0, 0,
308,  1,  279,  352,  -1,  661, 604,  129.0,  21,  Nuc1272780,  2352,  0, 0, 0, , 0, 0, 0, 0, 0,
309,  1,  280,  353,  -1,  705, 648,  126.0,  21,  Nuc1330338,  1411,  0, 0, 0, , 0, 0, 0, 0, 0,
310,  1,  280,  354,  -1,  663, 666,  130.0,  21,  Nuc1335597,  841,  0, 0, 0, , 0, 0, 0, 0, 0,
311,  1,  281,  355,  -1,  648, 616,  156.0,  21,  Nuc1335670,  2737,  0, 0, 0, , 0, 0, 0, 0, 0,
312,  1,  282,  356,  357,  600, 586,  141.0,  21,  Nuc1336688,  1975,  0, 0, 0, , 0, 0, 0, 0, 0,
313,  1,  283,  358,  359,  536, 545,  141.0,  19,  Nuc1344457,  230,  0, 0, 0, , 0, 0, 0, 0, 0,
314,  1,  283,  360,  -1,  573, 538,  132.0,  23,  Nuc1389927,  2230,  0, 0, 0, , 0, 0, 0, 0, 0,
315,  1,  284,  361,  -1,  637, 554,  131.0,  23,  Nuc1390603,  2116,  0, 0, 0, , 0, 0, 0, 0, 0,
316,  1,  285,  362,  363,  619, 525,  139.0,  21,  Nuc1390678,  1928,  0, 0, 0, , 0, 0, 0, 0, 0,
317,  1,  286,  364,  -1,  688, 491,  130.0,  21,  Nuc1418358,  1747,  0, 0, 0, , 0, 0, 0, 0, 0,
318,  1,  287,  365,  -1,  694, 535,  130.0,  21,  Nuc1418547,  1555,  0, 0, 0, , 0, 0, 0, 0, 0,
319,  1,  288,  366,  367,  376, 608,  165.0,  19,  Nuc1418881,  946,  0, 0, 0, , 0, 0, 0, 0, 0,
320,  1,  289,  368,  369,  395, 520,  179.0,  21,  Nuc1419110,  511,  0, 0, 0, , 0, 0, 0, 0, 0,
321,  1,  289,  370,  371,  437, 556,  177.0,  19,  Nuc1419430,  2521,  0, 0, 0, , 0, 0, 0, 0, 0,
322,  1,  291,  372,  373,  453, 569,  164.0,  19,  Nuc1419558,  1522,  0, 0, 0, , 0, 0, 0, 0, 0,
323,  1,  292,  374,  375,  504, 393,  133.0,  21,  Nuc1426712,  484,  0, 0, 0, , 0, 0, 0, 0, 0,
324,  1,  293,  376,  -1,  469, 433,  136.0,  21,  Nuc1426897,  531,  0, 0, 0, , 0, 0, 0, 0, 0,
325,  1,  295,  377,  378,  460, 511,  138.0,  21,  Nuc1427166,  235,  0, 0, 0, , 0, 0, 0, 0, 0,
326,  1,  295,  379,  380,  471, 479,  127.0,  23,  Nuc1431263,  2311,  0, 0, 0, , 0, 0, 0, 0, 0,
327,  1,  296,  381,  382,  637, 488,  129.0,  29,  Nuc1431525,  4736,  0, 0, 0, , 0, 0, 0, 0, 0,
328,  1,  297,  383,  384,  576, 499,  131.0,  21,  Nuc1453063,  822,  0, 0, 0, , 0, 0, 0, 0, 0,
329,  1,  298,  385,  386,  462, 530,  157.0,  21,  Nuc1468274,  3098,  0, 0, 0, , 0, 0, 0, 0, 0,
330,  1,  299,  387,  388,  481, 542,  151.0,  23,  Nuc1468883,  3746,  0, 0, 0, , 0, 0, 0, 0, 0,
331,  1,  300,  389,  -1,  398, 406,  144.0,  21,  Nuc1476785,  718,  0, 0, 0, , 0, 0, 0, 0, 0,
332,  1,  301,  390,  -1,  408, 471,  153.0,  21,  Nuc1476909,  469,  0, 0, 0, , 0, 0, 0, 0, 0,
333,  1,  301,  391,  392,  432, 438,  151.0,  21,  Nuc1476912,  1701,  0, 0, 0, , 0, 0, 0, 0, 0,
334,  1,  302,  393,  -1,  524, 492,  145.0,  23,  Nuc1483149,  3143,  0, 0, 0, , 0, 0, 0, 0, 0,
335,  1,  303,  394,  395,  336, 381,  166.0,  21,  Nuc1483245,  771,  0, 0, 0, , 0, 0, 0, 0, 0,
336,  1,  303,  396,  397,  326, 413,  162.0,  21,  Nuc1483295,  1174,  0, 0, 0, , 0, 0, 0, 0, 0,
337,  1,  304,  398,  -1,  378, 396,  171.0,  21,  Nuc1484106,  1855,  0, 0, 0, , 0, 0, 0, 0, 0,
338,  1,  304,  399,  -1,  379, 403,  163.0,  19,  Nuc1485114,  415,  0, 0, 0, , 0, 0, 0, 0, 0,
339,  1,  305,  400,  -1,  336, 387,  172.0,  21,  Nuc1492380,  1537,  0, 0, 0, , 0, 0, 0, 0, 0,
340,  1,  306,  401,  402,  304, 488,  162.0,  21,  Nuc1492498,  940,  0, 0, 0, , 0, 0, 0, 0, 0,
341,  1,  306,  403,  404,  283, 449,  169.0,  21,  Nuc1492819,  1615,  0, 0, 0, , 0, 0, 0, 0, 0,
342,  1,  307,  405,  -1,  416, 369,  175.0,  21,  Nuc1493022,  2233,  0, 0, 0, , 0, 0, 0, 0, 0,
343,  1,  309,  406,  -1,  474, 301,  165.0,  19,  Nuc1493244,  1189,  0, 0, 0, , 0, 0, 0, 0, 0,
344,  1,  310,  407,  408,  344, 371,  158.0,  19,  Nuc1493627,  1121,  0, 0, 0, , 0, 0, 0, 0, 0,
345,  1,  311,  409,  410,  419, 402,  163.0,  19,  Nuc1493784,  1266,  0, 0, 0, , 0, 0, 0, 0, 0,
346,  1,  312,  411,  -1,  432, 308,  166.0,  21,  Nuc1494185,  1745,  0, 0, 0, , 0, 0, 0, 0, 0,
347,  1,  313,  412,  -1,  377, 335,  168.0,  21,  Nuc1494302,  2121,  0, 0, 0, , 0, 0, 0, 0, 0,
348,  1,  314,  413,  414,  300, 247,  133.0,  21,  Nuc1494740,  1283,  0, 0, 0, , 0, 0, 0, 0, 0,
349,  1,  314,  415,  416,  324, 285,  137.0,  23,  Nuc1495440,  1592,  0, 0, 0, , 0, 0, 0, 0, 0,
350,  1,  315,  417,  -1,  398, 359,  149.0,  21,  Nuc1496199,  1745,  0, 0, 0, , 0, 0, 0, 0, 0,
351,  1,  316,  418,  419,  422, 263,  157.0,  21,  Nuc1496386,  1446,  0, 0, 0, , 0, 0, 0, 0, 0,
352,  1,  317,  420,  -1,  441, 223,  146.0,  19,  Nuc1497072,  1271,  0, 0, 0, , 0, 0, 0, 0, 0,
353,  1,  318,  421,  -1,  404, 221,  144.0,  21,  Nuc1497126,  1452,  0, 0, 0, , 0, 0, 0, 0, 0,
354,  1,  319,  422,  -1,  655, 349,  152.0,  21,  Nuc1500746,  2247,  0, 0, 0, , 0, 0, 0, 0, 0,
355,  1,  320,  423,  -1,  670, 299,  154.0,  21,  Nuc1502243,  2358,  0, 0, 0, , 0, 0, 0, 0, 0,
356,  1,  321,  424,  -1,  584, 336,  157.0,  23,  Nuc1503377,  1914,  0, 0, 0, , 0, 0, 0, 0, 0,
357,  1,  321,  425,  -1,  601, 383,  160.0,  21,  Nuc1505794,  1547,  0, 0, 0, , 0, 0, 0, 0, 0,
358,  1,  322,  426,  -1,  641, 358,  165.0,  21,  Nuc1507089,  2166,  0, 0, 0, , 0, 0, 0, 0, 0,
359,  1,  323,  427,  -1,  607, 411,  148.0,  21,  Nuc1508357,  2015,  0, 0, 0, , 0, 0, 0, 0, 0,
360,  1,  324,  428,  -1,  642, 424,  157.0,  21,  Nuc1508576,  1664,  0, 0, 0, , 0, 0, 0, 0, 0,
361,  1,  325,  429,  -1,  647, 384,  143.0,  21,  Nuc1510142,  2448,  0, 0, 0, , 0, 0, 0, 0, 0,
362,  1,  326,  430,  431,  530, 380,  126.0,  21,  Nuc1514910,  1400,  0, 0, 0, , 0, 0, 0, 0, 0,
363,  1,  327,  432,  -1,  557, 433,  145.0,  21,  Nuc1514947,  1430,  0, 0, 0, , 0, 0, 0, 0, 0,
364,  1,  328,  433,  -1,  634, 319,  127.0,  21,  Nuc1545783,  858,  0, 0, 0, , 0, 0, 0, 0, 0,
365,  1,  328,  434,  -1,  653, 365,  127.0,  21,  Nuc1547738,  1030,  0, 0, 0, , 0, 0, 0, 0, 0,
366,  1,  329,  435,  -1,  594, 343,  149.0,  21,  Nuc1551446,  562,  0, 0, 0, , 0, 0, 0, 0, 0,
367,  1,  329,  436,  -1,  580, 375,  142.0,  23,  Nuc1551561,  1939,  0, 0, 0, , 0, 0, 0, 0, 0,
368,  1,  330,  437,  -1,  475, 316,  158.0,  21,  Nuc1553382,  2924,  0, 0, 0, , 0, 0, 0, 0, 0,
369,  1,  331,  438,  -1,  403, 356,  160.0,  21,  Nuc1556099,  859,  0, 0, 0, , 0, 0, 0, 0, 0,
370,  1,  332,  439,  -1,  439, 388,  153.0,  19,  Nuc1558878,  1236,  0, 0, 0, , 0, 0, 0, 0, 0,
371,  1,  333,  440,  441,  460, 356,  152.0,  21,  Nuc1559135,  1827,  0, 0, 0, , 0, 0, 0, 0, 0,
372,  1,  334,  442,  -1,  484, 463,  143.0,  21,  Nuc1560749,  1833,  0, 0, 0, , 0, 0, 0, 0, 0,
373,  1,  334,  443,  -1,  493, 419,  145.0,  21,  Nuc1560908,  806,  0, 0, 0, , 0, 0, 0, 0, 0,
374,  1,  335,  444,  -1,  506, 371,  143.0,  21,  Nuc1561093,  2149,  0, 0, 0, , 0, 0, 0, 0, 0,
375,  1,  336,  445,  -1,  569, 267,  148.0,  21,  Nuc1572650,  2027,  0, 0, 0, , 0, 0, 0, 0, 0,
376,  1,  337,  446,  -1,  570, 280,  159.0,  21,  Nuc1575108,  1722,  0, 0, 0, , 0, 0, 0, 0, 0,
377,  1,  338,  447,  -1,  497, 261,  157.0,  21,  Nuc1575672,  1625,  0, 0, 0, , 0, 0, 0, 0, 0,
378,  1,  339,  448,  -1,  510, 231,  149.0,  21,  Nuc1576128,  1743,  0, 0, 0, , 0, 0, 0, 0, 0,
379,  1,  340,  449,  -1,  611, 283,  157.0,  21,  Nuc1577634,  1614,  0, 0, 0, , 0, 0, 0, 0, 0,
380,  1,  341,  450,  -1,  533, 325,  164.0,  21,  Nuc1581767,  2063,  0, 0, 0, , 0, 0, 0, 0, 0,
381,  1,  342,  451,  -1,  585, 338,  169.0,  21,  Nuc1582095,  1996,  0, 0, 0, , 0, 0, 0, 0, 0,
382,  1,  343,  452,  -1,  459, 372,  176.0,  21,  Nuc1584304,  1375,  0, 0, 0, , 0, 0, 0, 0, 0,
383,  1,  344,  453,  -1,  503, 334,  171.0,  21,  Nuc1584429,  1591,  0, 0, 0, , 0, 0, 0, 0, 0,
384,  1,  345,  454,  455,  644, 484,  150.0,  21,  Nuc1584603,  1916,  0, 0, 0, , 0, 0, 0, 0, 0,
385,  1,  346,  456,  -1,  676, 467,  155.0,  21,  Nuc1585761,  2826,  0, 0, 0, , 0, 0, 0, 0, 0,
386,  1,  347,  457,  -1,  691, 419,  140.0,  21,  Nuc1602927,  2252,  0, 0, 0, , 0, 0, 0, 0, 0,
387,  1,  348,  458,  459,  688, 467,  141.0,  21,  Nuc1620536,  2607,  0, 0, 0, , 0, 0, 0, 0, 0,
388,  1,  349,  460,  -1,  606, 473,  143.0,  21,  Nuc1622408,  2654,  0, 0, 0, , 0, 0, 0, 0, 0,
389,  1,  349,  461,  -1,  648, 455,  142.0,  21,  Nuc1622493,  2880,  0, 0, 0, , 0, 0, 0, 0, 0,
390,  1,  350,  462,  -1,  738, 471,  130.0,  21,  Nuc1622775,  1943,  0, 0, 0, , 0, 0, 0, 0, 0,
391,  1,  351,  463,  -1,  673, 446,  128.0,  21,  Nuc1623257,  2188,  0, 0, 0, , 0, 0, 0, 0, 0,
392,  1,  352,  464,  -1,  727, 432,  127.0,  21,  Nuc1623310,  2070,  0, 0, 0, , 0, 0, 0, 0, 0,
393,  1,  353,  465,  -1,  680, 405,  128.0,  21,  Nuc1639859,  270,  0, 0, 0, , 0, 0, 0, 0, 0,
394,  1,  354,  466,  467,  646, 543,  166.0,  21,  Nuc1640594,  6387,  0, 0, 0, , 0, 0, 0, 0, 0,
395,  1,  355,  468,  -1,  670, 514,  141.0,  23,  Nuc1643541,  4623,  0, 0, 0, , 0, 0, 0, 0, 0,
396,  1,  356,  469,  -1,  653, 535,  149.0,  21,  Nuc1647672,  5179,  0, 0, 0, , 0, 0, 0, 0, 0,
397,  1,  357,  470,  -1,  762, 661,  161.0,  21,  Nuc1703111,  2562,  0, 0, 0, , 0, 0, 0, 0, 0,
398,  1,  358,  471,  -1,  711, 637,  156.0,  21,  Nuc1703181,  3286,  0, 0, 0, , 0, 0, 0, 0, 0,
399,  1,  359,  472,  -1,  698, 604,  159.0,  21,  Nuc1707568,  3972,  0, 0, 0, , 0, 0, 0, 0, 0,
400,  1,  360,  473,  -1,  683, 558,  158.0,  21,  Nuc1707838,  5376,  0, 0, 0, , 0, 0, 0, 0, 0,
401,  1,  361,  474,  -1,  662, 613,  145.0,  21,  Nuc1707972,  2322,  0, 0, 0, , 0, 0, 0, 0, 0,
402,  1,  362,  475,  -1,  661, 568,  144.0,  21,  Nuc1738236,  5455,  0, 0, 0, , 0, 0, 0, 0, 0,
403,  1,  363,  476,  -1,  694, 569,  139.0,  21,  Nuc1738835,  7208,  0, 0, 0, , 0, 0, 0, 0, 0,
404,  1,  364,  477,  478,  471, 479,  150.0,  21,  Nuc1740637,  2462,  0, 0, 0, , 0, 0, 0, 0, 0,
405,  1,  364,  479,  -1,  516, 509,  153.0,  21,  Nuc1750512,  2975,  0, 0, 0, , 0, 0, 0, 0, 0,
406,  1,  365,  480,  -1,  541, 549,  156.0,  21,  Nuc1750724,  2730,  0, 0, 0, , 0, 0, 0, 0, 0,
407,  1,  366,  481,  -1,  568, 509,  144.0,  25,  Nuc1754974,  2251,  0, 0, 0, , 0, 0, 0, 0, 0,
408,  1,  367,  482,  -1,  589, 552,  147.0,  21,  Nuc1755158,  1872,  0, 0, 0, , 0, 0, 0, 0, 0,
409,  1,  368,  483,  -1,  624, 569,  153.0,  21,  Nuc1755564,  2163,  0, 0, 0, , 0, 0, 0, 0, 0,
410,  1,  369,  484,  -1,  597, 624,  150.0,  21,  Nuc1759531,  2634,  0, 0, 0, , 0, 0, 0, 0, 0,
411,  1,  370,  485,  -1,  564, 596,  155.0,  21,  Nuc1759622,  2626,  0, 0, 0, , 0, 0, 0, 0, 0,
412,  1,  371,  486,  -1,  535, 537,  172.0,  23,  Nuc1759781,  5173,  0, 0, 0, , 0, 0, 0, 0, 0,
413,  1,  372,  487,  -1,  594, 477,  174.0,  21,  Nuc1762251,  2321,  0, 0, 0, , 0, 0, 0, 0, 0,
414,  1,  373,  488,  -1,  540, 479,  174.0,  23,  Nuc1762405,  5009,  0, 0, 0, , 0, 0, 0, 0, 0,
415,  1,  374,  489,  490,  444, 494,  175.0,  21,  Nuc1763432,  1732,  0, 0, 0, , 0, 0, 0, 0, 0,
416,  1,  375,  491,  -1,  490, 520,  178.0,  21,  Nuc1763553,  1834,  0, 0, 0, , 0, 0, 0, 0, 0,
417,  1,  376,  492,  493,  471, 418,  181.0,  21,  Nuc1763597,  1947,  0, 0, 0, , 0, 0, 0, 0, 0,
418,  1,  377,  494,  -1,  520, 435,  176.0,  21,  Nuc1763677,  1949,  0, 0, 0, , 0, 0, 0, 0, 0,
419,  1,  378,  495,  496,  490, 460,  174.0,  21,  Nuc1764558,  1651,  0, 0, 0, , 0, 0, 0, 0, 0,
420,  1,  379,  497,  498,  519, 443,  156.0,  21,  Nuc1765100,  2422,  0, 0, 0, , 0, 0, 0, 0, 0,
421,  1,  380,  499,  500,  478, 470,  163.0,  23,  Nuc1766379,  2574,  0, 0, 0, , 0, 0, 0, 0, 0,
422,  1,  381,  501,  502,  429, 464,  171.0,  21,  Nuc1769717,  3465,  0, 0, 0, , 0, 0, 0, 0, 0,
423,  1,  382,  503,  504,  457, 431,  167.0,  21,  Nuc1771844,  2502,  0, 0, 0, , 0, 0, 0, 0, 0,
424,  1,  383,  505,  506,  506, 504,  166.0,  21,  Nuc1772034,  3865,  0, 0, 0, , 0, 0, 0, 0, 0,
425,  1,  385,  507,  -1,  433, 724,  162.0,  21,  Nuc1773195,  1402,  0, 0, 0, , 0, 0, 0, 0, 0,
426,  1,  386,  508,  -1,  464, 690,  160.0,  21,  Nuc1782582,  1642,  0, 0, 0, , 0, 0, 0, 0, 0,
427,  1,  387,  509,  -1,  421, 749,  168.0,  21,  Nuc1782859,  1884,  0, 0, 0, , 0, 0, 0, 0, 0,
428,  1,  388,  510,  -1,  427, 687,  173.0,  21,  Nuc1783553,  1527,  0, 0, 0, , 0, 0, 0, 0, 0,
429,  1,  388,  511,  512,  421, 670,  165.0,  21,  Nuc1783618,  1937,  0, 0, 0, , 0, 0, 0, 0, 0,
430,  1,  389,  513,  -1,  414, 733,  151.0,  21,  Nuc1783834,  1146,  0, 0, 0, , 0, 0, 0, 0, 0,
431,  1,  389,  514,  -1,  411, 686,  154.0,  23,  Nuc1784002,  1481,  0, 0, 0, , 0, 0, 0, 0, 0,
432,  1,  390,  515,  516,  331, 656,  165.0,  19,  Nuc1784132,  1883,  0, 0, 0, , 0, 0, 0, 0, 0,
433,  1,  391,  517,  518,  377, 710,  168.0,  21,  Nuc1784179,  1816,  0, 0, 0, , 0, 0, 0, 0, 0,
434,  1,  392,  519,  520,  290, 654,  163.0,  21,  Nuc1784511,  1905,  0, 0, 0, , 0, 0, 0, 0, 0,
435,  1,  393,  521,  522,  309, 711,  158.0,  21,  Nuc1784761,  1616,  0, 0, 0, , 0, 0, 0, 0, 0,
436,  1,  394,  523,  -1,  274, 607,  163.0,  21,  Nuc1785284,  1196,  0, 0, 0, , 0, 0, 0, 0, 0,
437,  1,  395,  524,  525,  333, 591,  165.0,  21,  Nuc1785361,  721,  0, 0, 0, , 0, 0, 0, 0, 0,
438,  1,  396,  526,  527,  321, 624,  157.0,  21,  Nuc1785415,  2441,  0, 0, 0, , 0, 0, 0, 0, 0,
439,  1,  397,  528,  529,  326, 582,  144.0,  21,  Nuc1787710,  1283,  0, 0, 0, , 0, 0, 0, 0, 0,
440,  1,  397,  530,  531,  246, 595,  146.0,  21,  Nuc1787719,  638,  0, 0, 0, , 0, 0, 0, 0, 0,
441,  1,  398,  532,  533,  321, 624,  152.0,  21,  Nuc1787904,  2460,  0, 0, 0, , 0, 0, 0, 0, 0,
442,  1,  399,  534,  535,  416, 631,  174.0,  21,  Nuc1787993,  1302,  0, 0, 0, , 0, 0, 0, 0, 0,
443,  1,  400,  536,  537,  445, 612,  164.0,  21,  Nuc1789131,  984,  0, 0, 0, , 0, 0, 0, 0, 0,
444,  1,  402,  538,  539,  339, 624,  177.0,  21,  Nuc1793873,  1549,  0, 0, 0, , 0, 0, 0, 0, 0,
445,  1,  405,  540,  -1,  453, 450,  184.0,  21,  Nuc1794138,  1554,  0, 0, 0, , 0, 0, 0, 0, 0,
446,  1,  406,  541,  -1,  553, 424,  180.0,  21,  Nuc1794481,  1914,  0, 0, 0, , 0, 0, 0, 0, 0,
447,  1,  407,  542,  -1,  512, 381,  177.0,  21,  Nuc1795194,  1970,  0, 0, 0, , 0, 0, 0, 0, 0,
448,  1,  408,  543,  -1,  548, 367,  173.0,  21,  Nuc1797159,  2055,  0, 0, 0, , 0, 0, 0, 0, 0,
449,  1,  409,  544,  -1,  667, 424,  162.0,  21,  Nuc1800346,  1885,  0, 0, 0, , 0, 0, 0, 0, 0,
450,  1,  410,  545,  -1,  628, 449,  167.0,  21,  Nuc1801410,  2734,  0, 0, 0, , 0, 0, 0, 0, 0,
451,  1,  411,  546,  -1,  640, 509,  179.0,  21,  Nuc1841612,  2154,  0, 0, 0, , 0, 0, 0, 0, 0,
452,  1,  411,  547,  -1,  640, 494,  168.0,  21,  Nuc1841672,  2485,  0, 0, 0, , 0, 0, 0, 0, 0,
453,  1,  412,  548,  -1,  620, 420,  176.0,  21,  Nuc1842037,  2254,  0, 0, 0, , 0, 0, 0, 0, 0,
454,  1,  413,  549,  -1,  598, 396,  171.0,  21,  Nuc1844236,  2501,  0, 0, 0, , 0, 0, 0, 0, 0,
455,  1,  414,  550,  -1,  690, 381,  155.0,  21,  Nuc1848890,  2874,  0, 0, 0, , 0, 0, 0, 0, 0,
456,  1,  415,  551,  -1,  707, 377,  163.0,  21,  Nuc1849546,  2259,  0, 0, 0, , 0, 0, 0, 0, 0,
457,  1,  416,  552,  -1,  691, 429,  171.0,  21,  Nuc1849856,  2406,  0, 0, 0, , 0, 0, 0, 0, 0,
458,  1,  417,  553,  -1,  666, 520,  177.0,  21,  Nuc1850320,  2510,  0, 0, 0, , 0, 0, 0, 0, 0,
459,  1,  418,  554,  -1,  675, 472,  173.0,  23,  Nuc1850866,  5363,  0, 0, 0, , 0, 0, 0, 0, 0,
460,  1,  419,  555,  -1,  756, 472,  165.0,  21,  Nuc1851824,  5463,  0, 0, 0, , 0, 0, 0, 0, 0,
461,  1,  420,  556,  -1,  700, 518,  167.0,  21,  Nuc1854183,  7148,  0, 0, 0, , 0, 0, 0, 0, 0,
462,  1,  421,  557,  -1,  743, 528,  168.0,  21,  Nuc1858802,  5853,  0, 0, 0, , 0, 0, 0, 0, 0,
463,  1,  422,  558,  -1,  637, 650,  165.0,  21,  Nuc1862234,  3821,  0, 0, 0, , 0, 0, 0, 0, 0,
464,  1,  423,  559,  -1,  625, 597,  167.0,  19,  Nuc1862834,  1738,  0, 0, 0, , 0, 0, 0, 0, 0,
465,  1,  424,  560,  -1,  662, 585,  164.0,  21,  Nuc1862902,  2149,  0, 0, 0, , 0, 0, 0, 0, 0,
466,  1,  425,  561,  -1,  675, 609,  174.0,  21,  Nuc1863120,  2506,  0, 0, 0, , 0, 0, 0, 0, 0,
467,  1,  426,  562,  -1,  683, 567,  175.0,  21,  Nuc1866607,  2512,  0, 0, 0, , 0, 0, 0, 0, 0,
468,  1,  427,  563,  -1,  754, 538,  157.0,  21,  Nuc1867446,  4969,  0, 0, 0, , 0, 0, 0, 0, 0,
469,  1,  428,  564,  -1,  718, 558,  163.0,  21,  Nuc1867577,  5309,  0, 0, 0, , 0, 0, 0, 0, 0,
470,  1,  429,  565,  -1,  731, 568,  171.0,  21,  Nuc1868212,  4374,  0, 0, 0, , 0, 0, 0, 0, 0,
471,  1,  430,  566,  567,  473, 691,  177.0,  23,  Nuc1869408,  2664,  0, 0, 0, , 0, 0, 0, 0, 0,
472,  1,  431,  568,  569,  419, 694,  178.0,  21,  Nuc1869785,  1839,  0, 0, 0, , 0, 0, 0, 0, 0,
473,  1,  432,  570,  -1,  610, 730,  170.0,  21,  Nuc1870015,  2543,  0, 0, 0, , 0, 0, 0, 0, 0,
474,  1,  433,  571,  -1,  647, 723,  167.0,  21,  Nuc1870115,  2504,  0, 0, 0, , 0, 0, 0, 0, 0,
475,  1,  434,  572,  -1,  608, 723,  156.0,  21,  Nuc1871470,  3389,  0, 0, 0, , 0, 0, 0, 0, 0,
476,  1,  435,  573,  -1,  596, 685,  160.0,  21,  Nuc1871755,  1552,  0, 0, 0, , 0, 0, 0, 0, 0,
477,  1,  436,  574,  -1,  631, 799,  156.0,  21,  Nuc1876975,  2475,  0, 0, 0, , 0, 0, 0, 0, 0,
478,  1,  437,  575,  -1,  566, 778,  164.0,  21,  Nuc1880461,  1842,  0, 0, 0, , 0, 0, 0, 0, 0,
479,  1,  438,  576,  -1,  583, 756,  157.0,  21,  Nuc1882603,  2504,  0, 0, 0, , 0, 0, 0, 0, 0,
480,  1,  439,  577,  -1,  522, 670,  181.0,  23,  Nuc1883059,  2410,  0, 0, 0, , 0, 0, 0, 0, 0,
481,  1,  440,  578,  -1,  511, 646,  173.0,  23,  Nuc1886244,  1242,  0, 0, 0, , 0, 0, 0, 0, 0,
482,  1,  441,  579,  -1,  583, 687,  174.0,  21,  Nuc1886456,  2566,  0, 0, 0, , 0, 0, 0, 0, 0,
483,  1,  442,  580,  -1,  485, 737,  173.0,  21,  Nuc1889474,  2254,  0, 0, 0, , 0, 0, 0, 0, 0,
484,  1,  443,  581,  582,  487, 704,  166.0,  21,  Nuc1890941,  1974,  0, 0, 0, , 0, 0, 0, 0, 0,
485,  1,  444,  583,  -1,  555, 721,  163.0,  21,  Nuc1890981,  2027,  0, 0, 0, , 0, 0, 0, 0, 0,
486,  1,  445,  584,  -1,  596, 609,  172.0,  23,  Nuc1892171,  3717,  0, 0, 0, , 0, 0, 0, 0, 0,
487,  1,  446,  585,  -1,  628, 655,  175.0,  21,  Nuc1912961,  2244,  0, 0, 0, , 0, 0, 0, 0, 0,
488,  1,  447,  586,  -1,  680, 687,  156.0,  21,  Nuc1918909,  3122,  0, 0, 0, , 0, 0, 0, 0, 0,
489,  1,  448,  587,  -1,  692, 678,  168.0,  21,  Nuc1919630,  2657,  0, 0, 0, , 0, 0, 0, 0, 0,
490,  1,  449,  588,  -1,  584, 633,  181.0,  21,  Nuc1921300,  2376,  0, 0, 0, , 0, 0, 0, 0, 0,
491,  1,  450,  589,  -1,  574, 583,  182.0,  21,  Nuc1921423,  1610,  0, 0, 0, , 0, 0, 0, 0, 0,
492,  1,  451,  590,  -1,  579, 562,  174.0,  21,  Nuc1921960,  2586,  0, 0, 0, , 0, 0, 0, 0, 0,
493,  1,  452,  591,  -1,  580, 470,  182.0,  21,  Nuc1922098,  2428,  0, 0, 0, , 0, 0, 0, 0, 0,
494,  1,  453,  592,  -1,  630, 567,  177.0,  23,  Nuc1922198,  4034,  0, 0, 0, , 0, 0, 0, 0, 0,
495,  1,  454,  593,  -1,  505, 616,  183.0,  21,  Nuc1923314,  4421,  0, 0, 0, , 0, 0, 0, 0, 0,
496,  1,  455,  594,  -1,  449, 599,  175.0,  21,  Nuc1924253,  1671,  0, 0, 0, , 0, 0, 0, 0, 0,
497,  1,  456,  595,  -1,  456, 638,  173.0,  21,  Nuc1932805,  1447,  0, 0, 0, , 0, 0, 0, 0, 0,
498,  1,  457,  596,  -1,  452, 653,  183.0,  21,  Nuc1932935,  1546,  0, 0, 0, , 0, 0, 0, 0, 0,
499,  1,  458,  597,  -1,  438, 604,  185.0,  21,  Nuc1934147,  1368,  0, 0, 0, , 0, 0, 0, 0, 0,
500,  1,  459,  598,  -1,  479, 658,  166.0,  21,  Nuc1934288,  1929,  0, 0, 0, , 0, 0, 0, 0, 0,
501,  1,  460,  599,  -1,  534, 640,  162.0,  21,  Nuc1942143,  2117,  0, 0, 0, , 0, 0, 0, 0, 0,
502,  1,  461,  600,  601,  499, 637,  152.0,  21,  Nuc1942277,  1603,  0, 0, 0, , 0, 0, 0, 0, 0,
503,  1,  462,  602,  -1,  540, 624,  151.0,  21,  Nuc1943096,  1173,  0, 0, 0, , 0, 0, 0, 0, 0,
504,  1,  463,  603,  -1,  556, 736,  172.0,  21,  Nuc1943241,  2260,  0, 0, 0, , 0, 0, 0, 0, 0,
505,  1,  464,  604,  -1,  528, 697,  169.0,  19,  Nuc1944970,  747,  0, 0, 0, , 0, 0, 0, 0, 0,
506,  1,  465,  605,  -1,  516, 694,  156.0,  21,  Nuc1948714,  1870,  0, 0, 0, , 0, 0, 0, 0, 0,
507,  1,  466,  606,  -1,  545, 611,  173.0,  21,  Nuc1950074,  2231,  0, 0, 0, , 0, 0, 0, 0, 0,
508,  1,  467,  607,  608,  532, 575,  168.0,  21,  Nuc1950150,  1921,  0, 0, 0, , 0, 0, 0, 0, 0,
509,  1,  468,  609,  610,  492, 565,  172.0,  21,  Nuc1950340,  1030,  0, 0, 0, , 0, 0, 0, 0, 0,
510,  1,  469,  611,  -1,  495, 547,  164.0,  21,  Nuc1953369,  1485,  0, 0, 0, , 0, 0, 0, 0, 0,
511,  1,  470,  612,  -1,  490, 599,  178.0,  21,  Nuc1953402,  1484,  0, 0, 0, , 0, 0, 0, 0, 0,
512,  1,  471,  613,  -1,  494, 613,  168.0,  23,  Nuc1953591,  287,  0, 0, 0, , 0, 0, 0, 0, 0,
513,  1,  472,  614,  -1,  401, 547,  186.0,  21,  Nuc1953752,  1896,  0, 0, 0, , 0, 0, 0, 0, 0,
514,  1,  473,  615,  -1,  398, 468,  185.0,  21,  Nuc1954723,  1165,  0, 0, 0, , 0, 0, 0, 0, 0,
515,  1,  474,  616,  617,  376, 440,  181.0,  19,  Nuc1954791,  212,  0, 0, 0, , 0, 0, 0, 0, 0,
516,  1,  475,  618,  -1,  491, 548,  184.0,  21,  Nuc1954957,  4405,  0, 0, 0, , 0, 0, 0, 0, 0,
517,  1,  476,  619,  620,  544, 524,  184.0,  21,  Nuc1955394,  2394,  0, 0, 0, , 0, 0, 0, 0, 0,
518,  1,  477,  621,  -1,  582, 531,  184.0,  21,  Nuc1965521,  2389,  0, 0, 0, , 0, 0, 0, 0, 0,
519,  1,  478,  622,  623,  536, 563,  181.0,  21,  Nuc1967364,  6041,  0, 0, 0, , 0, 0, 0, 0, 0,
520,  1,  479,  624,  -1,  510, 479,  184.0,  21,  Nuc1968456,  3608,  0, 0, 0, , 0, 0, 0, 0, 0,
521,  1,  480,  625,  626,  448, 518,  187.0,  21,  Nuc1968618,  3016,  0, 0, 0, , 0, 0, 0, 0, 0,
522,  1,  481,  627,  628,  558, 660,  169.0,  21,  Nuc1968855,  2864,  0, 0, 0, , 0, 0, 0, 0, 0,
523,  1,  482,  629,  630,  593, 620,  161.0,  21,  Nuc1968898,  1797,  0, 0, 0, , 0, 0, 0, 0, 0,
524,  1,  483,  631,  -1,  597, 530,  170.0,  21,  Nuc2004979,  3800,  0, 0, 0, , 0, 0, 0, 0, 0,
525,  1,  484,  632,  -1,  583, 567,  162.0,  21,  Nuc2006251,  2600,  0, 0, 0, , 0, 0, 0, 0, 0,
526,  1,  485,  633,  -1,  409, 788,  160.0,  21,  Nuc2009264,  1296,  0, 0, 0, , 0, 0, 0, 0, 0,
527,  1,  486,  634,  -1,  382, 764,  162.0,  21,  Nuc2009287,  910,  0, 0, 0, , 0, 0, 0, 0, 0,
528,  1,  487,  635,  -1,  549, 473,  156.0,  21,  Nuc2012803,  1411,  0, 0, 0, , 0, 0, 0, 0, 0,
529,  1,  488,  636,  -1,  552, 506,  165.0,  21,  Nuc2014915,  3176,  0, 0, 0, , 0, 0, 0, 0, 0,
530,  1,  489,  637,  -1,  471, 380,  167.0,  21,  Nuc2021762,  1306,  0, 0, 0, , 0, 0, 0, 0, 0,
531,  1,  490,  638,  -1,  514, 398,  165.0,  21,  Nuc2021938,  1736,  0, 0, 0, , 0, 0, 0, 0, 0,
532,  1,  491,  639,  -1,  538, 376,  156.0,  21,  Nuc2023774,  3044,  0, 0, 0, , 0, 0, 0, 0, 0,
533,  1,  492,  640,  -1,  592, 467,  161.0,  21,  Nuc2024315,  3368,  0, 0, 0, , 0, 0, 0, 0, 0,
534,  1,  492,  641,  -1,  575, 432,  158.0,  21,  Nuc2025672,  1376,  0, 0, 0, , 0, 0, 0, 0, 0,
535,  1,  493,  642,  -1,  562, 418,  168.0,  21,  Nuc2027285,  3171,  0, 0, 0, , 0, 0, 0, 0, 0,
536,  1,  494,  643,  -1,  574, 460,  168.0,  21,  Nuc2034703,  3195,  0, 0, 0, , 0, 0, 0, 0, 0,
537,  1,  495,  644,  -1,  682, 513,  157.0,  21,  Nuc2034850,  4352,  0, 0, 0, , 0, 0, 0, 0, 0,
538,  1,  496,  645,  -1,  598, 467,  149.0,  21,  Nuc2054054,  2657,  0, 0, 0, , 0, 0, 0, 0, 0,
539,  1,  497,  646,  -1,  572, 512,  157.0,  21,  Nuc2054440,  1688,  0, 0, 0, , 0, 0, 0, 0, 0,
540,  1,  498,  647,  -1,  621, 516,  154.0,  21,  Nuc2054521,  2868,  0, 0, 0, , 0, 0, 0, 0, 0,
541,  1,  499,  648,  -1,  367, 443,  153.0,  21,  Nuc2064320,  1791,  0, 0, 0, , 0, 0, 0, 0, 0,
542,  1,  500,  649,  650,  319, 440,  154.0,  21,  Nuc2064386,  1977,  0, 0, 0, , 0, 0, 0, 0, 0,
543,  1,  501,  651,  652,  251, 636,  152.0,  21,  Nuc2064594,  1871,  0, 0, 0, , 0, 0, 0, 0, 0,
544,  1,  502,  653,  -1,  444, 384,  140.0,  21,  Nuc2064834,  2181,  0, 0, 0, , 0, 0, 0, 0, 0,
545,  1,  503,  654,  655,  436, 329,  136.0,  21,  Nuc2064917,  1245,  0, 0, 0, , 0, 0, 0, 0, 0,
546,  1,  504,  656,  657,  344, 564,  181.0,  21,  Nuc2070386,  1718,  0, 0, 0, , 0, 0, 0, 0, 0,
547,  1,  505,  658,  659,  294, 572,  167.0,  21,  Nuc2070527,  2106,  0, 0, 0, , 0, 0, 0, 0, 0,
548,  1,  506,  660,  -1,  363, 811,  120.0,  21,  Nuc2070801,  1005,  0, 0, 0, , 0, 0, 0, 0, 0,
549,  1,  507,  661,  662,  341, 862,  108.0,  21,  Nuc2071279,  866,  0, 0, 0, , 0, 0, 0, 0, 0,
550,  1,  508,  663,  -1,  433, 849,  110.0,  21,  Nuc2071377,  2753,  0, 0, 0, , 0, 0, 0, 0, 0,
551,  1,  508,  664,  -1,  386, 837,  112.0,  21,  Nuc2071480,  658,  0, 0, 0, , 0, 0, 0, 0, 0,
552,  1,  509,  665,  666,  372, 901,  106.0,  21,  Nuc2079173,  2632,  0, 0, 0, , 0, 0, 0, 0, 0,
553,  1,  510,  667,  -1,  285, 367,  158.0,  21,  Nuc2080856,  1172,  0, 0, 0, , 0, 0, 0, 0, 0,
554,  1,  511,  668,  -1,  216, 391,  144.0,  21,  Nuc2080918,  204,  0, 0, 0, , 0, 0, 0, 0, 0,
555,  1,  512,  669,  -1,  247, 354,  149.0,  21,  Nuc2081021,  1537,  0, 0, 0, , 0, 0, 0, 0, 0,
556,  1,  513,  670,  671,  304, 524,  170.0,  21,  Nuc2081081,  889,  0, 0, 0, , 0, 0, 0, 0, 0,
557,  1,  514,  672,  673,  408, 510,  168.0,  21,  Nuc2081316,  1677,  0, 0, 0, , 0, 0, 0, 0, 0,
558,  1,  515,  674,  675,  414, 580,  168.0,  19,  Nuc2082010,  611,  0, 0, 0, , 0, 0, 0, 0, 0,
559,  1,  516,  676,  677,  343, 562,  175.0,  21,  Nuc2083624,  664,  0, 0, 0, , 0, 0, 0, 0, 0,
560,  1,  518,  678,  679,  390, 561,  169.0,  19,  Nuc2083697,  1488,  0, 0, 0, , 0, 0, 0, 0, 0,
561,  1,  519,  680,  681,  362, 491,  163.0,  23,  Nuc2084637,  785,  0, 0, 0, , 0, 0, 0, 0, 0,
562,  1,  520,  682,  -1,  418, 854,  125.0,  19,  Nuc2084918,  1411,  0, 0, 0, , 0, 0, 0, 0, 0,
563,  1,  521,  683,  684,  380, 882,  118.0,  21,  Nuc2087975,  1869,  0, 0, 0, , 0, 0, 0, 0, 0,
564,  1,  522,  685,  -1,  338, 504,  183.0,  21,  Nuc2088529,  765,  0, 0, 0, , 0, 0, 0, 0, 0,
565,  1,  524,  686,  687,  406, 409,  178.0,  21,  Nuc2088549,  2683,  0, 0, 0, , 0, 0, 0, 0, 0,
566,  1,  525,  688,  689,  378, 461,  171.0,  21,  Nuc2088674,  1283,  0, 0, 0, , 0, 0, 0, 0, 0,
567,  1,  527,  690,  -1,  573, 718,  136.0,  21,  Nuc2088822,  2092,  0, 0, 0, , 0, 0, 0, 0, 0,
568,  1,  528,  691,  -1,  548, 766,  128.0,  21,  Nuc2111011,  1243,  0, 0, 0, , 0, 0, 0, 0, 0,
569,  1,  529,  692,  693,  346, 536,  152.0,  21,  Nuc2132904,  968,  0, 0, 0, , 0, 0, 0, 0, 0,
570,  1,  530,  694,  -1,  285, 610,  155.0,  23,  Nuc2133159,  494,  0, 0, 0, , 0, 0, 0, 0, 0,
571,  1,  531,  695,  696,  292, 577,  154.0,  19,  Nuc2134368,  572,  0, 0, 0, , 0, 0, 0, 0, 0,
572,  1,  533,  697,  -1,  494, 630,  143.0,  21,  Nuc2134999,  977,  0, 0, 0, , 0, 0, 0, 0, 0,
573,  1,  534,  698,  699,  465, 706,  140.0,  23,  Nuc2135022,  1577,  0, 0, 0, , 0, 0, 0, 0, 0,
574,  1,  534,  700,  701,  458, 684,  149.0,  21,  Nuc2144153,  1736,  0, 0, 0, , 0, 0, 0, 0, 0,
575,  1,  535,  702,  -1,  513, 671,  146.0,  21,  Nuc2144211,  1255,  0, 0, 0, , 0, 0, 0, 0, 0,
576,  1,  537,  703,  704,  273, 380,  140.0,  21,  Nuc2160253,  1257,  0, 0, 0, , 0, 0, 0, 0, 0,
577,  1,  538,  705,  706,  297, 392,  150.0,  21,  Nuc2160620,  1424,  0, 0, 0, , 0, 0, 0, 0, 0,
578,  1,  539,  707,  708,  369, 325,  152.0,  21,  Nuc2160893,  1468,  0, 0, 0, , 0, 0, 0, 0, 0,
579,  1,  540,  709,  710,  308, 182,  113.0,  21,  Nuc2161907,  698,  0, 0, 0, , 0, 0, 0, 0, 0,
580,  1,  544,  711,  712,  271, 512,  143.0,  21,  Nuc2162755,  1597,  0, 0, 0, , 0, 0, 0, 0, 0,
581,  1,  545,  713,  714,  271, 376,  125.0,  21,  Nuc2162930,  1752,  0, 0, 0, , 0, 0, 0, 0, 0,
582,  1,  547,  715,  -1,  364, 936,  86.0,  23,  Nuc2163433,  715,  0, 0, 0, , 0, 0, 0, 0, 0,
583,  1,  548,  716,  717,  303, 550,  131.0,  21,  Nuc2164078,  1288,  0, 0, 0, , 0, 0, 0, 0, 0,
584,  1,  548,  718,  719,  326, 517,  129.0,  21,  Nuc2166840,  487,  0, 0, 0, , 0, 0, 0, 0, 0,
585,  1,  549,  720,  721,  310, 753,  131.0,  21,  Nuc2167053,  739,  0, 0, 0, , 0, 0, 0, 0, 0,
586,  1,  550,  722,  723,  323, 672,  149.0,  21,  Nuc2167168,  1845,  0, 0, 0, , 0, 0, 0, 0, 0,
587,  1,  551,  724,  725,  318, 712,  142.0,  21,  Nuc2167200,  1802,  0, 0, 0, , 0, 0, 0, 0, 0,
588,  1,  552,  726,  -1,  364, 678,  144.0,  19,  Nuc2168650,  671,  0, 0, 0, , 0, 0, 0, 0, 0,
589,  1,  553,  727,  728,  325, 429,  140.0,  21,  Nuc2168961,  943,  0, 0, 0, , 0, 0, 0, 0, 0,
590,  1,  553,  729,  730,  360, 400,  146.0,  21,  Nuc2169139,  1333,  0, 0, 0, , 0, 0, 0, 0, 0,
591,  1,  555,  731,  -1,  612, 443,  129.0,  21,  Nuc2169289,  798,  0, 0, 0, , 0, 0, 0, 0, 0,
592,  1,  555,  732,  -1,  616, 397,  130.0,  21,  Nuc2169313,  1422,  0, 0, 0, , 0, 0, 0, 0, 0,
593,  1,  556,  733,  734,  552, 731,  150.0,  21,  Nuc2169564,  2362,  0, 0, 0, , 0, 0, 0, 0, 0,
594,  1,  557,  735,  736,  456, 635,  153.0,  21,  Nuc2172453,  1612,  0, 0, 0, , 0, 0, 0, 0, 0,
595,  1,  558,  737,  -1,  355, 286,  157.0,  21,  Nuc2172896,  1147,  0, 0, 0, , 0, 0, 0, 0, 0,
596,  1,  -1,  738,  -1,  487, 647,  124.0,  23,  Nuc2173165,  293,  0, 0, 0, , 0, 0, 0, 0, 0,
597,  1,  -1,  739,  -1,  492, 693,  126.0,  21,  Nuc2173190,  531,  0, 0, 0, , 0, 0, 0, 0, 0,
598,  1,  -1,  740,  741,  237, 274,  127.0,  19,  Nuc2182303,  573,  0, 0, 0, , 0, 0, 0, 0, 0,
599,  1,  -1,  742,  743,  360, 729,  130.0,  21,  Nuc2182412,  689,  0, 0, 0, , 0, 0, 0, 0, 0,
600,  1,  -1,  744,  745,  286, 617,  136.0,  21,  Nuc2182482,  724,  0, 0, 0, , 0, 0, 0, 0, 0,
601,  1,  -1,  746,  747,  366, 552,  138.0,  23,  Nuc2182625,  838,  0, 0, 0, , 0, 0, 0, 0, 0,
602,  1,  -1,  748,  749,  185, 503,  139.0,  19,  Nuc2182665,  578,  0, 0, 0, , 0, 0, 0, 0, 0,
603,  1,  -1,  750,  -1,  356, 774,  141.0,  21,  Nuc2182714,  703,  0, 0, 0, , 0, 0, 0, 0, 0,
604,  1,  -1,  751,  -1,  769, 556,  144.0,  21,  Nuc2183859,  1711,  0, 0, 0, , 0, 0, 0, 0, 0,
605,  1,  -1,  752,  -1,  535, 308,  152.0,  21,  Nuc2204230,  1655,  0, 0, 0, , 0, 0, 0, 0, 0,
