1,  1,  1,  1,  -1,  556, 972,  88.0,  17,  Nuc78,  517,  0, 0, 0, , 0, 0, 0, 0, 0,
2,  1,  1,  2,  -1,  528, 973,  85.0,  19,  Nuc3269,  537,  0, 0, 0, , 0, 0, 0, 0, 0,
3,  1,  2,  3,  -1,  534, 905,  96.0,  19,  Nuc5294,  879,  0, 0, 0, , 0, 0, 0, 0, 0,
4,  1,  2,  4,  -1,  507, 925,  96.0,  17,  Nuc6472,  1125,  0, 0, 0, , 0, 0, 0, 0, 0,
5,  1,  3,  5,  -1,  448, 949,  91.0,  19,  Nuc7247,  834,  0, 0, 0, , 0, 0, 0, 0, 0,
6,  1,  3,  6,  -1,  438, 961,  85.0,  19,  Nuc7655,  830,  0, 0, 0, , 0, 0, 0, 0, 0,
7,  1,  4,  -1,  -1,  453, 764,  128.0,  17,  Nuc9536,  864,  0, 0, 0, , 0, 0, 0, 0, 0,
8,  1,  4,  7,  -1,  433, 803,  129.0,  17,  Nuc9537,  390,  0, 0, 0, , 0, 0, 0, 0, 0,
9,  1,  5,  8,  -1,  455, 789,  115.0,  19,  Nuc24047,  1111,  0, 0, 0, , 0, 0, 0, 0, 0,
10,  1,  5,  9,  -1,  406, 782,  115.0,  19,  Nuc24124,  771,  0, 0, 0, , 0, 0, 0, 0, 0,
11,  1,  7,  10,  11,  479, 872,  105.0,  21,  Nuc24167,  1263,  0, 0, 0, , 0, 0, 0, 0, 0,
12,  1,  8,  12,  -1,  424, 915,  110.0,  15,  Nuc26098,  632,  0, 0, 0, , 0, 0, 0, 0, 0,
13,  1,  8,  -1,  -1,  424, 914,  105.0,  17,  Nuc28670,  2040,  0, 0, 0, , 0, 0, 0, 0, 0,
14,  1,  9,  13,  -1,  483, 938,  107.0,  19,  Nuc28691,  1339,  0, 0, 0, , 0, 0, 0, 0, 0,
15,  1,  10,  14,  -1,  772, 873,  100.0,  17,  Nuc29685,  1016,  0, 0, 0, , 0, 0, 0, 0, 0,
16,  1,  11,  15,  -1,  787, 898,  93.0,  19,  Nuc31214,  1030,  0, 0, 0, , 0, 0, 0, 0, 0,
17,  1,  12,  16,  -1,  714, 893,  103.0,  17,  Nuc34371,  1054,  0, 0, 0, , 0, 0, 0, 0, 0,
18,  1,  12,  17,  -1,  734, 916,  100.0,  17,  Nuc36022,  995,  0, 0, 0, , 0, 0, 0, 0, 0,
19,  1,  13,  18,  -1,  660, 889,  115.0,  17,  Nuc37596,  1099,  0, 0, 0, , 0, 0, 0, 0, 0,
20,  1,  13,  19,  -1,  676, 908,  114.0,  17,  Nuc39315,  1118,  0, 0, 0, , 0, 0, 0, 0, 0,
21,  1,  14,  20,  -1,  638, 841,  115.0,  19,  Nuc40159,  912,  0, 0, 0, , 0, 0, 0, 0, 0,
22,  1,  15,  21,  -1,  681, 846,  112.0,  17,  Nuc40701,  1238,  0, 0, 0, , 0, 0, 0, 0, 0,
23,  1,  16,  22,  -1,  607, 893,  109.0,  17,  Nuc47900,  1200,  0, 0, 0, , 0, 0, 0, 0, 0,
24,  1,  17,  23,  -1,  639, 910,  106.0,  17,  Nuc48007,  1173,  0, 0, 0, , 0, 0, 0, 0, 0,
25,  1,  18,  24,  -1,  596, 929,  101.0,  17,  Nuc49718,  1311,  0, 0, 0, , 0, 0, 0, 0, 0,
26,  1,  18,  25,  -1,  601, 954,  99.0,  17,  Nuc50381,  965,  0, 0, 0, , 0, 0, 0, 0, 0,
27,  1,  19,  26,  -1,  692, 909,  92.0,  19,  Nuc51571,  1081,  0, 0, 0, , 0, 0, 0, 0, 0,
28,  1,  20,  27,  -1,  703, 941,  88.0,  19,  Nuc59202,  899,  0, 0, 0, , 0, 0, 0, 0, 0,
29,  1,  21,  28,  -1,  627, 937,  91.0,  17,  Nuc61190,  914,  0, 0, 0, , 0, 0, 0, 0, 0,
30,  1,  21,  29,  -1,  630, 965,  85.0,  17,  Nuc62507,  815,  0, 0, 0, , 0, 0, 0, 0, 0,
31,  1,  22,  30,  -1,  633, 875,  135.0,  17,  Nuc64017,  1203,  0, 0, 0, , 0, 0, 0, 0, 0,
32,  1,  23,  31,  -1,  615, 843,  134.0,  19,  Nuc64637,  1170,  0, 0, 0, , 0, 0, 0, 0, 0,
33,  1,  24,  32,  -1,  598, 768,  131.0,  19,  Nuc65789,  1929,  0, 0, 0, , 0, 0, 0, 0, 0,
34,  1,  25,  33,  -1,  576, 814,  134.0,  19,  Nuc65970,  843,  0, 0, 0, , 0, 0, 0, 0, 0,
35,  1,  26,  34,  -1,  532, 949,  101.0,  17,  Nuc69358,  1230,  0, 0, 0, , 0, 0, 0, 0, 0,
36,  1,  27,  35,  -1,  534, 912,  107.0,  17,  Nuc69389,  1424,  0, 0, 0, , 0, 0, 0, 0, 0,
37,  1,  28,  36,  -1,  521, 852,  112.0,  17,  Nuc70684,  1476,  0, 0, 0, , 0, 0, 0, 0, 0,
38,  1,  29,  37,  -1,  521, 852,  107.0,  17,  Nuc73677,  316,  0, 0, 0, , 0, 0, 0, 0, 0,
39,  1,  29,  38,  -1,  558, 866,  108.0,  19,  Nuc73683,  1112,  0, 0, 0, , 0, 0, 0, 0, 0,
40,  1,  30,  39,  -1,  621, 762,  119.0,  19,  Nuc73741,  1324,  0, 0, 0, , 0, 0, 0, 0, 0,
41,  1,  31,  40,  -1,  594, 823,  114.0,  21,  Nuc74225,  1159,  0, 0, 0, , 0, 0, 0, 0, 0,
42,  1,  32,  41,  -1,  553, 814,  117.0,  19,  Nuc74262,  1207,  0, 0, 0, , 0, 0, 0, 0, 0,
43,  1,  33,  42,  -1,  627, 860,  123.0,  17,  Nuc76210,  1791,  0, 0, 0, , 0, 0, 0, 0, 0,
44,  1,  34,  43,  -1,  579, 860,  125.0,  19,  Nuc81742,  1207,  0, 0, 0, , 0, 0, 0, 0, 0,
45,  1,  35,  44,  -1,  563, 879,  118.0,  19,  Nuc87916,  1405,  0, 0, 0, , 0, 0, 0, 0, 0,
46,  1,  36,  45,  -1,  582, 930,  113.0,  19,  Nuc88094,  895,  0, 0, 0, , 0, 0, 0, 0, 0,
47,  1,  37,  46,  -1,  615, 921,  117.0,  19,  Nuc89178,  1043,  0, 0, 0, , 0, 0, 0, 0, 0,
48,  1,  38,  47,  48,  509, 810,  115.0,  17,  Nuc90609,  1008,  0, 0, 0, , 0, 0, 0, 0, 0,
49,  1,  38,  49,  -1,  475, 825,  116.0,  19,  Nuc102376,  811,  0, 0, 0, , 0, 0, 0, 0, 0,
50,  1,  39,  50,  -1,  537, 833,  129.0,  19,  Nuc102474,  1800,  0, 0, 0, , 0, 0, 0, 0, 0,
51,  1,  40,  51,  -1,  479, 877,  129.0,  25,  Nuc126700,  606,  0, 0, 0, , 0, 0, 0, 0, 0,
52,  1,  40,  52,  -1,  477, 835,  126.0,  19,  Nuc129070,  974,  0, 0, 0, , 0, 0, 0, 0, 0,
53,  1,  41,  53,  -1,  500, 802,  130.0,  19,  Nuc143949,  1002,  0, 0, 0, , 0, 0, 0, 0, 0,
54,  1,  42,  54,  -1,  556, 907,  125.0,  19,  Nuc144331,  986,  0, 0, 0, , 0, 0, 0, 0, 0,
55,  1,  43,  55,  -1,  526, 868,  124.0,  19,  Nuc145878,  1309,  0, 0, 0, , 0, 0, 0, 0, 0,
56,  1,  44,  56,  -1,  530, 919,  120.0,  19,  Nuc146064,  699,  0, 0, 0, , 0, 0, 0, 0, 0,
57,  1,  45,  57,  58,  459, 889,  115.0,  17,  Nuc146864,  856,  0, 0, 0, , 0, 0, 0, 0, 0,
58,  1,  45,  59,  -1,  497, 877,  118.0,  17,  Nuc146926,  1655,  0, 0, 0, , 0, 0, 0, 0, 0,
59,  1,  46,  60,  -1,  452, 913,  119.0,  17,  Nuc148251,  1462,  0, 0, 0, , 0, 0, 0, 0, 0,
60,  1,  47,  61,  -1,  520, 863,  138.0,  19,  Nuc148375,  1951,  0, 0, 0, , 0, 0, 0, 0, 0,
61,  1,  48,  62,  -1,  483, 886,  132.0,  17,  Nuc152050,  1271,  0, 0, 0, , 0, 0, 0, 0, 0,
62,  1,  49,  63,  -1,  671, 784,  129.0,  21,  Nuc152924,  1983,  0, 0, 0, , 0, 0, 0, 0, 0,
63,  1,  50,  64,  -1,  671, 783,  117.0,  21,  Nuc161549,  1334,  0, 0, 0, , 0, 0, 0, 0, 0,
64,  1,  51,  65,  -1,  703, 739,  131.0,  19,  Nuc170134,  1912,  0, 0, 0, , 0, 0, 0, 0, 0,
65,  1,  52,  66,  -1,  690, 876,  122.0,  17,  Nuc173397,  1729,  0, 0, 0, , 0, 0, 0, 0, 0,
66,  1,  53,  67,  -1,  672, 832,  125.0,  19,  Nuc174606,  2002,  0, 0, 0, , 0, 0, 0, 0, 0,
67,  1,  54,  68,  -1,  735, 839,  128.0,  19,  Nuc182371,  1615,  0, 0, 0, , 0, 0, 0, 0, 0,
68,  1,  55,  69,  -1,  696, 843,  134.0,  19,  Nuc186070,  1598,  0, 0, 0, , 0, 0, 0, 0, 0,
69,  1,  56,  70,  -1,  724, 798,  132.0,  17,  Nuc186487,  1660,  0, 0, 0, , 0, 0, 0, 0, 0,
70,  1,  57,  71,  -1,  728, 734,  144.0,  19,  Nuc190579,  2054,  0, 0, 0, , 0, 0, 0, 0, 0,
71,  1,  58,  72,  -1,  726, 781,  145.0,  19,  Nuc197463,  1685,  0, 0, 0, , 0, 0, 0, 0, 0,
72,  1,  59,  73,  -1,  649, 759,  154.0,  19,  Nuc200258,  2306,  0, 0, 0, , 0, 0, 0, 0, 0,
73,  1,  60,  74,  75,  672, 769,  143.0,  17,  Nuc201653,  1187,  0, 0, 0, , 0, 0, 0, 0, 0,
74,  1,  61,  76,  -1,  666, 840,  141.0,  19,  Nuc205712,  1755,  0, 0, 0, , 0, 0, 0, 0, 0,
75,  1,  62,  77,  -1,  600, 833,  143.0,  17,  Nuc208545,  1891,  0, 0, 0, , 0, 0, 0, 0, 0,
76,  1,  63,  78,  -1,  644, 794,  139.0,  19,  Nuc209349,  1361,  0, 0, 0, , 0, 0, 0, 0, 0,
77,  1,  64,  79,  -1,  838, 725,  115.0,  17,  Nuc209777,  1519,  0, 0, 0, , 0, 0, 0, 0, 0,
78,  1,  65,  80,  -1,  813, 760,  116.0,  17,  Nuc212306,  1387,  0, 0, 0, , 0, 0, 0, 0, 0,
79,  1,  66,  81,  82,  858, 775,  114.0,  27,  Nuc214944,  2653,  0, 0, 0, , 0, 0, 0, 0, 0,
80,  1,  67,  83,  -1,  865, 765,  101.0,  19,  Nuc215673,  1107,  0, 0, 0, , 0, 0, 0, 0, 0,
81,  1,  68,  84,  -1,  883, 797,  97.0,  17,  Nuc216502,  1222,  0, 0, 0, , 0, 0, 0, 0, 0,
82,  1,  69,  85,  -1,  822, 821,  101.0,  19,  Nuc220676,  971,  0, 0, 0, , 0, 0, 0, 0, 0,
83,  1,  70,  86,  -1,  837, 853,  97.0,  17,  Nuc225645,  1059,  0, 0, 0, , 0, 0, 0, 0, 0,
84,  1,  71,  87,  -1,  785, 824,  125.0,  17,  Nuc230392,  1529,  0, 0, 0, , 0, 0, 0, 0, 0,
85,  1,  72,  88,  -1,  811, 804,  122.0,  19,  Nuc230608,  1624,  0, 0, 0, , 0, 0, 0, 0, 0,
86,  1,  73,  89,  -1,  715, 753,  120.0,  19,  Nuc230689,  1709,  0, 0, 0, , 0, 0, 0, 0, 0,
87,  1,  74,  90,  -1,  723, 806,  116.0,  19,  Nuc240526,  1799,  0, 0, 0, , 0, 0, 0, 0, 0,
88,  1,  75,  91,  -1,  760, 780,  117.0,  19,  Nuc242588,  1202,  0, 0, 0, , 0, 0, 0, 0, 0,
89,  1,  76,  92,  -1,  724, 846,  112.0,  19,  Nuc248287,  1834,  0, 0, 0, , 0, 0, 0, 0, 0,
90,  1,  77,  93,  -1,  740, 879,  115.0,  17,  Nuc248520,  1574,  0, 0, 0, , 0, 0, 0, 0, 0,
91,  1,  78,  94,  -1,  785, 811,  111.0,  19,  Nuc249188,  1344,  0, 0, 0, , 0, 0, 0, 0, 0,
92,  1,  79,  95,  -1,  799, 850,  112.0,  17,  Nuc250895,  1492,  0, 0, 0, , 0, 0, 0, 0, 0,
93,  1,  80,  96,  -1,  776, 210,  112.0,  17,  Nuc251898,  874,  0, 0, 0, , 0, 0, 0, 0, 0,
94,  1,  81,  97,  -1,  786, 196,  106.0,  19,  Nuc253907,  1218,  0, 0, 0, , 0, 0, 0, 0, 0,
95,  1,  82,  98,  -1,  816, 258,  104.0,  19,  Nuc255973,  1181,  0, 0, 0, , 0, 0, 0, 0, 0,
96,  1,  83,  99,  -1,  831, 223,  99.0,  17,  Nuc258838,  1014,  0, 0, 0, , 0, 0, 0, 0, 0,
97,  1,  84,  100,  -1,  637, 287,  117.0,  19,  Nuc260727,  771,  0, 0, 0, , 0, 0, 0, 0, 0,
98,  1,  85,  101,  -1,  622, 240,  117.0,  17,  Nuc260774,  844,  0, 0, 0, , 0, 0, 0, 0, 0,
99,  1,  86,  102,  -1,  688, 197,  112.0,  17,  Nuc261270,  1058,  0, 0, 0, , 0, 0, 0, 0, 0,
100,  1,  87,  103,  -1,  707, 169,  107.0,  17,  Nuc263306,  1101,  0, 0, 0, , 0, 0, 0, 0, 0,
101,  1,  88,  104,  -1,  691, 228,  136.0,  17,  Nuc264773,  1238,  0, 0, 0, , 0, 0, 0, 0, 0,
102,  1,  88,  105,  -1,  668, 214,  133.0,  17,  Nuc267017,  1083,  0, 0, 0, , 0, 0, 0, 0, 0,
103,  1,  89,  106,  -1,  593, 257,  129.0,  19,  Nuc268211,  1455,  0, 0, 0, , 0, 0, 0, 0, 0,
104,  1,  90,  107,  -1,  635, 250,  131.0,  17,  Nuc269135,  1282,  0, 0, 0, , 0, 0, 0, 0, 0,
105,  1,  91,  108,  -1,  594, 197,  126.0,  17,  Nuc271252,  1818,  0, 0, 0, , 0, 0, 0, 0, 0,
106,  1,  92,  109,  -1,  630, 175,  124.0,  17,  Nuc272273,  1388,  0, 0, 0, , 0, 0, 0, 0, 0,
107,  1,  93,  110,  -1,  707, 204,  122.0,  19,  Nuc272795,  2014,  0, 0, 0, , 0, 0, 0, 0, 0,
108,  1,  94,  111,  -1,  508, 289,  131.0,  17,  Nuc274999,  477,  0, 0, 0, , 0, 0, 0, 0, 0,
109,  1,  94,  112,  -1,  549, 273,  135.0,  19,  Nuc278168,  1316,  0, 0, 0, , 0, 0, 0, 0, 0,
110,  1,  95,  113,  -1,  576, 318,  139.0,  21,  Nuc280434,  1348,  0, 0, 0, , 0, 0, 0, 0, 0,
111,  1,  96,  114,  115,  529, 338,  142.0,  19,  Nuc281669,  1521,  0, 0, 0, , 0, 0, 0, 0, 0,
112,  1,  97,  116,  -1,  513, 278,  143.0,  19,  Nuc281715,  1780,  0, 0, 0, , 0, 0, 0, 0, 0,
113,  1,  98,  117,  -1,  576, 213,  143.0,  19,  Nuc283145,  1490,  0, 0, 0, , 0, 0, 0, 0, 0,
114,  1,  99,  118,  -1,  607, 205,  138.0,  17,  Nuc283747,  1321,  0, 0, 0, , 0, 0, 0, 0, 0,
115,  1,  100,  119,  -1,  621, 250,  145.0,  17,  Nuc285953,  1414,  0, 0, 0, , 0, 0, 0, 0, 0,
116,  1,  101,  120,  -1,  619, 298,  143.0,  19,  Nuc286971,  1546,  0, 0, 0, , 0, 0, 0, 0, 0,
117,  1,  102,  121,  -1,  539, 281,  117.0,  19,  Nuc293771,  890,  0, 0, 0, , 0, 0, 0, 0, 0,
118,  1,  102,  122,  -1,  538, 232,  117.0,  17,  Nuc293791,  994,  0, 0, 0, , 0, 0, 0, 0, 0,
119,  1,  103,  123,  124,  531, 218,  129.0,  17,  Nuc293857,  1343,  0, 0, 0, , 0, 0, 0, 0, 0,
120,  1,  104,  125,  -1,  546, 172,  126.0,  17,  Nuc302895,  1134,  0, 0, 0, , 0, 0, 0, 0, 0,
121,  1,  105,  126,  -1,  630, 142,  107.0,  19,  Nuc306847,  1058,  0, 0, 0, , 0, 0, 0, 0, 0,
122,  1,  106,  127,  -1,  612, 146,  113.0,  17,  Nuc308454,  979,  0, 0, 0, , 0, 0, 0, 0, 0,
123,  1,  107,  128,  -1,  574, 137,  111.0,  19,  Nuc310965,  1042,  0, 0, 0, , 0, 0, 0, 0, 0,
124,  1,  108,  129,  -1,  581, 124,  104.0,  19,  Nuc312712,  990,  0, 0, 0, , 0, 0, 0, 0, 0,
125,  1,  109,  130,  -1,  863, 298,  108.0,  19,  Nuc314337,  1112,  0, 0, 0, , 0, 0, 0, 0, 0,
126,  1,  110,  131,  -1,  852, 320,  116.0,  17,  Nuc316092,  1143,  0, 0, 0, , 0, 0, 0, 0, 0,
127,  1,  111,  132,  -1,  883, 349,  107.0,  19,  Nuc317276,  1294,  0, 0, 0, , 0, 0, 0, 0, 0,
128,  1,  112,  133,  -1,  910, 315,  101.0,  19,  Nuc323760,  1262,  0, 0, 0, , 0, 0, 0, 0, 0,
129,  1,  113,  134,  -1,  910, 472,  106.0,  19,  Nuc326423,  1328,  0, 0, 0, , 0, 0, 0, 0, 0,
130,  1,  114,  135,  -1,  959, 470,  103.0,  17,  Nuc327896,  1291,  0, 0, 0, , 0, 0, 0, 0, 0,
131,  1,  115,  136,  -1,  949, 395,  104.0,  17,  Nuc330221,  1260,  0, 0, 0, , 0, 0, 0, 0, 0,
132,  1,  116,  137,  -1,  931, 389,  113.0,  19,  Nuc341941,  1340,  0, 0, 0, , 0, 0, 0, 0, 0,
133,  1,  117,  138,  -1,  785, 295,  120.0,  21,  Nuc343689,  1704,  0, 0, 0, , 0, 0, 0, 0, 0,
134,  1,  118,  139,  -1,  827, 277,  118.0,  19,  Nuc347243,  1233,  0, 0, 0, , 0, 0, 0, 0, 0,
135,  1,  119,  140,  -1,  782, 300,  138.0,  17,  Nuc348468,  1575,  0, 0, 0, , 0, 0, 0, 0, 0,
136,  1,  120,  141,  -1,  766, 333,  134.0,  19,  Nuc349294,  1256,  0, 0, 0, , 0, 0, 0, 0, 0,
137,  1,  121,  142,  -1,  849, 334,  129.0,  17,  Nuc359700,  1596,  0, 0, 0, , 0, 0, 0, 0, 0,
138,  1,  122,  143,  -1,  791, 380,  125.0,  21,  Nuc361738,  1851,  0, 0, 0, , 0, 0, 0, 0, 0,
139,  1,  123,  144,  -1,  829, 371,  122.0,  19,  Nuc368375,  1594,  0, 0, 0, , 0, 0, 0, 0, 0,
140,  1,  124,  145,  -1,  803, 381,  136.0,  19,  Nuc370621,  1729,  0, 0, 0, , 0, 0, 0, 0, 0,
141,  1,  125,  146,  -1,  806, 373,  146.0,  19,  Nuc382511,  1668,  0, 0, 0, , 0, 0, 0, 0, 0,
142,  1,  126,  147,  -1,  742, 320,  147.0,  17,  Nuc382959,  1654,  0, 0, 0, , 0, 0, 0, 0, 0,
143,  1,  127,  148,  -1,  748, 353,  153.0,  17,  Nuc383512,  1759,  0, 0, 0, , 0, 0, 0, 0, 0,
144,  1,  128,  149,  -1,  719, 372,  144.0,  19,  Nuc386099,  2115,  0, 0, 0, , 0, 0, 0, 0, 0,
145,  1,  129,  150,  -1,  752, 404,  140.0,  19,  Nuc387975,  1851,  0, 0, 0, , 0, 0, 0, 0, 0,
146,  1,  130,  151,  -1,  753, 331,  125.0,  19,  Nuc391887,  1316,  0, 0, 0, , 0, 0, 0, 0, 0,
147,  1,  131,  152,  -1,  745, 392,  128.0,  17,  Nuc402984,  1832,  0, 0, 0, , 0, 0, 0, 0, 0,
148,  1,  132,  153,  -1,  706, 368,  128.0,  19,  Nuc406099,  1347,  0, 0, 0, , 0, 0, 0, 0, 0,
149,  1,  133,  154,  -1,  679, 329,  140.0,  19,  Nuc406988,  2066,  0, 0, 0, , 0, 0, 0, 0, 0,
150,  1,  134,  155,  -1,  672, 278,  140.0,  19,  Nuc421998,  1928,  0, 0, 0, , 0, 0, 0, 0, 0,
151,  1,  135,  156,  -1,  677, 269,  126.0,  17,  Nuc424215,  1908,  0, 0, 0, , 0, 0, 0, 0, 0,
152,  1,  136,  157,  -1,  704, 310,  128.0,  17,  Nuc432205,  1448,  0, 0, 0, , 0, 0, 0, 0, 0,
153,  1,  137,  158,  -1,  751, 270,  137.0,  17,  Nuc441258,  1715,  0, 0, 0, , 0, 0, 0, 0, 0,
154,  1,  138,  159,  -1,  742, 269,  124.0,  19,  Nuc442525,  1713,  0, 0, 0, , 0, 0, 0, 0, 0,
155,  1,  139,  160,  -1,  780, 243,  123.0,  21,  Nuc444156,  1494,  0, 0, 0, , 0, 0, 0, 0, 0,
156,  1,  140,  161,  -1,  388, 181,  114.0,  17,  Nuc445529,  624,  0, 0, 0, , 0, 0, 0, 0, 0,
157,  1,  140,  162,  -1,  391, 147,  112.0,  17,  Nuc448789,  905,  0, 0, 0, , 0, 0, 0, 0, 0,
158,  1,  141,  163,  -1,  428, 198,  129.0,  17,  Nuc450590,  1012,  0, 0, 0, , 0, 0, 0, 0, 0,
159,  1,  141,  164,  -1,  413, 169,  126.0,  17,  Nuc450644,  772,  0, 0, 0, , 0, 0, 0, 0, 0,
160,  1,  142,  165,  -1,  362, 256,  141.0,  19,  Nuc451872,  1158,  0, 0, 0, , 0, 0, 0, 0, 0,
161,  1,  142,  166,  -1,  362, 256,  135.0,  19,  Nuc451968,  1288,  0, 0, 0, , 0, 0, 0, 0, 0,
162,  1,  143,  167,  -1,  357, 214,  138.0,  19,  Nuc452157,  1704,  0, 0, 0, , 0, 0, 0, 0, 0,
163,  1,  144,  168,  169,  422, 269,  140.0,  19,  Nuc452236,  721,  0, 0, 0, , 0, 0, 0, 0, 0,
164,  1,  144,  170,  -1,  389, 282,  145.0,  17,  Nuc453100,  1206,  0, 0, 0, , 0, 0, 0, 0, 0,
165,  1,  145,  171,  -1,  447, 164,  115.0,  19,  Nuc454692,  1516,  0, 0, 0, , 0, 0, 0, 0, 0,
166,  1,  146,  -1,  -1,  456, 137,  111.0,  19,  Nuc454932,  277,  0, 0, 0, , 0, 0, 0, 0, 0,
167,  1,  147,  172,  -1,  477, 153,  122.0,  17,  Nuc454953,  376,  0, 0, 0, , 0, 0, 0, 0, 0,
168,  1,  147,  173,  -1,  509, 147,  117.0,  17,  Nuc455100,  1101,  0, 0, 0, , 0, 0, 0, 0, 0,
169,  1,  148,  174,  -1,  512, 133,  110.0,  17,  Nuc456048,  706,  0, 0, 0, , 0, 0, 0, 0, 0,
170,  1,  149,  175,  -1,  482, 188,  125.0,  17,  Nuc457668,  874,  0, 0, 0, , 0, 0, 0, 0, 0,
171,  1,  150,  176,  -1,  472, 314,  144.0,  19,  Nuc460168,  1541,  0, 0, 0, , 0, 0, 0, 0, 0,
172,  1,  151,  177,  -1,  466, 264,  146.0,  17,  Nuc462008,  1559,  0, 0, 0, , 0, 0, 0, 0, 0,
173,  1,  152,  178,  179,  436, 240,  126.0,  19,  Nuc462242,  161,  0, 0, 0, , 0, 0, 0, 0, 0,
174,  1,  152,  180,  -1,  436, 239,  133.0,  17,  Nuc462271,  1134,  0, 0, 0, , 0, 0, 0, 0, 0,
175,  1,  153,  181,  -1,  462, 203,  135.0,  17,  Nuc462398,  1113,  0, 0, 0, , 0, 0, 0, 0, 0,
176,  1,  153,  182,  -1,  455, 187,  135.0,  17,  Nuc462459,  635,  0, 0, 0, , 0, 0, 0, 0, 0,
177,  1,  154,  183,  -1,  513, 200,  138.0,  21,  Nuc465739,  1631,  0, 0, 0, , 0, 0, 0, 0, 0,
178,  1,  155,  184,  -1,  915, 647,  129.0,  17,  Nuc466310,  1418,  0, 0, 0, , 0, 0, 0, 0, 0,
179,  1,  156,  185,  -1,  868, 641,  120.0,  21,  Nuc466619,  1425,  0, 0, 0, , 0, 0, 0, 0, 0,
180,  1,  157,  186,  -1,  904, 635,  114.0,  19,  Nuc476194,  1651,  0, 0, 0, , 0, 0, 0, 0, 0,
181,  1,  158,  187,  -1,  954, 686,  105.0,  19,  Nuc478803,  1382,  0, 0, 0, , 0, 0, 0, 0, 0,
182,  1,  159,  188,  -1,  960, 680,  97.0,  19,  Nuc480116,  1605,  0, 0, 0, , 0, 0, 0, 0, 0,
183,  1,  160,  189,  -1,  955, 620,  113.0,  19,  Nuc487396,  1470,  0, 0, 0, , 0, 0, 0, 0, 0,
184,  1,  161,  190,  -1,  974, 621,  105.0,  19,  Nuc493860,  1352,  0, 0, 0, , 0, 0, 0, 0, 0,
185,  1,  162,  191,  -1,  863, 731,  129.0,  21,  Nuc497676,  1468,  0, 0, 0, , 0, 0, 0, 0, 0,
186,  1,  163,  192,  -1,  811, 710,  128.0,  17,  Nuc500835,  1453,  0, 0, 0, , 0, 0, 0, 0, 0,
187,  1,  164,  193,  -1,  772, 722,  119.0,  19,  Nuc510941,  2476,  0, 0, 0, , 0, 0, 0, 0, 0,
188,  1,  165,  194,  -1,  867, 693,  131.0,  19,  Nuc526954,  1646,  0, 0, 0, , 0, 0, 0, 0, 0,
189,  1,  166,  195,  -1,  826, 667,  122.0,  17,  Nuc536932,  1721,  0, 0, 0, , 0, 0, 0, 0, 0,
190,  1,  167,  196,  -1,  903, 715,  117.0,  19,  Nuc541255,  1358,  0, 0, 0, , 0, 0, 0, 0, 0,
191,  1,  168,  197,  -1,  887, 686,  112.0,  19,  Nuc541902,  1289,  0, 0, 0, , 0, 0, 0, 0, 0,
192,  1,  169,  198,  -1,  916, 749,  106.0,  17,  Nuc543605,  1314,  0, 0, 0, , 0, 0, 0, 0, 0,
193,  1,  170,  199,  -1,  936, 735,  101.0,  17,  Nuc543970,  1320,  0, 0, 0, , 0, 0, 0, 0, 0,
194,  1,  171,  200,  -1,  818, 657,  141.0,  17,  Nuc546736,  2227,  0, 0, 0, , 0, 0, 0, 0, 0,
195,  1,  172,  201,  -1,  826, 693,  145.0,  19,  Nuc573500,  2095,  0, 0, 0, , 0, 0, 0, 0, 0,
196,  1,  173,  202,  -1,  769, 751,  129.0,  19,  Nuc574134,  1726,  0, 0, 0, , 0, 0, 0, 0, 0,
197,  1,  174,  203,  -1,  780, 782,  134.0,  19,  Nuc577324,  2001,  0, 0, 0, , 0, 0, 0, 0, 0,
198,  1,  175,  204,  -1,  776, 646,  121.0,  21,  Nuc578611,  1881,  0, 0, 0, , 0, 0, 0, 0, 0,
199,  1,  176,  205,  -1,  741, 694,  125.0,  19,  Nuc585295,  1888,  0, 0, 0, , 0, 0, 0, 0, 0,
200,  1,  177,  206,  -1,  767, 644,  135.0,  19,  Nuc590750,  2200,  0, 0, 0, , 0, 0, 0, 0, 0,
201,  1,  178,  207,  -1,  729, 672,  142.0,  19,  Nuc606150,  2121,  0, 0, 0, , 0, 0, 0, 0, 0,
202,  1,  179,  208,  209,  692, 695,  136.0,  19,  Nuc624280,  1151,  0, 0, 0, , 0, 0, 0, 0, 0,
203,  1,  180,  -1,  -1,  610, 721,  151.0,  15,  Nuc634008,  872,  0, 0, 0, , 0, 0, 0, 0, 0,
204,  1,  180,  210,  -1,  657, 703,  150.0,  17,  Nuc634009,  1343,  0, 0, 0, , 0, 0, 0, 0, 0,
205,  1,  181,  211,  -1,  677, 661,  147.0,  19,  Nuc635137,  2491,  0, 0, 0, , 0, 0, 0, 0, 0,
206,  1,  182,  212,  -1,  777, 732,  147.0,  19,  Nuc668729,  1928,  0, 0, 0, , 0, 0, 0, 0, 0,
207,  1,  183,  213,  -1,  778, 698,  138.0,  19,  Nuc668792,  1706,  0, 0, 0, , 0, 0, 0, 0, 0,
208,  1,  184,  214,  -1,  732, 709,  157.0,  19,  Nuc673198,  2446,  0, 0, 0, , 0, 0, 0, 0, 0,
209,  1,  185,  215,  -1,  698, 741,  157.0,  19,  Nuc677396,  2567,  0, 0, 0, , 0, 0, 0, 0, 0,
210,  1,  186,  216,  217,  340, 771,  151.0,  17,  Nuc682082,  1354,  0, 0, 0, , 0, 0, 0, 0, 0,
211,  1,  187,  218,  219,  367, 670,  159.0,  17,  Nuc684225,  946,  0, 0, 0, , 0, 0, 0, 0, 0,
212,  1,  187,  220,  -1,  365, 717,  156.0,  17,  Nuc685610,  1212,  0, 0, 0, , 0, 0, 0, 0, 0,
213,  1,  188,  221,  222,  375, 833,  141.0,  19,  Nuc685671,  2136,  0, 0, 0, , 0, 0, 0, 0, 0,
214,  1,  189,  223,  -1,  378, 740,  144.0,  21,  Nuc686931,  885,  0, 0, 0, , 0, 0, 0, 0, 0,
215,  1,  190,  224,  225,  423, 669,  138.0,  19,  Nuc687176,  454,  0, 0, 0, , 0, 0, 0, 0, 0,
216,  1,  190,  226,  227,  396, 705,  138.0,  19,  Nuc687309,  1391,  0, 0, 0, , 0, 0, 0, 0, 0,
217,  1,  191,  228,  229,  400, 782,  145.0,  17,  Nuc693841,  1014,  0, 0, 0, , 0, 0, 0, 0, 0,
218,  1,  192,  230,  -1,  409, 755,  131.0,  17,  Nuc693853,  902,  0, 0, 0, , 0, 0, 0, 0, 0,
219,  1,  193,  231,  232,  432, 829,  136.0,  17,  Nuc694038,  1340,  0, 0, 0, , 0, 0, 0, 0, 0,
220,  1,  194,  233,  -1,  425, 872,  134.0,  19,  Nuc694124,  2469,  0, 0, 0, , 0, 0, 0, 0, 0,
221,  1,  195,  234,  -1,  397, 794,  135.0,  19,  Nuc694452,  1524,  0, 0, 0, , 0, 0, 0, 0, 0,
222,  1,  196,  235,  236,  366, 766,  125.0,  17,  Nuc694670,  127,  0, 0, 0, , 0, 0, 0, 0, 0,
223,  1,  196,  237,  -1,  378, 809,  129.0,  19,  Nuc694816,  1209,  0, 0, 0, , 0, 0, 0, 0, 0,
224,  1,  197,  238,  -1,  279, 751,  140.0,  17,  Nuc694837,  948,  0, 0, 0, , 0, 0, 0, 0, 0,
225,  1,  197,  239,  -1,  289, 788,  134.0,  17,  Nuc694844,  1045,  0, 0, 0, , 0, 0, 0, 0, 0,
226,  1,  198,  240,  241,  327, 807,  130.0,  19,  Nuc694946,  1452,  0, 0, 0, , 0, 0, 0, 0, 0,
227,  1,  199,  242,  243,  330, 849,  123.0,  17,  Nuc695099,  1138,  0, 0, 0, , 0, 0, 0, 0, 0,
228,  1,  199,  244,  -1,  357, 857,  124.0,  17,  Nuc695551,  478,  0, 0, 0, , 0, 0, 0, 0, 0,
229,  1,  200,  245,  -1,  846, 441,  121.0,  21,  Nuc701824,  1797,  0, 0, 0, , 0, 0, 0, 0, 0,
230,  1,  201,  246,  -1,  873, 404,  119.0,  19,  Nuc718579,  1240,  0, 0, 0, , 0, 0, 0, 0, 0,
231,  1,  202,  247,  -1,  874, 360,  126.0,  17,  Nuc720098,  1537,  0, 0, 0, , 0, 0, 0, 0, 0,
232,  1,  203,  248,  -1,  910, 395,  123.0,  17,  Nuc724781,  1632,  0, 0, 0, , 0, 0, 0, 0, 0,
233,  1,  204,  249,  -1,  893, 459,  122.0,  19,  Nuc726390,  1824,  0, 0, 0, , 0, 0, 0, 0, 0,
234,  1,  205,  250,  -1,  904, 506,  117.0,  19,  Nuc727178,  1146,  0, 0, 0, , 0, 0, 0, 0, 0,
235,  1,  206,  251,  -1,  934, 449,  122.0,  17,  Nuc733906,  1841,  0, 0, 0, , 0, 0, 0, 0, 0,
236,  1,  207,  252,  -1,  955, 480,  118.0,  19,  Nuc734519,  1427,  0, 0, 0, , 0, 0, 0, 0, 0,
237,  1,  208,  253,  -1,  956, 514,  120.0,  19,  Nuc735146,  1567,  0, 0, 0, , 0, 0, 0, 0, 0,
238,  1,  209,  254,  -1,  837, 431,  131.0,  19,  Nuc736786,  1510,  0, 0, 0, , 0, 0, 0, 0, 0,
239,  1,  210,  255,  -1,  885, 432,  139.0,  19,  Nuc740831,  1870,  0, 0, 0, , 0, 0, 0, 0, 0,
240,  1,  211,  256,  -1,  856, 403,  140.0,  17,  Nuc742030,  1865,  0, 0, 0, , 0, 0, 0, 0, 0,
241,  1,  212,  257,  -1,  849, 491,  128.0,  19,  Nuc744087,  2198,  0, 0, 0, , 0, 0, 0, 0, 0,
242,  1,  213,  258,  -1,  844, 474,  143.0,  19,  Nuc755994,  1990,  0, 0, 0, , 0, 0, 0, 0, 0,
243,  1,  214,  259,  -1,  872, 518,  148.0,  19,  Nuc756191,  1717,  0, 0, 0, , 0, 0, 0, 0, 0,
244,  1,  215,  260,  -1,  888, 515,  141.0,  19,  Nuc764027,  2027,  0, 0, 0, , 0, 0, 0, 0, 0,
245,  1,  216,  261,  -1,  780, 438,  126.0,  19,  Nuc765569,  1815,  0, 0, 0, , 0, 0, 0, 0, 0,
246,  1,  217,  262,  -1,  792, 445,  137.0,  17,  Nuc767146,  1706,  0, 0, 0, , 0, 0, 0, 0, 0,
247,  1,  218,  263,  -1,  802, 484,  121.0,  21,  Nuc767401,  1621,  0, 0, 0, , 0, 0, 0, 0, 0,
248,  1,  219,  264,  -1,  787, 492,  132.0,  19,  Nuc769730,  1092,  0, 0, 0, , 0, 0, 0, 0, 0,
249,  1,  220,  265,  -1,  736, 503,  141.0,  21,  Nuc777286,  2281,  0, 0, 0, , 0, 0, 0, 0, 0,
250,  1,  221,  266,  267,  716, 545,  148.0,  17,  Nuc781538,  975,  0, 0, 0, , 0, 0, 0, 0, 0,
251,  1,  222,  268,  -1,  790, 491,  151.0,  19,  Nuc781841,  1835,  0, 0, 0, , 0, 0, 0, 0, 0,
252,  1,  223,  269,  -1,  789, 506,  162.0,  19,  Nuc784402,  1816,  0, 0, 0, , 0, 0, 0, 0, 0,
253,  1,  224,  270,  -1,  844, 457,  151.0,  19,  Nuc786049,  1870,  0, 0, 0, , 0, 0, 0, 0, 0,
254,  1,  225,  271,  -1,  763, 428,  150.0,  19,  Nuc787836,  2306,  0, 0, 0, , 0, 0, 0, 0, 0,
255,  1,  226,  272,  -1,  755, 418,  161.0,  19,  Nuc790366,  1832,  0, 0, 0, , 0, 0, 0, 0, 0,
256,  1,  227,  273,  -1,  723, 477,  160.0,  19,  Nuc795098,  1933,  0, 0, 0, , 0, 0, 0, 0, 0,
257,  1,  228,  274,  -1,  716, 442,  150.0,  19,  Nuc795455,  2273,  0, 0, 0, , 0, 0, 0, 0, 0,
258,  1,  229,  275,  -1,  826, 516,  138.0,  19,  Nuc799540,  1919,  0, 0, 0, , 0, 0, 0, 0, 0,
259,  1,  230,  276,  -1,  776, 541,  127.0,  19,  Nuc801189,  2170,  0, 0, 0, , 0, 0, 0, 0, 0,
260,  1,  231,  277,  -1,  793, 592,  127.0,  19,  Nuc808237,  1113,  0, 0, 0, , 0, 0, 0, 0, 0,
261,  1,  232,  278,  -1,  807, 577,  140.0,  19,  Nuc825254,  2012,  0, 0, 0, , 0, 0, 0, 0, 0,
262,  1,  233,  279,  -1,  773, 615,  150.0,  19,  Nuc842585,  2626,  0, 0, 0, , 0, 0, 0, 0, 0,
263,  1,  234,  280,  -1,  796, 612,  141.0,  17,  Nuc845536,  1129,  0, 0, 0, , 0, 0, 0, 0, 0,
264,  1,  235,  281,  -1,  845, 623,  134.0,  19,  Nuc846769,  1680,  0, 0, 0, , 0, 0, 0, 0, 0,
265,  1,  236,  282,  -1,  873, 646,  140.0,  17,  Nuc849530,  2049,  0, 0, 0, , 0, 0, 0, 0, 0,
266,  1,  237,  283,  -1,  836, 555,  139.0,  17,  Nuc851370,  1787,  0, 0, 0, , 0, 0, 0, 0, 0,
267,  1,  238,  284,  -1,  881, 571,  140.0,  17,  Nuc854631,  2117,  0, 0, 0, , 0, 0, 0, 0, 0,
268,  1,  239,  285,  -1,  825, 606,  119.0,  19,  Nuc855304,  1186,  0, 0, 0, , 0, 0, 0, 0, 0,
269,  1,  240,  286,  -1,  893, 613,  131.0,  17,  Nuc866505,  1634,  0, 0, 0, , 0, 0, 0, 0, 0,
270,  1,  241,  287,  -1,  857, 586,  126.0,  19,  Nuc879861,  1762,  0, 0, 0, , 0, 0, 0, 0, 0,
271,  1,  242,  288,  -1,  891, 527,  128.0,  21,  Nuc886409,  1601,  0, 0, 0, , 0, 0, 0, 0, 0,
272,  1,  243,  289,  -1,  861, 543,  119.0,  19,  Nuc889063,  1789,  0, 0, 0, , 0, 0, 0, 0, 0,
273,  1,  244,  290,  -1,  823, 540,  123.0,  17,  Nuc889908,  1727,  0, 0, 0, , 0, 0, 0, 0, 0,
274,  1,  245,  291,  -1,  915, 549,  117.0,  17,  Nuc895751,  1770,  0, 0, 0, , 0, 0, 0, 0, 0,
275,  1,  246,  292,  -1,  901, 591,  118.0,  19,  Nuc899439,  1529,  0, 0, 0, , 0, 0, 0, 0, 0,
276,  1,  247,  293,  -1,  936, 594,  128.0,  17,  Nuc902826,  1814,  0, 0, 0, , 0, 0, 0, 0, 0,
277,  1,  248,  294,  -1,  931, 564,  132.0,  19,  Nuc903876,  1460,  0, 0, 0, , 0, 0, 0, 0, 0,
278,  1,  249,  295,  -1,  975, 562,  113.0,  19,  Nuc906534,  1371,  0, 0, 0, , 0, 0, 0, 0, 0,
279,  1,  250,  296,  -1,  986, 549,  106.0,  19,  Nuc907634,  1367,  0, 0, 0, , 0, 0, 0, 0, 0,
280,  1,  251,  297,  -1,  970, 527,  100.0,  17,  Nuc909121,  1275,  0, 0, 0, , 0, 0, 0, 0, 0,
281,  1,  252,  298,  -1,  947, 530,  109.0,  17,  Nuc910758,  1730,  0, 0, 0, , 0, 0, 0, 0, 0,
282,  1,  253,  299,  -1,  702, 588,  125.0,  19,  Nuc911915,  953,  0, 0, 0, , 0, 0, 0, 0, 0,
283,  1,  253,  300,  -1,  748, 606,  126.0,  19,  Nuc911979,  2837,  0, 0, 0, , 0, 0, 0, 0, 0,
284,  1,  254,  301,  -1,  747, 568,  137.0,  33,  Nuc935112,  1239,  0, 0, 0, , 0, 0, 0, 0, 0,
285,  1,  254,  302,  -1,  742, 564,  129.0,  17,  Nuc935114,  2088,  0, 0, 0, , 0, 0, 0, 0, 0,
286,  1,  255,  303,  -1,  709, 625,  138.0,  19,  Nuc938606,  2278,  0, 0, 0, , 0, 0, 0, 0, 0,
287,  1,  256,  304,  305,  728, 594,  143.0,  19,  Nuc946159,  2699,  0, 0, 0, , 0, 0, 0, 0, 0,
288,  1,  257,  306,  -1,  786, 675,  154.0,  17,  Nuc953014,  2640,  0, 0, 0, , 0, 0, 0, 0, 0,
289,  1,  258,  307,  -1,  750, 610,  167.0,  21,  Nuc954609,  5140,  0, 0, 0, , 0, 0, 0, 0, 0,
290,  1,  259,  308,  -1,  737, 593,  159.0,  19,  Nuc956978,  1240,  0, 0, 0, , 0, 0, 0, 0, 0,
291,  1,  260,  309,  -1,  829, 618,  153.0,  19,  Nuc966778,  2316,  0, 0, 0, , 0, 0, 0, 0, 0,
292,  1,  261,  310,  -1,  854, 596,  149.0,  19,  Nuc967786,  2177,  0, 0, 0, , 0, 0, 0, 0, 0,
293,  1,  262,  311,  -1,  819, 542,  156.0,  19,  Nuc967927,  2368,  0, 0, 0, , 0, 0, 0, 0, 0,
294,  1,  263,  312,  -1,  767, 566,  167.0,  29,  Nuc1008392,  296,  0, 0, 0, , 0, 0, 0, 0, 0,
295,  1,  263,  313,  -1,  800, 563,  162.0,  19,  Nuc1008395,  1611,  0, 0, 0, , 0, 0, 0, 0, 0,
296,  1,  264,  314,  315,  552, 585,  143.0,  21,  Nuc1024133,  3612,  0, 0, 0, , 0, 0, 0, 0, 0,
297,  1,  265,  316,  -1,  506, 589,  142.0,  19,  Nuc1056929,  835,  0, 0, 0, , 0, 0, 0, 0, 0,
298,  1,  266,  317,  -1,  277, 826,  111.0,  19,  Nuc1057064,  976,  0, 0, 0, , 0, 0, 0, 0, 0,
299,  1,  266,  318,  -1,  276, 825,  116.0,  17,  Nuc1057159,  1170,  0, 0, 0, , 0, 0, 0, 0, 0,
300,  1,  267,  319,  -1,  253, 767,  129.0,  17,  Nuc1057177,  708,  0, 0, 0, , 0, 0, 0, 0, 0,
301,  1,  267,  320,  -1,  243, 744,  131.0,  17,  Nuc1057185,  743,  0, 0, 0, , 0, 0, 0, 0, 0,
302,  1,  268,  -1,  -1,  278, 751,  145.0,  17,  Nuc1057296,  889,  0, 0, 0, , 0, 0, 0, 0, 0,
303,  1,  269,  321,  322,  514, 766,  118.0,  19,  Nuc1057354,  1066,  0, 0, 0, , 0, 0, 0, 0, 0,
304,  1,  270,  323,  324,  453, 763,  124.0,  19,  Nuc1057482,  1013,  0, 0, 0, , 0, 0, 0, 0, 0,
305,  1,  270,  325,  -1,  478, 721,  120.0,  21,  Nuc1057559,  1115,  0, 0, 0, , 0, 0, 0, 0, 0,
306,  1,  271,  326,  -1,  474, 746,  155.0,  19,  Nuc1057770,  1726,  0, 0, 0, , 0, 0, 0, 0, 0,
307,  1,  272,  327,  328,  532, 591,  128.0,  19,  Nuc1057923,  977,  0, 0, 0, , 0, 0, 0, 0, 0,
308,  1,  272,  329,  330,  492, 600,  127.0,  19,  Nuc1058156,  1306,  0, 0, 0, , 0, 0, 0, 0, 0,
309,  1,  273,  331,  332,  575, 586,  131.0,  17,  Nuc1058202,  456,  0, 0, 0, , 0, 0, 0, 0, 0,
310,  1,  273,  333,  -1,  619, 602,  130.0,  21,  Nuc1058240,  1870,  0, 0, 0, , 0, 0, 0, 0, 0,
311,  1,  274,  334,  335,  538, 627,  134.0,  21,  Nuc1062380,  560,  0, 0, 0, , 0, 0, 0, 0, 0,
312,  1,  275,  336,  -1,  574, 636,  141.0,  21,  Nuc1090874,  2395,  0, 0, 0, , 0, 0, 0, 0, 0,
313,  1,  276,  337,  -1,  572, 675,  148.0,  19,  Nuc1091040,  2473,  0, 0, 0, , 0, 0, 0, 0, 0,
314,  1,  277,  338,  -1,  603, 698,  143.0,  17,  Nuc1091600,  2531,  0, 0, 0, , 0, 0, 0, 0, 0,
315,  1,  278,  339,  -1,  534, 671,  133.0,  19,  Nuc1091747,  1135,  0, 0, 0, , 0, 0, 0, 0, 0,
316,  1,  279,  340,  -1,  491, 743,  135.0,  17,  Nuc1091817,  1095,  0, 0, 0, , 0, 0, 0, 0, 0,
317,  1,  279,  341,  -1,  534, 715,  138.0,  17,  Nuc1091984,  1768,  0, 0, 0, , 0, 0, 0, 0, 0,
318,  1,  280,  342,  -1,  530, 725,  120.0,  19,  Nuc1092044,  1427,  0, 0, 0, , 0, 0, 0, 0, 0,
319,  1,  281,  343,  -1,  616, 648,  126.0,  19,  Nuc1092181,  1390,  0, 0, 0, , 0, 0, 0, 0, 0,
320,  1,  281,  344,  345,  581, 671,  128.0,  19,  Nuc1101956,  1988,  0, 0, 0, , 0, 0, 0, 0, 0,
321,  1,  282,  346,  -1,  558, 697,  123.0,  19,  Nuc1102104,  1155,  0, 0, 0, , 0, 0, 0, 0, 0,
322,  1,  283,  347,  -1,  619, 649,  139.0,  19,  Nuc1102226,  2172,  0, 0, 0, , 0, 0, 0, 0, 0,
323,  1,  284,  348,  -1,  632, 662,  150.0,  19,  Nuc1109819,  1707,  0, 0, 0, , 0, 0, 0, 0, 0,
324,  1,  285,  349,  -1,  643, 702,  139.0,  19,  Nuc1124430,  1612,  0, 0, 0, , 0, 0, 0, 0, 0,
325,  1,  286,  350,  -1,  663, 711,  122.0,  19,  Nuc1129033,  872,  0, 0, 0, , 0, 0, 0, 0, 0,
326,  1,  286,  351,  -1,  619, 699,  123.0,  19,  Nuc1144811,  1427,  0, 0, 0, , 0, 0, 0, 0, 0,
327,  1,  287,  352,  -1,  582, 745,  120.0,  19,  Nuc1145059,  1111,  0, 0, 0, , 0, 0, 0, 0, 0,
328,  1,  288,  353,  -1,  625, 735,  132.0,  19,  Nuc1145232,  1741,  0, 0, 0, , 0, 0, 0, 0, 0,
329,  1,  289,  354,  -1,  504, 552,  142.0,  21,  Nuc1208221,  943,  0, 0, 0, , 0, 0, 0, 0, 0,
330,  1,  290,  355,  -1,  433, 629,  144.0,  19,  Nuc1208259,  593,  0, 0, 0, , 0, 0, 0, 0, 0,
331,  1,  290,  356,  -1,  446, 583,  148.0,  19,  Nuc1208262,  1081,  0, 0, 0, , 0, 0, 0, 0, 0,
332,  1,  291,  357,  358,  523, 500,  140.0,  21,  Nuc1208692,  2499,  0, 0, 0, , 0, 0, 0, 0, 0,
333,  1,  292,  359,  360,  518, 454,  132.0,  21,  Nuc1209092,  1846,  0, 0, 0, , 0, 0, 0, 0, 0,
334,  1,  292,  361,  -1,  529, 504,  128.0,  19,  Nuc1209573,  1453,  0, 0, 0, , 0, 0, 0, 0, 0,
335,  1,  293,  362,  -1,  488, 537,  129.0,  19,  Nuc1210481,  1180,  0, 0, 0, , 0, 0, 0, 0, 0,
336,  1,  293,  363,  -1,  528, 549,  127.0,  19,  Nuc1210509,  1873,  0, 0, 0, , 0, 0, 0, 0, 0,
337,  1,  294,  364,  -1,  607, 782,  148.0,  19,  Nuc1210630,  1868,  0, 0, 0, , 0, 0, 0, 0, 0,
338,  1,  295,  365,  -1,  585, 768,  144.0,  19,  Nuc1219489,  1265,  0, 0, 0, , 0, 0, 0, 0, 0,
339,  1,  296,  366,  -1,  527, 776,  141.0,  19,  Nuc1231759,  2161,  0, 0, 0, , 0, 0, 0, 0, 0,
340,  1,  297,  367,  -1,  542, 816,  144.0,  17,  Nuc1232014,  1259,  0, 0, 0, , 0, 0, 0, 0, 0,
341,  1,  298,  368,  -1,  554, 835,  151.0,  19,  Nuc1232500,  1006,  0, 0, 0, , 0, 0, 0, 0, 0,
342,  1,  299,  369,  -1,  568, 879,  135.0,  19,  Nuc1234878,  1433,  0, 0, 0, , 0, 0, 0, 0, 0,
343,  1,  300,  370,  -1,  482, 837,  149.0,  19,  Nuc1247468,  1400,  0, 0, 0, , 0, 0, 0, 0, 0,
344,  1,  301,  371,  372,  442, 825,  150.0,  17,  Nuc1248076,  1561,  0, 0, 0, , 0, 0, 0, 0, 0,
345,  1,  302,  373,  374,  423, 780,  146.0,  17,  Nuc1248933,  1019,  0, 0, 0, , 0, 0, 0, 0, 0,
346,  1,  302,  375,  376,  466, 788,  140.0,  19,  Nuc1248990,  1551,  0, 0, 0, , 0, 0, 0, 0, 0,
347,  1,  303,  377,  378,  479, 831,  139.0,  19,  Nuc1262231,  1418,  0, 0, 0, , 0, 0, 0, 0, 0,
348,  1,  304,  379,  380,  524, 749,  162.0,  19,  Nuc1262387,  1936,  0, 0, 0, , 0, 0, 0, 0, 0,
349,  1,  305,  381,  382,  513, 788,  153.0,  17,  Nuc1262656,  1141,  0, 0, 0, , 0, 0, 0, 0, 0,
350,  1,  306,  383,  -1,  480, 783,  164.0,  19,  Nuc1270032,  1261,  0, 0, 0, , 0, 0, 0, 0, 0,
351,  1,  307,  384,  -1,  458, 779,  156.0,  19,  Nuc1272296,  1222,  0, 0, 0, , 0, 0, 0, 0, 0,
352,  1,  308,  385,  -1,  660, 603,  128.0,  19,  Nuc1272781,  1830,  0, 0, 0, , 0, 0, 0, 0, 0,
353,  1,  309,  386,  387,  707, 646,  126.0,  17,  Nuc1330339,  2217,  0, 0, 0, , 0, 0, 0, 0, 0,
354,  1,  310,  388,  389,  667, 662,  129.0,  19,  Nuc1335598,  1210,  0, 0, 0, , 0, 0, 0, 0, 0,
355,  1,  311,  390,  -1,  650, 616,  155.0,  21,  Nuc1335671,  2409,  0, 0, 0, , 0, 0, 0, 0, 0,
356,  1,  312,  391,  -1,  609, 586,  145.0,  17,  Nuc1336689,  458,  0, 0, 0, , 0, 0, 0, 0, 0,
357,  1,  312,  392,  -1,  607, 585,  140.0,  17,  Nuc1336691,  1491,  0, 0, 0, , 0, 0, 0, 0, 0,
358,  1,  313,  393,  -1,  544, 547,  149.0,  23,  Nuc1344458,  703,  0, 0, 0, , 0, 0, 0, 0, 0,
359,  1,  313,  394,  -1,  543, 549,  141.0,  17,  Nuc1389219,  839,  0, 0, 0, , 0, 0, 0, 0, 0,
360,  1,  314,  395,  -1,  584, 545,  131.0,  21,  Nuc1389928,  2099,  0, 0, 0, , 0, 0, 0, 0, 0,
361,  1,  315,  396,  -1,  642, 550,  130.0,  21,  Nuc1390604,  1690,  0, 0, 0, , 0, 0, 0, 0, 0,
362,  1,  316,  397,  -1,  577, 510,  140.0,  19,  Nuc1390679,  1278,  0, 0, 0, , 0, 0, 0, 0, 0,
363,  1,  316,  398,  -1,  624, 526,  138.0,  19,  Nuc1390838,  1895,  0, 0, 0, , 0, 0, 0, 0, 0,
364,  1,  317,  399,  -1,  696, 494,  129.0,  17,  Nuc1418359,  1418,  0, 0, 0, , 0, 0, 0, 0, 0,
365,  1,  318,  400,  -1,  694, 539,  128.0,  19,  Nuc1418548,  1668,  0, 0, 0, , 0, 0, 0, 0, 0,
366,  1,  319,  401,  -1,  376, 611,  170.0,  19,  Nuc1418882,  1096,  0, 0, 0, , 0, 0, 0, 0, 0,
367,  1,  319,  402,  -1,  375, 607,  163.0,  19,  Nuc1419012,  860,  0, 0, 0, , 0, 0, 0, 0, 0,
368,  1,  320,  403,  404,  370, 517,  178.0,  17,  Nuc1419111,  841,  0, 0, 0, , 0, 0, 0, 0, 0,
369,  1,  320,  405,  -1,  403, 522,  179.0,  19,  Nuc1419270,  894,  0, 0, 0, , 0, 0, 0, 0, 0,
370,  1,  321,  -1,  -1,  443, 554,  181.0,  17,  Nuc1419431,  502,  0, 0, 0, , 0, 0, 0, 0, 0,
371,  1,  321,  406,  -1,  440, 560,  176.0,  17,  Nuc1419432,  2189,  0, 0, 0, , 0, 0, 0, 0, 0,
372,  1,  322,  407,  -1,  456, 529,  165.0,  17,  Nuc1419559,  1407,  0, 0, 0, , 0, 0, 0, 0, 0,
373,  1,  322,  408,  409,  456, 571,  164.0,  17,  Nuc1426434,  984,  0, 0, 0, , 0, 0, 0, 0, 0,
374,  1,  323,  410,  411,  478, 423,  126.0,  19,  Nuc1426713,  791,  0, 0, 0, , 0, 0, 0, 0, 0,
375,  1,  323,  412,  -1,  506, 397,  134.0,  19,  Nuc1426810,  1013,  0, 0, 0, , 0, 0, 0, 0, 0,
376,  1,  324,  413,  414,  472, 436,  136.0,  19,  Nuc1426898,  1026,  0, 0, 0, , 0, 0, 0, 0, 0,
377,  1,  325,  415,  416,  464, 558,  139.0,  19,  Nuc1427167,  1162,  0, 0, 0, , 0, 0, 0, 0, 0,
378,  1,  325,  417,  -1,  465, 518,  145.0,  15,  Nuc1427262,  755,  0, 0, 0, , 0, 0, 0, 0, 0,
379,  1,  326,  418,  -1,  480, 481,  122.0,  23,  Nuc1431264,  1633,  0, 0, 0, , 0, 0, 0, 0, 0,
380,  1,  326,  419,  420,  480, 482,  130.0,  23,  Nuc1431355,  2996,  0, 0, 0, , 0, 0, 0, 0, 0,
381,  1,  327,  421,  422,  658, 484,  122.0,  19,  Nuc1431526,  1351,  0, 0, 0, , 0, 0, 0, 0, 0,
382,  1,  327,  423,  -1,  626, 485,  129.0,  19,  Nuc1431537,  1081,  0, 0, 0, , 0, 0, 0, 0, 0,
383,  1,  328,  424,  -1,  563, 473,  131.0,  19,  Nuc1453064,  842,  0, 0, 0, , 0, 0, 0, 0, 0,
384,  1,  328,  425,  426,  583, 507,  129.0,  19,  Nuc1453569,  897,  0, 0, 0, , 0, 0, 0, 0, 0,
385,  1,  329,  427,  428,  440, 505,  160.0,  17,  Nuc1468275,  945,  0, 0, 0, , 0, 0, 0, 0, 0,
386,  1,  329,  429,  -1,  467, 533,  158.0,  17,  Nuc1468786,  1972,  0, 0, 0, , 0, 0, 0, 0, 0,
387,  1,  330,  430,  431,  466, 532,  153.0,  17,  Nuc1468884,  2544,  0, 0, 0, , 0, 0, 0, 0, 0,
388,  1,  330,  432,  433,  489, 545,  150.0,  21,  Nuc1469349,  2768,  0, 0, 0, , 0, 0, 0, 0, 0,
389,  1,  331,  434,  435,  405, 409,  145.0,  19,  Nuc1476786,  1181,  0, 0, 0, , 0, 0, 0, 0, 0,
390,  1,  332,  436,  -1,  416, 475,  153.0,  17,  Nuc1476910,  1238,  0, 0, 0, , 0, 0, 0, 0, 0,
391,  1,  333,  -1,  -1,  438, 440,  157.0,  19,  Nuc1476913,  895,  0, 0, 0, , 0, 0, 0, 0, 0,
392,  1,  333,  437,  -1,  437, 437,  151.0,  19,  Nuc1476914,  1635,  0, 0, 0, , 0, 0, 0, 0, 0,
393,  1,  334,  -1,  -1,  518, 511,  150.0,  19,  Nuc1483150,  3298,  0, 0, 0, , 0, 0, 0, 0, 0,
394,  1,  335,  438,  -1,  344, 370,  170.0,  17,  Nuc1483246,  875,  0, 0, 0, , 0, 0, 0, 0, 0,
395,  1,  335,  -1,  -1,  345, 371,  164.0,  17,  Nuc1483294,  1380,  0, 0, 0, , 0, 0, 0, 0, 0,
396,  1,  336,  -1,  -1,  328, 417,  167.0,  17,  Nuc1483296,  558,  0, 0, 0, , 0, 0, 0, 0, 0,
397,  1,  336,  439,  440,  328, 414,  162.0,  17,  Nuc1483297,  1208,  0, 0, 0, , 0, 0, 0, 0, 0,
398,  1,  337,  441,  -1,  377, 395,  170.0,  17,  Nuc1484107,  1385,  0, 0, 0, , 0, 0, 0, 0, 0,
399,  1,  338,  442,  -1,  381, 405,  158.0,  19,  Nuc1485115,  1071,  0, 0, 0, , 0, 0, 0, 0, 0,
400,  1,  339,  443,  -1,  329, 395,  169.0,  17,  Nuc1492381,  793,  0, 0, 0, , 0, 0, 0, 0, 0,
401,  1,  340,  444,  -1,  319, 482,  163.0,  17,  Nuc1492499,  790,  0, 0, 0, , 0, 0, 0, 0, 0,
402,  1,  340,  445,  446,  296, 487,  161.0,  17,  Nuc1492757,  918,  0, 0, 0, , 0, 0, 0, 0, 0,
403,  1,  341,  447,  -1,  289, 436,  168.0,  17,  Nuc1492820,  754,  0, 0, 0, , 0, 0, 0, 0, 0,
404,  1,  341,  448,  449,  276, 457,  168.0,  17,  Nuc1492986,  755,  0, 0, 0, , 0, 0, 0, 0, 0,
405,  1,  342,  450,  -1,  419, 368,  174.0,  19,  Nuc1493023,  1968,  0, 0, 0, , 0, 0, 0, 0, 0,
406,  1,  343,  451,  -1,  476, 300,  165.0,  17,  Nuc1493245,  1168,  0, 0, 0, , 0, 0, 0, 0, 0,
407,  1,  344,  452,  -1,  325, 340,  162.0,  19,  Nuc1493628,  137,  0, 0, 0, , 0, 0, 0, 0, 0,
408,  1,  344,  453,  -1,  345, 371,  159.0,  19,  Nuc1493728,  1267,  0, 0, 0, , 0, 0, 0, 0, 0,
409,  1,  345,  454,  -1,  409, 452,  163.0,  17,  Nuc1493785,  967,  0, 0, 0, , 0, 0, 0, 0, 0,
410,  1,  345,  455,  -1,  421, 404,  163.0,  17,  Nuc1494129,  1116,  0, 0, 0, , 0, 0, 0, 0, 0,
411,  1,  346,  456,  -1,  431, 309,  166.0,  17,  Nuc1494186,  1650,  0, 0, 0, , 0, 0, 0, 0, 0,
412,  1,  347,  457,  -1,  377, 333,  168.0,  17,  Nuc1494303,  1723,  0, 0, 0, , 0, 0, 0, 0, 0,
413,  1,  348,  458,  -1,  327, 244,  127.0,  17,  Nuc1494741,  679,  0, 0, 0, , 0, 0, 0, 0, 0,
414,  1,  348,  459,  -1,  300, 246,  136.0,  19,  Nuc1494834,  902,  0, 0, 0, , 0, 0, 0, 0, 0,
415,  1,  349,  460,  -1,  345, 296,  143.0,  17,  Nuc1495441,  1100,  0, 0, 0, , 0, 0, 0, 0, 0,
416,  1,  349,  461,  -1,  320, 298,  138.0,  17,  Nuc1496108,  481,  0, 0, 0, , 0, 0, 0, 0, 0,
417,  1,  350,  462,  -1,  403, 362,  150.0,  19,  Nuc1496200,  1811,  0, 0, 0, , 0, 0, 0, 0, 0,
418,  1,  351,  463,  -1,  423, 298,  152.0,  17,  Nuc1496387,  510,  0, 0, 0, , 0, 0, 0, 0, 0,
419,  1,  351,  464,  -1,  423, 261,  157.0,  17,  Nuc1496939,  1479,  0, 0, 0, , 0, 0, 0, 0, 0,
420,  1,  352,  465,  -1,  440, 225,  147.0,  17,  Nuc1497073,  1269,  0, 0, 0, , 0, 0, 0, 0, 0,
421,  1,  353,  466,  -1,  403, 220,  144.0,  17,  Nuc1497127,  1383,  0, 0, 0, , 0, 0, 0, 0, 0,
422,  1,  354,  467,  -1,  657, 347,  153.0,  19,  Nuc1500747,  2332,  0, 0, 0, , 0, 0, 0, 0, 0,
423,  1,  355,  468,  -1,  670, 296,  153.0,  19,  Nuc1502244,  1909,  0, 0, 0, , 0, 0, 0, 0, 0,
424,  1,  356,  469,  -1,  585, 337,  158.0,  19,  Nuc1503378,  776,  0, 0, 0, , 0, 0, 0, 0, 0,
425,  1,  357,  470,  -1,  601, 381,  160.0,  21,  Nuc1505795,  1195,  0, 0, 0, , 0, 0, 0, 0, 0,
426,  1,  358,  471,  -1,  642, 359,  166.0,  21,  Nuc1507090,  2049,  0, 0, 0, , 0, 0, 0, 0, 0,
427,  1,  359,  472,  -1,  607, 414,  148.0,  19,  Nuc1508358,  1403,  0, 0, 0, , 0, 0, 0, 0, 0,
428,  1,  360,  473,  -1,  644, 421,  157.0,  21,  Nuc1508577,  1966,  0, 0, 0, , 0, 0, 0, 0, 0,
429,  1,  361,  474,  -1,  648, 386,  144.0,  19,  Nuc1510143,  2289,  0, 0, 0, , 0, 0, 0, 0, 0,
430,  1,  362,  -1,  -1,  498, 345,  129.0,  17,  Nuc1514911,  544,  0, 0, 0, , 0, 0, 0, 0, 0,
431,  1,  362,  475,  476,  532, 383,  127.0,  19,  Nuc1514912,  1243,  0, 0, 0, , 0, 0, 0, 0, 0,
432,  1,  363,  477,  -1,  558, 445,  145.0,  19,  Nuc1514948,  1433,  0, 0, 0, , 0, 0, 0, 0, 0,
433,  1,  364,  478,  -1,  635, 325,  128.0,  21,  Nuc1545784,  1008,  0, 0, 0, , 0, 0, 0, 0, 0,
434,  1,  365,  479,  -1,  654, 372,  129.0,  19,  Nuc1547739,  911,  0, 0, 0, , 0, 0, 0, 0, 0,
435,  1,  366,  480,  -1,  595, 346,  149.0,  19,  Nuc1551447,  1171,  0, 0, 0, , 0, 0, 0, 0, 0,
436,  1,  367,  481,  -1,  582, 377,  142.0,  19,  Nuc1551562,  1911,  0, 0, 0, , 0, 0, 0, 0, 0,
437,  1,  368,  482,  -1,  475, 315,  158.0,  17,  Nuc1553383,  2806,  0, 0, 0, , 0, 0, 0, 0, 0,
438,  1,  369,  483,  484,  406, 360,  161.0,  19,  Nuc1556100,  1034,  0, 0, 0, , 0, 0, 0, 0, 0,
439,  1,  370,  485,  486,  443, 391,  154.0,  17,  Nuc1558879,  961,  0, 0, 0, , 0, 0, 0, 0, 0,
440,  1,  371,  487,  488,  461, 354,  158.0,  21,  Nuc1559136,  192,  0, 0, 0, , 0, 0, 0, 0, 0,
441,  1,  371,  489,  -1,  461, 355,  152.0,  19,  Nuc1559153,  1690,  0, 0, 0, , 0, 0, 0, 0, 0,
442,  1,  372,  490,  -1,  490, 463,  142.0,  17,  Nuc1560750,  1904,  0, 0, 0, , 0, 0, 0, 0, 0,
443,  1,  373,  491,  -1,  498, 423,  146.0,  19,  Nuc1560909,  690,  0, 0, 0, , 0, 0, 0, 0, 0,
444,  1,  374,  492,  -1,  509, 373,  143.0,  19,  Nuc1561094,  1673,  0, 0, 0, , 0, 0, 0, 0, 0,
445,  1,  375,  493,  -1,  571, 267,  148.0,  19,  Nuc1572651,  1911,  0, 0, 0, , 0, 0, 0, 0, 0,
446,  1,  376,  494,  -1,  568, 278,  159.0,  17,  Nuc1575109,  1395,  0, 0, 0, , 0, 0, 0, 0, 0,
447,  1,  377,  495,  -1,  496, 263,  158.0,  21,  Nuc1575673,  1800,  0, 0, 0, , 0, 0, 0, 0, 0,
448,  1,  378,  496,  -1,  512, 230,  149.0,  19,  Nuc1576129,  1409,  0, 0, 0, , 0, 0, 0, 0, 0,
449,  1,  379,  497,  -1,  612, 285,  158.0,  17,  Nuc1577635,  1654,  0, 0, 0, , 0, 0, 0, 0, 0,
450,  1,  380,  498,  499,  533, 325,  164.0,  17,  Nuc1581768,  1702,  0, 0, 0, , 0, 0, 0, 0, 0,
451,  1,  381,  500,  -1,  585, 337,  169.0,  19,  Nuc1582096,  1666,  0, 0, 0, , 0, 0, 0, 0, 0,
452,  1,  382,  501,  -1,  458, 370,  176.0,  19,  Nuc1584305,  899,  0, 0, 0, , 0, 0, 0, 0, 0,
453,  1,  383,  502,  -1,  503, 334,  171.0,  19,  Nuc1584430,  1265,  0, 0, 0, , 0, 0, 0, 0, 0,
454,  1,  384,  503,  -1,  620, 511,  150.0,  17,  Nuc1584604,  1102,  0, 0, 0, , 0, 0, 0, 0, 0,
455,  1,  384,  504,  -1,  645, 483,  150.0,  17,  Nuc1585101,  1525,  0, 0, 0, , 0, 0, 0, 0, 0,
456,  1,  385,  505,  506,  675, 466,  155.0,  17,  Nuc1585762,  3101,  0, 0, 0, , 0, 0, 0, 0, 0,
457,  1,  386,  507,  -1,  693, 423,  139.0,  19,  Nuc1602928,  2110,  0, 0, 0, , 0, 0, 0, 0, 0,
458,  1,  387,  508,  -1,  721, 458,  142.0,  25,  Nuc1620537,  546,  0, 0, 0, , 0, 0, 0, 0, 0,
459,  1,  387,  509,  -1,  690, 475,  139.0,  17,  Nuc1620543,  2316,  0, 0, 0, , 0, 0, 0, 0, 0,
460,  1,  388,  510,  -1,  614, 476,  140.0,  19,  Nuc1622409,  1248,  0, 0, 0, , 0, 0, 0, 0, 0,
461,  1,  389,  511,  -1,  651, 457,  140.0,  17,  Nuc1622494,  2227,  0, 0, 0, , 0, 0, 0, 0, 0,
462,  1,  390,  512,  -1,  741, 476,  129.0,  17,  Nuc1622776,  1483,  0, 0, 0, , 0, 0, 0, 0, 0,
463,  1,  391,  513,  -1,  678, 453,  129.0,  19,  Nuc1623258,  1656,  0, 0, 0, , 0, 0, 0, 0, 0,
464,  1,  392,  514,  515,  728, 437,  126.0,  19,  Nuc1623311,  1521,  0, 0, 0, , 0, 0, 0, 0, 0,
465,  1,  393,  516,  -1,  682, 412,  127.0,  17,  Nuc1639860,  1399,  0, 0, 0, , 0, 0, 0, 0, 0,
466,  1,  394,  517,  518,  614, 528,  169.0,  17,  Nuc1640595,  1306,  0, 0, 0, , 0, 0, 0, 0, 0,
467,  1,  394,  519,  520,  650, 541,  167.0,  19,  Nuc1640738,  6525,  0, 0, 0, , 0, 0, 0, 0, 0,
468,  1,  395,  521,  -1,  670, 512,  139.0,  21,  Nuc1643542,  5229,  0, 0, 0, , 0, 0, 0, 0, 0,
469,  1,  396,  522,  -1,  654, 537,  149.0,  21,  Nuc1647673,  2774,  0, 0, 0, , 0, 0, 0, 0, 0,
470,  1,  397,  523,  -1,  762, 657,  161.0,  19,  Nuc1703112,  2271,  0, 0, 0, , 0, 0, 0, 0, 0,
471,  1,  398,  524,  -1,  712, 638,  156.0,  17,  Nuc1703182,  2650,  0, 0, 0, , 0, 0, 0, 0, 0,
472,  1,  399,  525,  -1,  699, 603,  158.0,  21,  Nuc1707569,  2529,  0, 0, 0, , 0, 0, 0, 0, 0,
473,  1,  400,  526,  527,  684, 557,  158.0,  19,  Nuc1707839,  5291,  0, 0, 0, , 0, 0, 0, 0, 0,
474,  1,  401,  528,  -1,  663, 613,  144.0,  19,  Nuc1707973,  1745,  0, 0, 0, , 0, 0, 0, 0, 0,
475,  1,  402,  529,  -1,  664, 570,  142.0,  21,  Nuc1738237,  4623,  0, 0, 0, , 0, 0, 0, 0, 0,
476,  1,  403,  530,  531,  696, 569,  137.0,  19,  Nuc1738836,  4636,  0, 0, 0, , 0, 0, 0, 0, 0,
477,  1,  404,  532,  -1,  470, 480,  154.0,  19,  Nuc1740638,  767,  0, 0, 0, , 0, 0, 0, 0, 0,
478,  1,  404,  -1,  -1,  470, 484,  149.0,  17,  Nuc1750511,  1479,  0, 0, 0, , 0, 0, 0, 0, 0,
479,  1,  405,  533,  -1,  517, 510,  156.0,  17,  Nuc1750513,  1130,  0, 0, 0, , 0, 0, 0, 0, 0,
480,  1,  406,  534,  535,  544, 551,  156.0,  21,  Nuc1750725,  3021,  0, 0, 0, , 0, 0, 0, 0, 0,
481,  1,  407,  536,  -1,  566, 508,  148.0,  19,  Nuc1754975,  1274,  0, 0, 0, , 0, 0, 0, 0, 0,
482,  1,  408,  537,  -1,  593, 549,  148.0,  19,  Nuc1755159,  999,  0, 0, 0, , 0, 0, 0, 0, 0,
483,  1,  409,  538,  -1,  629, 568,  152.0,  19,  Nuc1755565,  1605,  0, 0, 0, , 0, 0, 0, 0, 0,
484,  1,  410,  539,  -1,  603, 626,  150.0,  19,  Nuc1759532,  1473,  0, 0, 0, , 0, 0, 0, 0, 0,
485,  1,  411,  540,  -1,  569, 596,  154.0,  19,  Nuc1759623,  2078,  0, 0, 0, , 0, 0, 0, 0, 0,
486,  1,  412,  541,  -1,  537, 539,  171.0,  21,  Nuc1759782,  5770,  0, 0, 0, , 0, 0, 0, 0, 0,
487,  1,  413,  542,  -1,  598, 477,  173.0,  21,  Nuc1762252,  2057,  0, 0, 0, , 0, 0, 0, 0, 0,
488,  1,  414,  543,  -1,  544, 479,  175.0,  19,  Nuc1762406,  3907,  0, 0, 0, , 0, 0, 0, 0, 0,
489,  1,  415,  544,  -1,  412, 488,  176.0,  21,  Nuc1763433,  624,  0, 0, 0, , 0, 0, 0, 0, 0,
490,  1,  415,  545,  -1,  449, 495,  175.0,  17,  Nuc1763438,  1202,  0, 0, 0, , 0, 0, 0, 0, 0,
491,  1,  416,  -1,  -1,  473, 522,  179.0,  23,  Nuc1763554,  508,  0, 0, 0, , 0, 0, 0, 0, 0,
492,  1,  417,  546,  -1,  466, 417,  174.0,  27,  Nuc1763598,  737,  0, 0, 0, , 0, 0, 0, 0, 0,
493,  1,  417,  547,  -1,  471, 418,  181.0,  17,  Nuc1763612,  1492,  0, 0, 0, , 0, 0, 0, 0, 0,
494,  1,  418,  548,  -1,  522, 434,  175.0,  17,  Nuc1763678,  1558,  0, 0, 0, , 0, 0, 0, 0, 0,
495,  1,  419,  549,  -1,  485, 488,  176.0,  21,  Nuc1764559,  634,  0, 0, 0, , 0, 0, 0, 0, 0,
496,  1,  419,  550,  -1,  493, 460,  174.0,  19,  Nuc1764566,  3737,  0, 0, 0, , 0, 0, 0, 0, 0,
497,  1,  420,  551,  -1,  491, 409,  156.0,  17,  Nuc1765101,  940,  0, 0, 0, , 0, 0, 0, 0, 0,
498,  1,  420,  552,  553,  520, 446,  156.0,  17,  Nuc1766007,  2424,  0, 0, 0, , 0, 0, 0, 0, 0,
499,  1,  421,  -1,  -1,  485, 475,  168.0,  21,  Nuc1766380,  847,  0, 0, 0, , 0, 0, 0, 0, 0,
500,  1,  421,  554,  -1,  483, 479,  162.0,  19,  Nuc1766381,  2408,  0, 0, 0, , 0, 0, 0, 0, 0,
501,  1,  422,  -1,  -1,  432, 467,  166.0,  17,  Nuc1769718,  555,  0, 0, 0, , 0, 0, 0, 0, 0,
502,  1,  422,  555,  556,  432, 465,  172.0,  19,  Nuc1769719,  2622,  0, 0, 0, , 0, 0, 0, 0, 0,
503,  1,  423,  557,  -1,  461, 429,  162.0,  17,  Nuc1771845,  398,  0, 0, 0, , 0, 0, 0, 0, 0,
504,  1,  423,  558,  -1,  462, 432,  167.0,  17,  Nuc1771860,  2425,  0, 0, 0, , 0, 0, 0, 0, 0,
505,  1,  424,  559,  560,  506, 512,  172.0,  19,  Nuc1772035,  218,  0, 0, 0, , 0, 0, 0, 0, 0,
506,  1,  424,  561,  562,  509, 507,  166.0,  21,  Nuc1772414,  3010,  0, 0, 0, , 0, 0, 0, 0, 0,
507,  1,  425,  563,  -1,  435, 723,  162.0,  19,  Nuc1773196,  1615,  0, 0, 0, , 0, 0, 0, 0, 0,
508,  1,  426,  564,  -1,  466, 689,  159.0,  17,  Nuc1782583,  1420,  0, 0, 0, , 0, 0, 0, 0, 0,
509,  1,  427,  565,  -1,  420, 745,  169.0,  17,  Nuc1782860,  1721,  0, 0, 0, , 0, 0, 0, 0, 0,
510,  1,  428,  566,  -1,  428, 672,  169.0,  19,  Nuc1783554,  1226,  0, 0, 0, , 0, 0, 0, 0, 0,
511,  1,  429,  567,  -1,  391, 647,  167.0,  17,  Nuc1783619,  844,  0, 0, 0, , 0, 0, 0, 0, 0,
512,  1,  429,  568,  -1,  423, 666,  162.0,  17,  Nuc1783795,  1034,  0, 0, 0, , 0, 0, 0, 0, 0,
513,  1,  430,  569,  -1,  422, 732,  150.0,  19,  Nuc1783835,  1131,  0, 0, 0, , 0, 0, 0, 0, 0,
514,  1,  431,  570,  -1,  410, 685,  154.0,  19,  Nuc1784003,  1559,  0, 0, 0, , 0, 0, 0, 0, 0,
515,  1,  432,  -1,  -1,  332, 655,  170.0,  19,  Nuc1784133,  1184,  0, 0, 0, , 0, 0, 0, 0, 0,
516,  1,  432,  571,  -1,  332, 654,  165.0,  17,  Nuc1784134,  1718,  0, 0, 0, , 0, 0, 0, 0, 0,
517,  1,  433,  572,  -1,  366, 715,  171.0,  15,  Nuc1784180,  485,  0, 0, 0, , 0, 0, 0, 0, 0,
518,  1,  433,  573,  -1,  392, 709,  167.0,  19,  Nuc1784301,  1291,  0, 0, 0, , 0, 0, 0, 0, 0,
519,  1,  434,  574,  -1,  291, 653,  168.0,  19,  Nuc1784512,  977,  0, 0, 0, , 0, 0, 0, 0, 0,
520,  1,  434,  575,  576,  291, 651,  162.0,  19,  Nuc1784514,  2101,  0, 0, 0, , 0, 0, 0, 0, 0,
521,  1,  435,  577,  -1,  266, 692,  154.0,  19,  Nuc1784762,  558,  0, 0, 0, , 0, 0, 0, 0, 0,
522,  1,  435,  578,  579,  307, 721,  157.0,  17,  Nuc1784764,  1064,  0, 0, 0, , 0, 0, 0, 0, 0,
523,  1,  436,  580,  -1,  275, 604,  162.0,  19,  Nuc1785285,  1178,  0, 0, 0, , 0, 0, 0, 0, 0,
524,  1,  437,  581,  -1,  352, 578,  160.0,  19,  Nuc1785362,  984,  0, 0, 0, , 0, 0, 0, 0, 0,
525,  1,  437,  582,  583,  334, 591,  164.0,  17,  Nuc1785378,  825,  0, 0, 0, , 0, 0, 0, 0, 0,
526,  1,  438,  584,  -1,  332, 653,  160.0,  17,  Nuc1785416,  840,  0, 0, 0, , 0, 0, 0, 0, 0,
527,  1,  438,  585,  -1,  323, 622,  157.0,  21,  Nuc1785418,  2034,  0, 0, 0, , 0, 0, 0, 0, 0,
528,  1,  439,  586,  -1,  336, 585,  146.0,  23,  Nuc1787711,  1074,  0, 0, 0, , 0, 0, 0, 0, 0,
529,  1,  439,  587,  -1,  330, 574,  143.0,  19,  Nuc1787717,  952,  0, 0, 0, , 0, 0, 0, 0, 0,
530,  1,  440,  588,  -1,  217, 615,  140.0,  19,  Nuc1787720,  1213,  0, 0, 0, , 0, 0, 0, 0, 0,
531,  1,  440,  589,  590,  247, 590,  146.0,  19,  Nuc1787754,  1352,  0, 0, 0, , 0, 0, 0, 0, 0,
532,  1,  441,  591,  592,  292, 646,  150.0,  19,  Nuc1787905,  1256,  0, 0, 0, , 0, 0, 0, 0, 0,
533,  1,  441,  593,  -1,  323, 620,  152.0,  19,  Nuc1787960,  1438,  0, 0, 0, , 0, 0, 0, 0, 0,
534,  1,  442,  594,  -1,  419, 633,  179.0,  17,  Nuc1787994,  634,  0, 0, 0, , 0, 0, 0, 0, 0,
535,  1,  442,  595,  -1,  418, 632,  174.0,  17,  Nuc1788001,  1688,  0, 0, 0, , 0, 0, 0, 0, 0,
536,  1,  443,  596,  -1,  410, 632,  158.0,  19,  Nuc1789132,  1333,  0, 0, 0, , 0, 0, 0, 0, 0,
537,  1,  443,  597,  -1,  447, 612,  164.0,  17,  Nuc1793798,  1111,  0, 0, 0, , 0, 0, 0, 0, 0,
538,  1,  444,  598,  -1,  340, 622,  172.0,  17,  Nuc1793874,  779,  0, 0, 0, , 0, 0, 0, 0, 0,
539,  1,  444,  599,  -1,  340, 623,  178.0,  19,  Nuc1794048,  1392,  0, 0, 0, , 0, 0, 0, 0, 0,
540,  1,  445,  600,  -1,  452, 452,  183.0,  19,  Nuc1794139,  1412,  0, 0, 0, , 0, 0, 0, 0, 0,
541,  1,  446,  601,  -1,  552, 423,  180.0,  19,  Nuc1794482,  1751,  0, 0, 0, , 0, 0, 0, 0, 0,
542,  1,  447,  602,  -1,  512, 380,  176.0,  19,  Nuc1795195,  1736,  0, 0, 0, , 0, 0, 0, 0, 0,
543,  1,  448,  603,  -1,  547, 365,  173.0,  19,  Nuc1797160,  2147,  0, 0, 0, , 0, 0, 0, 0, 0,
544,  1,  449,  604,  -1,  673, 425,  162.0,  19,  Nuc1800347,  1453,  0, 0, 0, , 0, 0, 0, 0, 0,
545,  1,  450,  605,  -1,  627, 445,  167.0,  19,  Nuc1801411,  2282,  0, 0, 0, , 0, 0, 0, 0, 0,
546,  1,  451,  606,  -1,  637, 503,  179.0,  17,  Nuc1841613,  2012,  0, 0, 0, , 0, 0, 0, 0, 0,
547,  1,  452,  607,  608,  645, 491,  167.0,  19,  Nuc1841673,  2795,  0, 0, 0, , 0, 0, 0, 0, 0,
548,  1,  453,  609,  -1,  619, 419,  176.0,  19,  Nuc1842038,  1970,  0, 0, 0, , 0, 0, 0, 0, 0,
549,  1,  454,  610,  -1,  601, 396,  171.0,  19,  Nuc1844237,  1815,  0, 0, 0, , 0, 0, 0, 0, 0,
550,  1,  455,  611,  -1,  692, 384,  154.0,  19,  Nuc1848891,  2076,  0, 0, 0, , 0, 0, 0, 0, 0,
551,  1,  456,  612,  -1,  708, 375,  163.0,  19,  Nuc1849547,  2021,  0, 0, 0, , 0, 0, 0, 0, 0,
552,  1,  457,  613,  -1,  691, 427,  172.0,  21,  Nuc1849857,  2301,  0, 0, 0, , 0, 0, 0, 0, 0,
553,  1,  458,  614,  -1,  669, 519,  178.0,  17,  Nuc1850321,  2229,  0, 0, 0, , 0, 0, 0, 0, 0,
554,  1,  459,  615,  -1,  676, 470,  174.0,  21,  Nuc1850867,  5033,  0, 0, 0, , 0, 0, 0, 0, 0,
555,  1,  460,  616,  -1,  756, 472,  165.0,  19,  Nuc1851825,  4899,  0, 0, 0, , 0, 0, 0, 0, 0,
556,  1,  461,  617,  -1,  702, 516,  167.0,  17,  Nuc1854184,  4586,  0, 0, 0, , 0, 0, 0, 0, 0,
557,  1,  462,  618,  -1,  744, 526,  168.0,  21,  Nuc1858803,  5197,  0, 0, 0, , 0, 0, 0, 0, 0,
558,  1,  463,  619,  -1,  642, 652,  164.0,  21,  Nuc1862235,  3094,  0, 0, 0, , 0, 0, 0, 0, 0,
559,  1,  464,  620,  621,  627, 597,  168.0,  17,  Nuc1862835,  1713,  0, 0, 0, , 0, 0, 0, 0, 0,
560,  1,  465,  622,  -1,  659, 586,  163.0,  17,  Nuc1862903,  1785,  0, 0, 0, , 0, 0, 0, 0, 0,
561,  1,  466,  623,  -1,  674, 609,  174.0,  19,  Nuc1863121,  2377,  0, 0, 0, , 0, 0, 0, 0, 0,
562,  1,  467,  624,  -1,  683, 566,  174.0,  19,  Nuc1866608,  2266,  0, 0, 0, , 0, 0, 0, 0, 0,
563,  1,  468,  625,  -1,  755, 538,  157.0,  21,  Nuc1867447,  4820,  0, 0, 0, , 0, 0, 0, 0, 0,
564,  1,  469,  626,  627,  719, 558,  163.0,  19,  Nuc1867578,  4562,  0, 0, 0, , 0, 0, 0, 0, 0,
565,  1,  470,  628,  -1,  730, 565,  171.0,  19,  Nuc1868213,  4006,  0, 0, 0, , 0, 0, 0, 0, 0,
566,  1,  471,  629,  -1,  475, 687,  173.0,  17,  Nuc1869409,  1556,  0, 0, 0, , 0, 0, 0, 0, 0,
567,  1,  471,  630,  -1,  473, 696,  179.0,  17,  Nuc1869703,  1485,  0, 0, 0, , 0, 0, 0, 0, 0,
568,  1,  472,  631,  -1,  379, 666,  177.0,  17,  Nuc1869786,  264,  0, 0, 0, , 0, 0, 0, 0, 0,
569,  1,  472,  632,  -1,  418, 691,  179.0,  19,  Nuc1869788,  1529,  0, 0, 0, , 0, 0, 0, 0, 0,
570,  1,  473,  633,  -1,  609, 728,  169.0,  19,  Nuc1870016,  2042,  0, 0, 0, , 0, 0, 0, 0, 0,
571,  1,  474,  634,  -1,  646, 720,  167.0,  17,  Nuc1870116,  2446,  0, 0, 0, , 0, 0, 0, 0, 0,
572,  1,  475,  635,  -1,  610, 722,  156.0,  17,  Nuc1871471,  3791,  0, 0, 0, , 0, 0, 0, 0, 0,
573,  1,  476,  636,  -1,  600, 683,  162.0,  17,  Nuc1871756,  1763,  0, 0, 0, , 0, 0, 0, 0, 0,
574,  1,  477,  637,  -1,  630, 796,  156.0,  21,  Nuc1876976,  2303,  0, 0, 0, , 0, 0, 0, 0, 0,
575,  1,  478,  638,  -1,  568, 777,  164.0,  19,  Nuc1880462,  1708,  0, 0, 0, , 0, 0, 0, 0, 0,
576,  1,  479,  639,  -1,  585, 759,  157.0,  19,  Nuc1882604,  2139,  0, 0, 0, , 0, 0, 0, 0, 0,
577,  1,  480,  640,  -1,  522, 669,  181.0,  19,  Nuc1883060,  2160,  0, 0, 0, , 0, 0, 0, 0, 0,
578,  1,  481,  641,  -1,  513, 650,  173.0,  19,  Nuc1886245,  1295,  0, 0, 0, , 0, 0, 0, 0, 0,
579,  1,  482,  642,  -1,  583, 685,  174.0,  17,  Nuc1886457,  2421,  0, 0, 0, , 0, 0, 0, 0, 0,
580,  1,  483,  643,  644,  486, 735,  173.0,  19,  Nuc1889475,  2207,  0, 0, 0, , 0, 0, 0, 0, 0,
581,  1,  484,  645,  -1,  493, 704,  169.0,  21,  Nuc1890942,  360,  0, 0, 0, , 0, 0, 0, 0, 0,
582,  1,  484,  646,  647,  493, 701,  164.0,  17,  Nuc1890951,  1643,  0, 0, 0, , 0, 0, 0, 0, 0,
583,  1,  485,  648,  -1,  558, 719,  161.0,  19,  Nuc1890982,  946,  0, 0, 0, , 0, 0, 0, 0, 0,
584,  1,  486,  649,  -1,  597, 610,  171.0,  19,  Nuc1892172,  3385,  0, 0, 0, , 0, 0, 0, 0, 0,
585,  1,  487,  650,  -1,  628, 655,  175.0,  19,  Nuc1912962,  2394,  0, 0, 0, , 0, 0, 0, 0, 0,
586,  1,  488,  651,  -1,  683, 683,  156.0,  19,  Nuc1918910,  2632,  0, 0, 0, , 0, 0, 0, 0, 0,
587,  1,  489,  652,  -1,  693, 677,  167.0,  19,  Nuc1919631,  2441,  0, 0, 0, , 0, 0, 0, 0, 0,
588,  1,  490,  653,  -1,  584, 632,  180.0,  19,  Nuc1921301,  2176,  0, 0, 0, , 0, 0, 0, 0, 0,
589,  1,  491,  654,  -1,  576, 583,  182.0,  21,  Nuc1921424,  1573,  0, 0, 0, , 0, 0, 0, 0, 0,
590,  1,  492,  655,  -1,  579, 567,  173.0,  21,  Nuc1921961,  1645,  0, 0, 0, , 0, 0, 0, 0, 0,
591,  1,  493,  656,  -1,  581, 469,  182.0,  21,  Nuc1922099,  1754,  0, 0, 0, , 0, 0, 0, 0, 0,
592,  1,  494,  657,  658,  630, 565,  178.0,  23,  Nuc1922199,  4094,  0, 0, 0, , 0, 0, 0, 0, 0,
593,  1,  495,  659,  660,  508, 614,  184.0,  21,  Nuc1923315,  3597,  0, 0, 0, , 0, 0, 0, 0, 0,
594,  1,  496,  661,  -1,  451, 601,  175.0,  17,  Nuc1924254,  2001,  0, 0, 0, , 0, 0, 0, 0, 0,
595,  1,  497,  662,  -1,  458, 638,  174.0,  19,  Nuc1932806,  1169,  0, 0, 0, , 0, 0, 0, 0, 0,
596,  1,  498,  663,  -1,  451, 652,  183.0,  19,  Nuc1932936,  1308,  0, 0, 0, , 0, 0, 0, 0, 0,
597,  1,  499,  664,  -1,  438, 602,  185.0,  19,  Nuc1934148,  1451,  0, 0, 0, , 0, 0, 0, 0, 0,
598,  1,  500,  665,  -1,  482, 657,  166.0,  19,  Nuc1934289,  1541,  0, 0, 0, , 0, 0, 0, 0, 0,
599,  1,  501,  666,  -1,  535, 638,  162.0,  19,  Nuc1942144,  1771,  0, 0, 0, , 0, 0, 0, 0, 0,
600,  1,  502,  667,  668,  483, 595,  156.0,  17,  Nuc1942278,  813,  0, 0, 0, , 0, 0, 0, 0, 0,
601,  1,  502,  669,  -1,  502, 634,  152.0,  17,  Nuc1942370,  1823,  0, 0, 0, , 0, 0, 0, 0, 0,
602,  1,  503,  670,  -1,  546, 627,  150.0,  19,  Nuc1943097,  508,  0, 0, 0, , 0, 0, 0, 0, 0,
603,  1,  504,  671,  -1,  557, 736,  171.0,  19,  Nuc1943242,  1997,  0, 0, 0, , 0, 0, 0, 0, 0,
604,  1,  505,  672,  -1,  528, 699,  170.0,  17,  Nuc1944971,  1129,  0, 0, 0, , 0, 0, 0, 0, 0,
605,  1,  506,  673,  674,  520, 689,  156.0,  19,  Nuc1948715,  1808,  0, 0, 0, , 0, 0, 0, 0, 0,
606,  1,  507,  675,  -1,  548, 611,  174.0,  17,  Nuc1950075,  2029,  0, 0, 0, , 0, 0, 0, 0, 0,
607,  1,  508,  676,  -1,  564, 568,  168.0,  19,  Nuc1950151,  153,  0, 0, 0, , 0, 0, 0, 0, 0,
608,  1,  508,  677,  -1,  533, 575,  167.0,  17,  Nuc1950154,  1214,  0, 0, 0, , 0, 0, 0, 0, 0,
609,  1,  509,  678,  679,  488, 519,  174.0,  27,  Nuc1950341,  6764,  0, 0, 0, , 0, 0, 0, 0, 0,
610,  1,  509,  680,  681,  496, 568,  171.0,  19,  Nuc1953266,  1223,  0, 0, 0, , 0, 0, 0, 0, 0,
611,  1,  510,  682,  -1,  500, 548,  163.0,  21,  Nuc1953370,  1826,  0, 0, 0, , 0, 0, 0, 0, 0,
612,  1,  511,  683,  -1,  491, 597,  177.0,  19,  Nuc1953403,  1306,  0, 0, 0, , 0, 0, 0, 0, 0,
613,  1,  512,  684,  685,  497, 611,  168.0,  21,  Nuc1953592,  1296,  0, 0, 0, , 0, 0, 0, 0, 0,
614,  1,  513,  686,  -1,  403, 544,  186.0,  17,  Nuc1953753,  1230,  0, 0, 0, , 0, 0, 0, 0, 0,
615,  1,  514,  687,  -1,  398, 470,  185.0,  19,  Nuc1954724,  1074,  0, 0, 0, , 0, 0, 0, 0, 0,
616,  1,  515,  -1,  -1,  376, 437,  176.0,  17,  Nuc1954792,  1018,  0, 0, 0, , 0, 0, 0, 0, 0,
617,  1,  515,  688,  -1,  376, 439,  181.0,  17,  Nuc1954793,  1167,  0, 0, 0, , 0, 0, 0, 0, 0,
618,  1,  516,  689,  -1,  492, 547,  184.0,  21,  Nuc1954958,  3817,  0, 0, 0, , 0, 0, 0, 0, 0,
619,  1,  517,  690,  -1,  558, 520,  178.0,  17,  Nuc1955395,  138,  0, 0, 0, , 0, 0, 0, 0, 0,
620,  1,  517,  691,  -1,  544, 523,  184.0,  17,  Nuc1955402,  1910,  0, 0, 0, , 0, 0, 0, 0, 0,
621,  1,  518,  692,  -1,  584, 529,  183.0,  19,  Nuc1965522,  1893,  0, 0, 0, , 0, 0, 0, 0, 0,
622,  1,  519,  693,  -1,  544, 601,  183.0,  25,  Nuc1967365,  225,  0, 0, 0, , 0, 0, 0, 0, 0,
623,  1,  519,  694,  -1,  539, 561,  182.0,  21,  Nuc1967368,  4011,  0, 0, 0, , 0, 0, 0, 0, 0,
624,  1,  520,  695,  -1,  511, 475,  184.0,  21,  Nuc1968457,  2710,  0, 0, 0, , 0, 0, 0, 0, 0,
625,  1,  521,  696,  697,  445, 519,  180.0,  27,  Nuc1968619,  475,  0, 0, 0, , 0, 0, 0, 0, 0,
626,  1,  521,  698,  -1,  448, 517,  186.0,  21,  Nuc1968703,  2711,  0, 0, 0, , 0, 0, 0, 0, 0,
627,  1,  522,  699,  700,  531, 665,  171.0,  17,  Nuc1968856,  140,  0, 0, 0, , 0, 0, 0, 0, 0,
628,  1,  522,  701,  702,  561, 656,  169.0,  17,  Nuc1968861,  2657,  0, 0, 0, , 0, 0, 0, 0, 0,
629,  1,  523,  703,  704,  571, 598,  164.0,  21,  Nuc1968899,  601,  0, 0, 0, , 0, 0, 0, 0, 0,
630,  1,  523,  705,  706,  594, 622,  161.0,  19,  Nuc1968909,  1817,  0, 0, 0, , 0, 0, 0, 0, 0,
631,  1,  524,  707,  -1,  586, 527,  171.0,  17,  Nuc2004980,  2209,  0, 0, 0, , 0, 0, 0, 0, 0,
632,  1,  525,  708,  709,  585, 568,  162.0,  17,  Nuc2006252,  2070,  0, 0, 0, , 0, 0, 0, 0, 0,
633,  1,  526,  710,  -1,  411, 786,  161.0,  19,  Nuc2009265,  1091,  0, 0, 0, , 0, 0, 0, 0, 0,
634,  1,  527,  711,  -1,  384, 756,  162.0,  17,  Nuc2009288,  723,  0, 0, 0, , 0, 0, 0, 0, 0,
635,  1,  528,  712,  -1,  552, 472,  156.0,  19,  Nuc2012804,  1482,  0, 0, 0, , 0, 0, 0, 0, 0,
636,  1,  529,  713,  -1,  554, 505,  166.0,  21,  Nuc2014916,  2431,  0, 0, 0, , 0, 0, 0, 0, 0,
637,  1,  530,  714,  -1,  471, 380,  167.0,  17,  Nuc2021763,  1602,  0, 0, 0, , 0, 0, 0, 0, 0,
638,  1,  531,  715,  -1,  515, 400,  167.0,  17,  Nuc2021939,  1177,  0, 0, 0, , 0, 0, 0, 0, 0,
639,  1,  532,  716,  -1,  540, 376,  155.0,  19,  Nuc2023775,  2624,  0, 0, 0, , 0, 0, 0, 0, 0,
640,  1,  533,  717,  -1,  595, 469,  161.0,  19,  Nuc2024316,  2192,  0, 0, 0, , 0, 0, 0, 0, 0,
641,  1,  534,  718,  719,  576, 435,  158.0,  17,  Nuc2025673,  1499,  0, 0, 0, , 0, 0, 0, 0, 0,
642,  1,  535,  720,  -1,  562, 415,  168.0,  17,  Nuc2027286,  1796,  0, 0, 0, , 0, 0, 0, 0, 0,
643,  1,  536,  721,  -1,  568, 455,  168.0,  17,  Nuc2034704,  1850,  0, 0, 0, , 0, 0, 0, 0, 0,
644,  1,  537,  722,  -1,  683, 512,  156.0,  19,  Nuc2034851,  4406,  0, 0, 0, , 0, 0, 0, 0, 0,
645,  1,  538,  723,  -1,  595, 466,  149.0,  17,  Nuc2054055,  1232,  0, 0, 0, , 0, 0, 0, 0, 0,
646,  1,  539,  724,  -1,  580, 514,  158.0,  17,  Nuc2054441,  1530,  0, 0, 0, , 0, 0, 0, 0, 0,
647,  1,  540,  725,  -1,  621, 513,  156.0,  19,  Nuc2054522,  2185,  0, 0, 0, , 0, 0, 0, 0, 0,
648,  1,  541,  726,  727,  370, 450,  152.0,  19,  Nuc2064321,  1328,  0, 0, 0, , 0, 0, 0, 0, 0,
649,  1,  542,  728,  -1,  318, 445,  160.0,  17,  Nuc2064387,  393,  0, 0, 0, , 0, 0, 0, 0, 0,
650,  1,  542,  729,  -1,  318, 444,  155.0,  17,  Nuc2064389,  1573,  0, 0, 0, , 0, 0, 0, 0, 0,
651,  1,  543,  730,  -1,  252, 634,  158.0,  17,  Nuc2064595,  301,  0, 0, 0, , 0, 0, 0, 0, 0,
652,  1,  543,  731,  -1,  251, 632,  152.0,  19,  Nuc2064609,  1234,  0, 0, 0, , 0, 0, 0, 0, 0,
653,  1,  544,  732,  -1,  454, 393,  141.0,  17,  Nuc2064835,  1283,  0, 0, 0, , 0, 0, 0, 0, 0,
654,  1,  545,  733,  -1,  429, 371,  139.0,  17,  Nuc2064918,  918,  0, 0, 0, , 0, 0, 0, 0, 0,
655,  1,  545,  734,  735,  435, 328,  136.0,  19,  Nuc2067095,  985,  0, 0, 0, , 0, 0, 0, 0, 0,
656,  1,  546,  736,  -1,  374, 608,  183.0,  21,  Nuc2070387,  513,  0, 0, 0, , 0, 0, 0, 0, 0,
657,  1,  546,  737,  -1,  357, 563,  182.0,  17,  Nuc2070457,  976,  0, 0, 0, , 0, 0, 0, 0, 0,
658,  1,  547,  738,  -1,  275, 545,  160.0,  17,  Nuc2070528,  868,  0, 0, 0, , 0, 0, 0, 0, 0,
659,  1,  547,  739,  740,  295, 574,  168.0,  17,  Nuc2070628,  1485,  0, 0, 0, , 0, 0, 0, 0, 0,
660,  1,  548,  741,  742,  368, 814,  121.0,  17,  Nuc2070802,  1064,  0, 0, 0, , 0, 0, 0, 0, 0,
661,  1,  549,  743,  -1,  322, 828,  111.0,  19,  Nuc2071280,  523,  0, 0, 0, , 0, 0, 0, 0, 0,
662,  1,  549,  744,  -1,  345, 864,  109.0,  17,  Nuc2071343,  1072,  0, 0, 0, , 0, 0, 0, 0, 0,
663,  1,  550,  745,  746,  433, 846,  111.0,  21,  Nuc2071378,  2274,  0, 0, 0, , 0, 0, 0, 0, 0,
664,  1,  551,  747,  748,  388, 837,  111.0,  17,  Nuc2071481,  1261,  0, 0, 0, , 0, 0, 0, 0, 0,
665,  1,  552,  749,  -1,  380, 913,  96.0,  17,  Nuc2079174,  761,  0, 0, 0, , 0, 0, 0, 0, 0,
666,  1,  552,  750,  -1,  375, 899,  107.0,  19,  Nuc2080570,  2186,  0, 0, 0, , 0, 0, 0, 0, 0,
667,  1,  553,  751,  -1,  283, 364,  157.0,  19,  Nuc2080857,  1160,  0, 0, 0, , 0, 0, 0, 0, 0,
668,  1,  554,  752,  753,  209, 386,  139.0,  17,  Nuc2080919,  223,  0, 0, 0, , 0, 0, 0, 0, 0,
669,  1,  555,  754,  -1,  247, 352,  149.0,  19,  Nuc2081022,  1092,  0, 0, 0, , 0, 0, 0, 0, 0,
670,  1,  556,  755,  -1,  321, 526,  170.0,  17,  Nuc2081082,  1204,  0, 0, 0, , 0, 0, 0, 0, 0,
671,  1,  556,  756,  -1,  293, 522,  170.0,  17,  Nuc2081282,  460,  0, 0, 0, , 0, 0, 0, 0, 0,
672,  1,  557,  -1,  -1,  409, 519,  172.0,  27,  Nuc2081317,  435,  0, 0, 0, , 0, 0, 0, 0, 0,
673,  1,  557,  757,  -1,  414, 515,  167.0,  19,  Nuc2081318,  1060,  0, 0, 0, , 0, 0, 0, 0, 0,
674,  1,  558,  758,  759,  409, 586,  159.0,  17,  Nuc2082011,  1172,  0, 0, 0, , 0, 0, 0, 0, 0,
675,  1,  558,  760,  -1,  417, 583,  171.0,  15,  Nuc2082941,  747,  0, 0, 0, , 0, 0, 0, 0, 0,
676,  1,  559,  761,  -1,  360, 562,  177.0,  15,  Nuc2083625,  231,  0, 0, 0, , 0, 0, 0, 0, 0,
677,  1,  559,  762,  -1,  333, 564,  175.0,  17,  Nuc2083631,  1324,  0, 0, 0, , 0, 0, 0, 0, 0,
678,  1,  560,  763,  -1,  366, 532,  173.0,  19,  Nuc2083698,  1315,  0, 0, 0, , 0, 0, 0, 0, 0,
679,  1,  560,  764,  765,  392, 566,  168.0,  17,  Nuc2083700,  1342,  0, 0, 0, , 0, 0, 0, 0, 0,
680,  1,  561,  766,  -1,  386, 496,  160.0,  19,  Nuc2084638,  153,  0, 0, 0, , 0, 0, 0, 0, 0,
681,  1,  561,  767,  768,  368, 494,  166.0,  17,  Nuc2084797,  1092,  0, 0, 0, , 0, 0, 0, 0, 0,
682,  1,  562,  769,  770,  419, 855,  124.0,  25,  Nuc2084919,  3332,  0, 0, 0, , 0, 0, 0, 0, 0,
683,  1,  563,  -1,  -1,  381, 882,  122.0,  17,  Nuc2087976,  617,  0, 0, 0, , 0, 0, 0, 0, 0,
684,  1,  563,  771,  -1,  380, 884,  117.0,  17,  Nuc2087977,  1632,  0, 0, 0, , 0, 0, 0, 0, 0,
685,  1,  564,  772,  -1,  343, 506,  182.0,  19,  Nuc2088530,  622,  0, 0, 0, , 0, 0, 0, 0, 0,
686,  1,  565,  773,  -1,  377, 402,  179.0,  17,  Nuc2088550,  117,  0, 0, 0, , 0, 0, 0, 0, 0,
687,  1,  565,  774,  -1,  408, 408,  178.0,  17,  Nuc2088554,  2320,  0, 0, 0, , 0, 0, 0, 0, 0,
688,  1,  566,  775,  -1,  343, 453,  170.0,  19,  Nuc2088675,  544,  0, 0, 0, , 0, 0, 0, 0, 0,
689,  1,  566,  776,  -1,  384, 455,  171.0,  17,  Nuc2088764,  1166,  0, 0, 0, , 0, 0, 0, 0, 0,
690,  1,  567,  777,  -1,  576, 718,  135.0,  19,  Nuc2088823,  1979,  0, 0, 0, , 0, 0, 0, 0, 0,
691,  1,  568,  778,  779,  548, 763,  128.0,  19,  Nuc2111012,  1101,  0, 0, 0, , 0, 0, 0, 0, 0,
692,  1,  569,  780,  -1,  310, 538,  149.0,  19,  Nuc2132905,  1032,  0, 0, 0, , 0, 0, 0, 0, 0,
693,  1,  569,  781,  -1,  351, 533,  152.0,  17,  Nuc2132907,  823,  0, 0, 0, , 0, 0, 0, 0, 0,
694,  1,  570,  782,  -1,  289, 606,  154.0,  21,  Nuc2133160,  1157,  0, 0, 0, , 0, 0, 0, 0, 0,
695,  1,  571,  783,  -1,  295, 576,  160.0,  17,  Nuc2134369,  1206,  0, 0, 0, , 0, 0, 0, 0, 0,
696,  1,  571,  784,  -1,  295, 576,  154.0,  17,  Nuc2134928,  1186,  0, 0, 0, , 0, 0, 0, 0, 0,
697,  1,  572,  785,  -1,  496, 627,  139.0,  19,  Nuc2135000,  1749,  0, 0, 0, , 0, 0, 0, 0, 0,
698,  1,  573,  786,  -1,  449, 747,  141.0,  17,  Nuc2135023,  1056,  0, 0, 0, , 0, 0, 0, 0, 0,
699,  1,  573,  787,  -1,  469, 705,  140.0,  21,  Nuc2144109,  1447,  0, 0, 0, , 0, 0, 0, 0, 0,
700,  1,  574,  788,  -1,  412, 682,  148.0,  19,  Nuc2144154,  1035,  0, 0, 0, , 0, 0, 0, 0, 0,
701,  1,  574,  789,  -1,  462, 682,  148.0,  19,  Nuc2144158,  1550,  0, 0, 0, , 0, 0, 0, 0, 0,
702,  1,  575,  790,  791,  518, 672,  146.0,  19,  Nuc2144212,  956,  0, 0, 0, , 0, 0, 0, 0, 0,
703,  1,  576,  792,  793,  278, 332,  137.0,  17,  Nuc2160254,  495,  0, 0, 0, , 0, 0, 0, 0, 0,
704,  1,  576,  794,  795,  275, 383,  140.0,  19,  Nuc2160413,  1661,  0, 0, 0, , 0, 0, 0, 0, 0,
705,  1,  577,  796,  -1,  279, 434,  148.0,  19,  Nuc2160621,  1054,  0, 0, 0, , 0, 0, 0, 0, 0,
706,  1,  577,  797,  -1,  298, 393,  152.0,  19,  Nuc2160874,  1123,  0, 0, 0, , 0, 0, 0, 0, 0,
707,  1,  578,  798,  -1,  327, 337,  155.0,  17,  Nuc2160894,  647,  0, 0, 0, , 0, 0, 0, 0, 0,
708,  1,  578,  799,  800,  374, 325,  151.0,  19,  Nuc2161007,  955,  0, 0, 0, , 0, 0, 0, 0, 0,
709,  1,  579,  801,  -1,  306, 171,  111.0,  17,  Nuc2161908,  646,  0, 0, 0, , 0, 0, 0, 0, 0,
710,  1,  579,  802,  -1,  311, 188,  115.0,  17,  Nuc2162681,  123,  0, 0, 0, , 0, 0, 0, 0, 0,
711,  1,  580,  803,  -1,  274, 506,  138.0,  19,  Nuc2162756,  1769,  0, 0, 0, , 0, 0, 0, 0, 0,
712,  1,  580,  804,  -1,  275, 507,  144.0,  17,  Nuc2162840,  896,  0, 0, 0, , 0, 0, 0, 0, 0,
713,  1,  581,  805,  806,  272, 380,  133.0,  19,  Nuc2162931,  1465,  0, 0, 0, , 0, 0, 0, 0, 0,
714,  1,  581,  807,  -1,  273, 376,  124.0,  19,  Nuc2163335,  1249,  0, 0, 0, , 0, 0, 0, 0, 0,
715,  1,  582,  808,  -1,  375, 943,  85.0,  17,  Nuc2163434,  574,  0, 0, 0, , 0, 0, 0, 0, 0,
716,  1,  583,  809,  810,  309, 542,  140.0,  21,  Nuc2164079,  161,  0, 0, 0, , 0, 0, 0, 0, 0,
717,  1,  583,  -1,  -1,  307, 548,  129.0,  19,  Nuc2166839,  1258,  0, 0, 0, , 0, 0, 0, 0, 0,
718,  1,  584,  811,  -1,  337, 512,  138.0,  21,  Nuc2166841,  2667,  0, 0, 0, , 0, 0, 0, 0, 0,
719,  1,  584,  812,  -1,  332, 517,  129.0,  19,  Nuc2167038,  3219,  0, 0, 0, , 0, 0, 0, 0, 0,
720,  1,  585,  813,  -1,  289, 716,  132.0,  17,  Nuc2167054,  447,  0, 0, 0, , 0, 0, 0, 0, 0,
721,  1,  585,  814,  815,  314, 752,  131.0,  17,  Nuc2167128,  751,  0, 0, 0, , 0, 0, 0, 0, 0,
722,  1,  586,  816,  -1,  324, 672,  154.0,  17,  Nuc2167169,  892,  0, 0, 0, , 0, 0, 0, 0, 0,
723,  1,  586,  817,  -1,  325, 669,  149.0,  17,  Nuc2167173,  1547,  0, 0, 0, , 0, 0, 0, 0, 0,
724,  1,  587,  818,  -1,  331, 733,  144.0,  17,  Nuc2167201,  465,  0, 0, 0, , 0, 0, 0, 0, 0,
725,  1,  587,  819,  -1,  310, 706,  143.0,  17,  Nuc2168642,  1434,  0, 0, 0, , 0, 0, 0, 0, 0,
726,  1,  588,  820,  821,  364, 680,  144.0,  17,  Nuc2168651,  1167,  0, 0, 0, , 0, 0, 0, 0, 0,
727,  1,  589,  822,  -1,  283, 430,  136.0,  19,  Nuc2168962,  414,  0, 0, 0, , 0, 0, 0, 0, 0,
728,  1,  589,  823,  824,  325, 420,  143.0,  17,  Nuc2168964,  724,  0, 0, 0, , 0, 0, 0, 0, 0,
729,  1,  590,  825,  -1,  340, 374,  149.0,  17,  Nuc2169140,  998,  0, 0, 0, , 0, 0, 0, 0, 0,
730,  1,  590,  826,  -1,  364, 404,  146.0,  17,  Nuc2169257,  1121,  0, 0, 0, , 0, 0, 0, 0, 0,
731,  1,  591,  827,  -1,  613, 447,  129.0,  19,  Nuc2169290,  1366,  0, 0, 0, , 0, 0, 0, 0, 0,
732,  1,  592,  828,  -1,  616, 400,  130.0,  19,  Nuc2169314,  1273,  0, 0, 0, , 0, 0, 0, 0, 0,
733,  1,  593,  829,  -1,  502, 730,  149.0,  19,  Nuc2169565,  946,  0, 0, 0, , 0, 0, 0, 0, 0,
734,  1,  593,  830,  -1,  554, 731,  150.0,  19,  Nuc2170329,  2197,  0, 0, 0, , 0, 0, 0, 0, 0,
735,  1,  594,  831,  -1,  445, 618,  159.0,  17,  Nuc2172454,  730,  0, 0, 0, , 0, 0, 0, 0, 0,
736,  1,  594,  832,  -1,  459, 634,  152.0,  19,  Nuc2172765,  1563,  0, 0, 0, , 0, 0, 0, 0, 0,
737,  1,  595,  833,  -1,  353, 279,  153.0,  19,  Nuc2172897,  1135,  0, 0, 0, , 0, 0, 0, 0, 0,
738,  1,  596,  834,  -1,  493, 643,  122.0,  21,  Nuc2173166,  1620,  0, 0, 0, , 0, 0, 0, 0, 0,
739,  1,  597,  835,  -1,  496, 691,  126.0,  19,  Nuc2173191,  988,  0, 0, 0, , 0, 0, 0, 0, 0,
740,  1,  598,  836,  -1,  219, 307,  125.0,  19,  Nuc2182304,  371,  0, 0, 0, , 0, 0, 0, 0, 0,
741,  1,  598,  837,  -1,  234, 275,  126.0,  17,  Nuc2182340,  458,  0, 0, 0, , 0, 0, 0, 0, 0,
742,  1,  599,  838,  839,  346, 691,  129.0,  17,  Nuc2182413,  1110,  0, 0, 0, , 0, 0, 0, 0, 0,
743,  1,  599,  840,  -1,  363, 728,  130.0,  17,  Nuc2182433,  1172,  0, 0, 0, , 0, 0, 0, 0, 0,
744,  1,  600,  841,  842,  261, 637,  142.0,  19,  Nuc2182483,  730,  0, 0, 0, , 0, 0, 0, 0, 0,
745,  1,  600,  843,  844,  291, 622,  134.0,  19,  Nuc2182534,  316,  0, 0, 0, , 0, 0, 0, 0, 0,
746,  1,  601,  845,  -1,  385, 515,  143.0,  19,  Nuc2182626,  564,  0, 0, 0, , 0, 0, 0, 0, 0,
747,  1,  601,  846,  -1,  367, 549,  138.0,  19,  Nuc2182629,  846,  0, 0, 0, , 0, 0, 0, 0, 0,
748,  1,  602,  -1,  -1,  185, 502,  143.0,  17,  Nuc2182666,  886,  0, 0, 0, , 0, 0, 0, 0, 0,
749,  1,  602,  847,  848,  185, 501,  138.0,  17,  Nuc2182667,  1055,  0, 0, 0, , 0, 0, 0, 0, 0,
750,  1,  603,  849,  850,  362, 773,  140.0,  17,  Nuc2182715,  950,  0, 0, 0, , 0, 0, 0, 0, 0,
751,  1,  604,  851,  -1,  769, 554,  145.0,  17,  Nuc2183860,  2138,  0, 0, 0, , 0, 0, 0, 0, 0,
752,  1,  605,  852,  -1,  533, 308,  152.0,  17,  Nuc2204231,  1437,  0, 0, 0, , 0, 0, 0, 0, 0,
753,  1,  -1,  853,  854,  254, 708,  124.0,  19,  Nuc2205043,  2440,  0, 0, 0, , 0, 0, 0, 0, 0,
754,  1,  -1,  855,  -1,  343, 455,  177.0,  19,  Nuc2205060,  1889,  0, 0, 0, , 0, 0, 0, 0, 0,
755,  1,  -1,  856,  -1,  311, 889,  97.0,  19,  Nuc2205064,  118,  0, 0, 0, , 0, 0, 0, 0, 0,
756,  1,  -1,  857,  -1,  438, 889,  99.0,  17,  Nuc2205105,  404,  0, 0, 0, , 0, 0, 0, 0, 0,
757,  1,  -1,  858,  -1,  349, 181,  114.0,  17,  Nuc2205130,  598,  0, 0, 0, , 0, 0, 0, 0, 0,
758,  1,  -1,  859,  -1,  360, 223,  116.0,  17,  Nuc2205462,  490,  0, 0, 0, , 0, 0, 0, 0, 0,
759,  1,  -1,  860,  -1,  258, 223,  119.0,  19,  Nuc2205467,  370,  0, 0, 0, , 0, 0, 0, 0, 0,
760,  1,  -1,  861,  -1,  405, 731,  119.0,  19,  Nuc2205469,  1150,  0, 0, 0, , 0, 0, 0, 0, 0,
761,  1,  -1,  -1,  -1,  206, 716,  120.0,  17,  Nuc2205638,  478,  0, 0, 0, , 0, 0, 0, 0, 0,
762,  1,  -1,  862,  863,  230, 766,  120.0,  19,  Nuc2205639,  679,  0, 0, 0, , 0, 0, 0, 0, 0,
763,  1,  -1,  864,  -1,  272, 761,  121.0,  17,  Nuc2205792,  446,  0, 0, 0, , 0, 0, 0, 0, 0,
764,  1,  -1,  865,  -1,  293, 780,  121.0,  17,  Nuc2205850,  357,  0, 0, 0, , 0, 0, 0, 0, 0,
765,  1,  -1,  866,  867,  381, 202,  122.0,  17,  Nuc2205892,  256,  0, 0, 0, , 0, 0, 0, 0, 0,
766,  1,  -1,  868,  -1,  428, 675,  122.0,  21,  Nuc2205918,  552,  0, 0, 0, , 0, 0, 0, 0, 0,
767,  1,  -1,  869,  -1,  435, 406,  122.0,  21,  Nuc2205943,  1218,  0, 0, 0, , 0, 0, 0, 0, 0,
768,  1,  -1,  870,  -1,  528, 548,  123.0,  21,  Nuc2205955,  1700,  0, 0, 0, , 0, 0, 0, 0, 0,
769,  1,  -1,  871,  -1,  406, 456,  124.0,  19,  Nuc2205961,  798,  0, 0, 0, , 0, 0, 0, 0, 0,
770,  1,  -1,  872,  -1,  440, 459,  124.0,  17,  Nuc2205981,  993,  0, 0, 0, , 0, 0, 0, 0, 0,
771,  1,  -1,  873,  -1,  355, 294,  125.0,  17,  Nuc2205989,  490,  0, 0, 0, , 0, 0, 0, 0, 0,
772,  1,  -1,  874,  -1,  365, 356,  125.0,  17,  Nuc2206408,  265,  0, 0, 0, , 0, 0, 0, 0, 0,
773,  1,  -1,  875,  -1,  367, 414,  125.0,  19,  Nuc2206431,  1195,  0, 0, 0, , 0, 0, 0, 0, 0,
774,  1,  -1,  876,  -1,  425, 290,  125.0,  19,  Nuc2206500,  760,  0, 0, 0, , 0, 0, 0, 0, 0,
775,  1,  -1,  877,  878,  459, 554,  125.0,  19,  Nuc2206574,  1198,  0, 0, 0, , 0, 0, 0, 0, 0,
776,  1,  -1,  879,  880,  463, 371,  125.0,  19,  Nuc2206662,  472,  0, 0, 0, , 0, 0, 0, 0, 0,
777,  1,  -1,  881,  -1,  169, 372,  126.0,  19,  Nuc2208642,  240,  0, 0, 0, , 0, 0, 0, 0, 0,
778,  1,  -1,  882,  -1,  201, 425,  126.0,  19,  Nuc2208644,  614,  0, 0, 0, , 0, 0, 0, 0, 0,
779,  1,  -1,  883,  -1,  287, 304,  126.0,  19,  Nuc2208655,  751,  0, 0, 0, , 0, 0, 0, 0, 0,
780,  1,  -1,  884,  -1,  309, 595,  126.0,  21,  Nuc2208667,  1268,  0, 0, 0, , 0, 0, 0, 0, 0,
781,  1,  -1,  885,  -1,  327, 287,  126.0,  17,  Nuc2208670,  361,  0, 0, 0, , 0, 0, 0, 0, 0,
782,  1,  -1,  886,  -1,  378, 545,  126.0,  19,  Nuc2208710,  1246,  0, 0, 0, , 0, 0, 0, 0, 0,
783,  1,  -1,  887,  888,  393, 237,  126.0,  17,  Nuc2208715,  766,  0, 0, 0, , 0, 0, 0, 0, 0,
784,  1,  -1,  889,  890,  324, 390,  127.0,  19,  Nuc2209732,  1016,  0, 0, 0, , 0, 0, 0, 0, 0,
785,  1,  -1,  891,  -1,  435, 407,  128.0,  19,  Nuc2209783,  1187,  0, 0, 0, , 0, 0, 0, 0, 0,
786,  1,  -1,  892,  -1,  574, 319,  128.0,  21,  Nuc2209804,  1083,  0, 0, 0, , 0, 0, 0, 0, 0,
787,  1,  -1,  893,  -1,  323, 208,  129.0,  17,  Nuc2210154,  1031,  0, 0, 0, , 0, 0, 0, 0, 0,
788,  1,  -1,  -1,  -1,  357, 857,  129.0,  17,  Nuc2210289,  1192,  0, 0, 0, , 0, 0, 0, 0, 0,
789,  1,  -1,  -1,  -1,  359, 415,  129.0,  21,  Nuc2210290,  1195,  0, 0, 0, , 0, 0, 0, 0, 0,
790,  1,  -1,  894,  -1,  442, 710,  129.0,  17,  Nuc2210291,  404,  0, 0, 0, , 0, 0, 0, 0, 0,
791,  1,  -1,  895,  896,  368, 595,  131.0,  19,  Nuc2210604,  168,  0, 0, 0, , 0, 0, 0, 0, 0,
792,  1,  -1,  897,  -1,  394, 306,  131.0,  17,  Nuc2210635,  390,  0, 0, 0, , 0, 0, 0, 0, 0,
793,  1,  -1,  898,  -1,  398, 393,  131.0,  17,  Nuc2210659,  1332,  0, 0, 0, , 0, 0, 0, 0, 0,
794,  1,  -1,  899,  -1,  468, 304,  131.0,  19,  Nuc2210841,  831,  0, 0, 0, , 0, 0, 0, 0, 0,
795,  1,  -1,  900,  -1,  476, 253,  131.0,  17,  Nuc2211238,  874,  0, 0, 0, , 0, 0, 0, 0, 0,
796,  1,  -1,  901,  -1,  559, 422,  132.0,  19,  Nuc2211351,  841,  0, 0, 0, , 0, 0, 0, 0, 0,
797,  1,  -1,  902,  -1,  196, 632,  134.0,  19,  Nuc2211372,  237,  0, 0, 0, , 0, 0, 0, 0, 0,
798,  1,  -1,  903,  904,  307, 667,  134.0,  21,  Nuc2211383,  1033,  0, 0, 0, , 0, 0, 0, 0, 0,
799,  1,  -1,  905,  -1,  469, 652,  134.0,  19,  Nuc2211978,  871,  0, 0, 0, , 0, 0, 0, 0, 0,
800,  1,  -1,  -1,  -1,  179, 435,  135.0,  17,  Nuc2212181,  574,  0, 0, 0, , 0, 0, 0, 0, 0,
801,  1,  -1,  906,  -1,  261, 701,  135.0,  17,  Nuc2212182,  763,  0, 0, 0, , 0, 0, 0, 0, 0,
802,  1,  -1,  907,  -1,  307, 475,  135.0,  19,  Nuc2212187,  1783,  0, 0, 0, , 0, 0, 0, 0, 0,
803,  1,  -1,  -1,  -1,  245, 455,  136.0,  17,  Nuc2212190,  531,  0, 0, 0, , 0, 0, 0, 0, 0,
804,  1,  -1,  908,  -1,  346, 334,  136.0,  19,  Nuc2212191,  440,  0, 0, 0, , 0, 0, 0, 0, 0,
805,  1,  -1,  909,  -1,  381, 446,  137.0,  17,  Nuc2212452,  839,  0, 0, 0, , 0, 0, 0, 0, 0,
806,  1,  -1,  910,  -1,  221, 512,  139.0,  19,  Nuc2212561,  1097,  0, 0, 0, , 0, 0, 0, 0, 0,
807,  1,  -1,  911,  912,  277, 568,  139.0,  19,  Nuc2212616,  1122,  0, 0, 0, , 0, 0, 0, 0, 0,
808,  1,  -1,  913,  -1,  380, 345,  139.0,  19,  Nuc2212742,  569,  0, 0, 0, , 0, 0, 0, 0, 0,
809,  1,  -1,  914,  915,  230, 662,  140.0,  17,  Nuc2212753,  788,  0, 0, 0, , 0, 0, 0, 0, 0,
810,  1,  -1,  916,  917,  351, 472,  140.0,  19,  Nuc2212811,  1113,  0, 0, 0, , 0, 0, 0, 0, 0,
811,  1,  -1,  918,  -1,  386, 624,  140.0,  19,  Nuc2213056,  1180,  0, 0, 0, , 0, 0, 0, 0, 0,
812,  1,  -1,  -1,  -1,  200, 445,  141.0,  17,  Nuc2213241,  333,  0, 0, 0, , 0, 0, 0, 0, 0,
813,  1,  -1,  919,  920,  303, 472,  141.0,  19,  Nuc2213242,  1636,  0, 0, 0, , 0, 0, 0, 0, 0,
814,  1,  -1,  921,  -1,  396, 471,  141.0,  19,  Nuc2213794,  1267,  0, 0, 0, , 0, 0, 0, 0, 0,
815,  1,  -1,  922,  923,  238, 470,  143.0,  17,  Nuc2213841,  370,  0, 0, 0, , 0, 0, 0, 0, 0,
816,  1,  -1,  924,  -1,  291, 606,  146.0,  19,  Nuc2213922,  565,  0, 0, 0, , 0, 0, 0, 0, 0,
817,  1,  -1,  925,  -1,  299, 283,  146.0,  17,  Nuc2213972,  1275,  0, 0, 0, , 0, 0, 0, 0, 0,
818,  1,  -1,  926,  -1,  319, 341,  146.0,  19,  Nuc2214012,  912,  0, 0, 0, , 0, 0, 0, 0, 0,
819,  1,  -1,  927,  -1,  267, 694,  148.0,  19,  Nuc2214030,  656,  0, 0, 0, , 0, 0, 0, 0, 0,
820,  1,  -1,  928,  929,  383, 568,  149.0,  17,  Nuc2214085,  283,  0, 0, 0, , 0, 0, 0, 0, 0,
821,  1,  -1,  930,  -1,  408, 632,  151.0,  19,  Nuc2214183,  1308,  0, 0, 0, , 0, 0, 0, 0, 0,
822,  1,  -1,  931,  -1,  233, 557,  152.0,  17,  Nuc2214197,  746,  0, 0, 0, , 0, 0, 0, 0, 0,
823,  1,  -1,  932,  -1,  279, 476,  152.0,  17,  Nuc2214255,  849,  0, 0, 0, , 0, 0, 0, 0, 0,
824,  1,  -1,  933,  -1,  339, 494,  153.0,  17,  Nuc2214336,  778,  0, 0, 0, , 0, 0, 0, 0, 0,
825,  1,  -1,  934,  935,  234, 480,  154.0,  19,  Nuc2214343,  974,  0, 0, 0, , 0, 0, 0, 0, 0,
826,  1,  -1,  936,  937,  233, 510,  155.0,  17,  Nuc2214350,  532,  0, 0, 0, , 0, 0, 0, 0, 0,
827,  1,  -1,  -1,  -1,  349, 577,  155.0,  17,  Nuc2214378,  782,  0, 0, 0, , 0, 0, 0, 0, 0,
828,  1,  -1,  938,  939,  375, 614,  155.0,  21,  Nuc2214379,  1237,  0, 0, 0, , 0, 0, 0, 0, 0,
829,  1,  -1,  940,  -1,  277, 516,  156.0,  17,  Nuc2214667,  782,  0, 0, 0, , 0, 0, 0, 0, 0,
830,  1,  -1,  941,  942,  410, 543,  161.0,  19,  Nuc2214692,  920,  0, 0, 0, , 0, 0, 0, 0, 0,
831,  1,  -1,  943,  -1,  321, 532,  163.0,  19,  Nuc2214711,  1551,  0, 0, 0, , 0, 0, 0, 0, 0,
832,  1,  -1,  944,  -1,  365, 532,  165.0,  19,  Nuc2215141,  1236,  0, 0, 0, , 0, 0, 0, 0, 0,
833,  1,  -1,  945,  -1,  376, 667,  172.0,  17,  Nuc2215252,  437,  0, 0, 0, , 0, 0, 0, 0, 0,
834,  1,  -1,  946,  -1,  377, 613,  178.0,  17,  Nuc2215254,  253,  0, 0, 0, , 0, 0, 0, 0, 0,
835,  1,  -1,  947,  -1,  322, 208,  124.0,  17,  Nuc2215273,  668,  0, 0, 0, , 0, 0, 0, 0, 0,
836,  1,  -1,  948,  -1,  310, 706,  138.0,  17,  Nuc2215880,  683,  0, 0, 0, , 0, 0, 0, 0, 0,
837,  1,  -1,  949,  950,  337, 514,  145.0,  21,  Nuc2216071,  1560,  0, 0, 0, , 0, 0, 0, 0, 0,
838,  1,  -1,  951,  -1,  317, 536,  157.0,  19,  Nuc2216823,  1002,  0, 0, 0, , 0, 0, 0, 0, 0,
