1,  1,  1,  1,  -1,  557, 972,  88.0,  17,  Nuc79,  454,  0, 0, 0, , 0, 0, 0, 0, 0,
2,  1,  2,  2,  -1,  528, 973,  86.0,  17,  Nuc3270,  440,  0, 0, 0, , 0, 0, 0, 0, 0,
3,  1,  3,  3,  -1,  537, 902,  97.0,  17,  Nuc5295,  775,  0, 0, 0, , 0, 0, 0, 0, 0,
4,  1,  4,  4,  5,  506, 921,  96.0,  19,  Nuc6473,  919,  0, 0, 0, , 0, 0, 0, 0, 0,
5,  1,  5,  6,  -1,  448, 949,  93.0,  17,  Nuc7248,  654,  0, 0, 0, , 0, 0, 0, 0, 0,
6,  1,  6,  7,  -1,  440, 962,  85.0,  15,  Nuc7656,  950,  0, 0, 0, , 0, 0, 0, 0, 0,
7,  1,  8,  8,  -1,  434, 802,  129.0,  17,  Nuc9538,  700,  0, 0, 0, , 0, 0, 0, 0, 0,
8,  1,  9,  9,  -1,  455, 788,  115.0,  17,  Nuc24048,  967,  0, 0, 0, , 0, 0, 0, 0, 0,
9,  1,  10,  -1,  -1,  407, 781,  115.0,  21,  Nuc24125,  403,  0, 0, 0, , 0, 0, 0, 0, 0,
10,  1,  11,  10,  -1,  476, 858,  109.0,  15,  Nuc24168,  734,  0, 0, 0, , 0, 0, 0, 0, 0,
11,  1,  11,  11,  -1,  486, 881,  106.0,  15,  Nuc26030,  808,  0, 0, 0, , 0, 0, 0, 0, 0,
12,  1,  12,  12,  -1,  422, 913,  108.0,  19,  Nuc26099,  1968,  0, 0, 0, , 0, 0, 0, 0, 0,
13,  1,  14,  13,  14,  483, 941,  105.0,  17,  Nuc28692,  1048,  0, 0, 0, , 0, 0, 0, 0, 0,
14,  1,  15,  15,  -1,  771, 869,  101.0,  17,  Nuc29686,  1018,  0, 0, 0, , 0, 0, 0, 0, 0,
15,  1,  16,  16,  -1,  791, 895,  94.0,  17,  Nuc31215,  909,  0, 0, 0, , 0, 0, 0, 0, 0,
16,  1,  17,  17,  -1,  714, 893,  104.0,  17,  Nuc34372,  937,  0, 0, 0, , 0, 0, 0, 0, 0,
17,  1,  18,  18,  -1,  743, 913,  98.0,  17,  Nuc36023,  970,  0, 0, 0, , 0, 0, 0, 0, 0,
18,  1,  19,  19,  -1,  653, 883,  116.0,  15,  Nuc37597,  939,  0, 0, 0, , 0, 0, 0, 0, 0,
19,  1,  20,  20,  -1,  675, 910,  114.0,  15,  Nuc39316,  971,  0, 0, 0, , 0, 0, 0, 0, 0,
20,  1,  21,  21,  -1,  639, 836,  116.0,  17,  Nuc40160,  737,  0, 0, 0, , 0, 0, 0, 0, 0,
21,  1,  22,  22,  -1,  681, 845,  113.0,  17,  Nuc40702,  1289,  0, 0, 0, , 0, 0, 0, 0, 0,
22,  1,  23,  23,  -1,  604, 886,  110.0,  17,  Nuc47901,  634,  0, 0, 0, , 0, 0, 0, 0, 0,
23,  1,  24,  24,  -1,  639, 908,  106.0,  17,  Nuc48008,  1057,  0, 0, 0, , 0, 0, 0, 0, 0,
24,  1,  25,  25,  -1,  599, 928,  103.0,  17,  Nuc49719,  673,  0, 0, 0, , 0, 0, 0, 0, 0,
25,  1,  26,  26,  -1,  607, 958,  97.0,  15,  Nuc50382,  1012,  0, 0, 0, , 0, 0, 0, 0, 0,
26,  1,  27,  27,  -1,  694, 904,  95.0,  17,  Nuc51572,  952,  0, 0, 0, , 0, 0, 0, 0, 0,
27,  1,  28,  28,  -1,  701, 942,  88.0,  17,  Nuc59203,  656,  0, 0, 0, , 0, 0, 0, 0, 0,
28,  1,  29,  29,  -1,  628, 934,  92.0,  17,  Nuc61191,  964,  0, 0, 0, , 0, 0, 0, 0, 0,
29,  1,  30,  30,  -1,  634, 962,  85.0,  17,  Nuc62508,  804,  0, 0, 0, , 0, 0, 0, 0, 0,
30,  1,  31,  31,  -1,  631, 873,  135.0,  17,  Nuc64018,  1015,  0, 0, 0, , 0, 0, 0, 0, 0,
31,  1,  32,  32,  -1,  619, 842,  134.0,  17,  Nuc64638,  872,  0, 0, 0, , 0, 0, 0, 0, 0,
32,  1,  33,  33,  -1,  599, 766,  131.0,  17,  Nuc65790,  1833,  0, 0, 0, , 0, 0, 0, 0, 0,
33,  1,  34,  34,  -1,  575, 806,  134.0,  17,  Nuc65971,  626,  0, 0, 0, , 0, 0, 0, 0, 0,
34,  1,  35,  35,  -1,  534, 948,  102.0,  17,  Nuc69359,  1091,  0, 0, 0, , 0, 0, 0, 0, 0,
35,  1,  36,  36,  -1,  535, 910,  107.0,  17,  Nuc69390,  1059,  0, 0, 0, , 0, 0, 0, 0, 0,
36,  1,  37,  37,  -1,  519, 848,  112.0,  17,  Nuc70685,  1144,  0, 0, 0, , 0, 0, 0, 0, 0,
37,  1,  38,  38,  -1,  518, 846,  107.0,  17,  Nuc73678,  501,  0, 0, 0, , 0, 0, 0, 0, 0,
38,  1,  39,  39,  -1,  558, 859,  110.0,  17,  Nuc73684,  1120,  0, 0, 0, , 0, 0, 0, 0, 0,
39,  1,  40,  40,  -1,  622, 759,  119.0,  17,  Nuc73742,  1125,  0, 0, 0, , 0, 0, 0, 0, 0,
40,  1,  41,  41,  42,  594, 818,  115.0,  19,  Nuc74226,  1137,  0, 0, 0, , 0, 0, 0, 0, 0,
41,  1,  42,  43,  -1,  552, 809,  118.0,  17,  Nuc74263,  1015,  0, 0, 0, , 0, 0, 0, 0, 0,
42,  1,  43,  44,  -1,  622, 859,  124.0,  17,  Nuc76211,  1828,  0, 0, 0, , 0, 0, 0, 0, 0,
43,  1,  44,  45,  -1,  576, 856,  125.0,  17,  Nuc81743,  1092,  0, 0, 0, , 0, 0, 0, 0, 0,
44,  1,  45,  46,  -1,  557, 877,  117.0,  17,  Nuc87917,  1161,  0, 0, 0, , 0, 0, 0, 0, 0,
45,  1,  46,  47,  -1,  583, 930,  113.0,  17,  Nuc88095,  938,  0, 0, 0, , 0, 0, 0, 0, 0,
46,  1,  47,  48,  -1,  618, 921,  116.0,  17,  Nuc89179,  1012,  0, 0, 0, , 0, 0, 0, 0, 0,
47,  1,  48,  -1,  -1,  509, 804,  112.0,  17,  Nuc90610,  501,  0, 0, 0, , 0, 0, 0, 0, 0,
48,  1,  48,  49,  -1,  507, 806,  117.0,  17,  Nuc90611,  1148,  0, 0, 0, , 0, 0, 0, 0, 0,
49,  1,  49,  50,  -1,  472, 824,  115.0,  17,  Nuc102377,  959,  0, 0, 0, , 0, 0, 0, 0, 0,
50,  1,  50,  51,  -1,  535, 828,  130.0,  17,  Nuc102475,  2080,  0, 0, 0, , 0, 0, 0, 0, 0,
51,  1,  51,  52,  53,  477, 863,  129.0,  15,  Nuc126701,  779,  0, 0, 0, , 0, 0, 0, 0, 0,
52,  1,  52,  54,  -1,  477, 825,  127.0,  17,  Nuc129071,  701,  0, 0, 0, , 0, 0, 0, 0, 0,
53,  1,  53,  55,  -1,  498, 794,  130.0,  17,  Nuc143950,  1319,  0, 0, 0, , 0, 0, 0, 0, 0,
54,  1,  54,  56,  -1,  557, 906,  125.0,  17,  Nuc144332,  940,  0, 0, 0, , 0, 0, 0, 0, 0,
55,  1,  55,  57,  -1,  523, 866,  124.0,  17,  Nuc145879,  1274,  0, 0, 0, , 0, 0, 0, 0, 0,
56,  1,  56,  58,  -1,  527, 917,  120.0,  17,  Nuc146065,  745,  0, 0, 0, , 0, 0, 0, 0, 0,
57,  1,  57,  59,  -1,  466, 892,  111.0,  17,  Nuc146865,  532,  0, 0, 0, , 0, 0, 0, 0, 0,
58,  1,  57,  -1,  -1,  466, 886,  117.0,  19,  Nuc146925,  256,  0, 0, 0, , 0, 0, 0, 0, 0,
59,  1,  58,  60,  -1,  499, 876,  118.0,  17,  Nuc146927,  1140,  0, 0, 0, , 0, 0, 0, 0, 0,
60,  1,  59,  61,  -1,  452, 912,  119.0,  15,  Nuc148252,  1275,  0, 0, 0, , 0, 0, 0, 0, 0,
61,  1,  60,  62,  -1,  519, 859,  137.0,  17,  Nuc148376,  1898,  0, 0, 0, , 0, 0, 0, 0, 0,
62,  1,  61,  63,  -1,  487, 888,  133.0,  15,  Nuc152051,  1043,  0, 0, 0, , 0, 0, 0, 0, 0,
63,  1,  62,  64,  -1,  672, 779,  131.0,  19,  Nuc152925,  1902,  0, 0, 0, , 0, 0, 0, 0, 0,
64,  1,  63,  65,  -1,  672, 781,  117.0,  17,  Nuc161550,  787,  0, 0, 0, , 0, 0, 0, 0, 0,
65,  1,  64,  66,  -1,  703, 736,  131.0,  19,  Nuc170135,  2023,  0, 0, 0, , 0, 0, 0, 0, 0,
66,  1,  65,  67,  -1,  690, 876,  122.0,  17,  Nuc173398,  1610,  0, 0, 0, , 0, 0, 0, 0, 0,
67,  1,  66,  68,  -1,  670, 830,  126.0,  17,  Nuc174607,  1779,  0, 0, 0, , 0, 0, 0, 0, 0,
68,  1,  67,  69,  -1,  733, 838,  127.0,  17,  Nuc182372,  1841,  0, 0, 0, , 0, 0, 0, 0, 0,
69,  1,  68,  70,  -1,  695, 841,  134.0,  17,  Nuc186071,  1574,  0, 0, 0, , 0, 0, 0, 0, 0,
70,  1,  69,  71,  72,  726, 796,  133.0,  17,  Nuc186488,  1352,  0, 0, 0, , 0, 0, 0, 0, 0,
71,  1,  70,  73,  -1,  732, 733,  144.0,  19,  Nuc190580,  2359,  0, 0, 0, , 0, 0, 0, 0, 0,
72,  1,  71,  74,  -1,  724, 784,  145.0,  17,  Nuc197464,  1722,  0, 0, 0, , 0, 0, 0, 0, 0,
73,  1,  72,  75,  -1,  649, 756,  155.0,  19,  Nuc200259,  1868,  0, 0, 0, , 0, 0, 0, 0, 0,
74,  1,  73,  76,  77,  636, 745,  144.0,  19,  Nuc201654,  144,  0, 0, 0, , 0, 0, 0, 0, 0,
75,  1,  73,  78,  -1,  673, 765,  143.0,  17,  Nuc201662,  622,  0, 0, 0, , 0, 0, 0, 0, 0,
76,  1,  74,  79,  -1,  668, 838,  141.0,  17,  Nuc205713,  1755,  0, 0, 0, , 0, 0, 0, 0, 0,
77,  1,  75,  80,  -1,  602, 831,  142.0,  17,  Nuc208546,  2153,  0, 0, 0, , 0, 0, 0, 0, 0,
78,  1,  76,  81,  -1,  644, 789,  139.0,  17,  Nuc209350,  1587,  0, 0, 0, , 0, 0, 0, 0, 0,
79,  1,  77,  82,  -1,  842, 721,  115.0,  17,  Nuc209778,  1386,  0, 0, 0, , 0, 0, 0, 0, 0,
80,  1,  78,  83,  -1,  815, 758,  116.0,  15,  Nuc212307,  1308,  0, 0, 0, , 0, 0, 0, 0, 0,
81,  1,  79,  84,  -1,  866, 756,  114.0,  17,  Nuc214945,  1459,  0, 0, 0, , 0, 0, 0, 0, 0,
82,  1,  79,  85,  -1,  861, 785,  114.0,  15,  Nuc215201,  1424,  0, 0, 0, , 0, 0, 0, 0, 0,
83,  1,  80,  86,  -1,  864, 758,  102.0,  17,  Nuc215674,  1088,  0, 0, 0, , 0, 0, 0, 0, 0,
84,  1,  81,  87,  -1,  884, 798,  97.0,  17,  Nuc216503,  1168,  0, 0, 0, , 0, 0, 0, 0, 0,
85,  1,  82,  88,  -1,  822, 816,  103.0,  17,  Nuc220677,  751,  0, 0, 0, , 0, 0, 0, 0, 0,
86,  1,  83,  89,  -1,  840, 850,  98.0,  17,  Nuc225646,  1177,  0, 0, 0, , 0, 0, 0, 0, 0,
87,  1,  84,  90,  -1,  786, 825,  125.0,  17,  Nuc230393,  1407,  0, 0, 0, , 0, 0, 0, 0, 0,
88,  1,  85,  91,  -1,  811, 801,  122.0,  17,  Nuc230609,  1488,  0, 0, 0, , 0, 0, 0, 0, 0,
89,  1,  86,  92,  -1,  718, 751,  120.0,  19,  Nuc230690,  1506,  0, 0, 0, , 0, 0, 0, 0, 0,
90,  1,  87,  93,  -1,  724, 799,  117.0,  17,  Nuc240527,  1613,  0, 0, 0, , 0, 0, 0, 0, 0,
91,  1,  88,  94,  -1,  759, 773,  119.0,  17,  Nuc242589,  934,  0, 0, 0, , 0, 0, 0, 0, 0,
92,  1,  89,  95,  -1,  726, 842,  112.0,  19,  Nuc248288,  1275,  0, 0, 0, , 0, 0, 0, 0, 0,
93,  1,  90,  96,  -1,  740, 880,  115.0,  17,  Nuc248521,  1393,  0, 0, 0, , 0, 0, 0, 0, 0,
94,  1,  91,  97,  -1,  783, 809,  113.0,  17,  Nuc249189,  1219,  0, 0, 0, , 0, 0, 0, 0, 0,
95,  1,  92,  98,  -1,  801, 850,  112.0,  17,  Nuc250896,  1405,  0, 0, 0, , 0, 0, 0, 0, 0,
96,  1,  93,  99,  -1,  773, 215,  113.0,  17,  Nuc251899,  862,  0, 0, 0, , 0, 0, 0, 0, 0,
97,  1,  94,  100,  -1,  787, 198,  107.0,  17,  Nuc253908,  861,  0, 0, 0, , 0, 0, 0, 0, 0,
98,  1,  95,  101,  -1,  813, 260,  105.0,  17,  Nuc255974,  976,  0, 0, 0, , 0, 0, 0, 0, 0,
99,  1,  96,  102,  -1,  834, 225,  100.0,  17,  Nuc258839,  1107,  0, 0, 0, , 0, 0, 0, 0, 0,
100,  1,  97,  103,  -1,  639, 296,  118.0,  19,  Nuc260728,  487,  0, 0, 0, , 0, 0, 0, 0, 0,
101,  1,  98,  104,  -1,  619, 240,  118.0,  17,  Nuc260775,  1047,  0, 0, 0, , 0, 0, 0, 0, 0,
102,  1,  99,  105,  -1,  686, 201,  113.0,  17,  Nuc261271,  1084,  0, 0, 0, , 0, 0, 0, 0, 0,
103,  1,  100,  106,  -1,  706, 168,  108.0,  17,  Nuc263307,  993,  0, 0, 0, , 0, 0, 0, 0, 0,
104,  1,  101,  107,  -1,  691, 227,  136.0,  19,  Nuc264774,  1047,  0, 0, 0, , 0, 0, 0, 0, 0,
105,  1,  102,  108,  -1,  664, 209,  133.0,  17,  Nuc267018,  1162,  0, 0, 0, , 0, 0, 0, 0, 0,
106,  1,  103,  109,  -1,  592, 263,  131.0,  17,  Nuc268212,  1259,  0, 0, 0, , 0, 0, 0, 0, 0,
107,  1,  104,  110,  -1,  634, 254,  131.0,  17,  Nuc269136,  1246,  0, 0, 0, , 0, 0, 0, 0, 0,
108,  1,  105,  111,  -1,  594, 199,  127.0,  15,  Nuc271253,  1594,  0, 0, 0, , 0, 0, 0, 0, 0,
109,  1,  106,  112,  -1,  627, 175,  124.0,  15,  Nuc272274,  1396,  0, 0, 0, , 0, 0, 0, 0, 0,
110,  1,  107,  113,  114,  708, 204,  123.0,  25,  Nuc272796,  6413,  0, 0, 0, , 0, 0, 0, 0, 0,
111,  1,  108,  115,  -1,  507, 294,  131.0,  15,  Nuc275000,  725,  0, 0, 0, , 0, 0, 0, 0, 0,
112,  1,  109,  116,  -1,  550, 277,  135.0,  19,  Nuc278169,  1353,  0, 0, 0, , 0, 0, 0, 0, 0,
113,  1,  110,  117,  -1,  575, 319,  139.0,  19,  Nuc280435,  1229,  0, 0, 0, , 0, 0, 0, 0, 0,
114,  1,  111,  -1,  -1,  532, 313,  147.0,  15,  Nuc281670,  130,  0, 0, 0, , 0, 0, 0, 0, 0,
115,  1,  111,  118,  -1,  531, 340,  141.0,  19,  Nuc281671,  1322,  0, 0, 0, , 0, 0, 0, 0, 0,
116,  1,  112,  119,  -1,  512, 277,  143.0,  19,  Nuc281716,  1421,  0, 0, 0, , 0, 0, 0, 0, 0,
117,  1,  113,  120,  -1,  573, 216,  142.0,  17,  Nuc283146,  1387,  0, 0, 0, , 0, 0, 0, 0, 0,
118,  1,  114,  121,  -1,  606, 206,  137.0,  17,  Nuc283748,  1258,  0, 0, 0, , 0, 0, 0, 0, 0,
119,  1,  115,  122,  -1,  622, 252,  145.0,  17,  Nuc285954,  1481,  0, 0, 0, , 0, 0, 0, 0, 0,
120,  1,  116,  123,  -1,  620, 300,  143.0,  17,  Nuc286972,  1470,  0, 0, 0, , 0, 0, 0, 0, 0,
121,  1,  117,  124,  -1,  539, 288,  117.0,  17,  Nuc293772,  710,  0, 0, 0, , 0, 0, 0, 0, 0,
122,  1,  118,  125,  -1,  537, 233,  117.0,  17,  Nuc293792,  770,  0, 0, 0, , 0, 0, 0, 0, 0,
123,  1,  119,  126,  -1,  512, 215,  137.0,  15,  Nuc293858,  850,  0, 0, 0, , 0, 0, 0, 0, 0,
124,  1,  119,  127,  -1,  530, 217,  129.0,  15,  Nuc293970,  1021,  0, 0, 0, , 0, 0, 0, 0, 0,
125,  1,  120,  128,  -1,  545, 170,  127.0,  17,  Nuc302896,  868,  0, 0, 0, , 0, 0, 0, 0, 0,
126,  1,  121,  129,  -1,  634, 143,  106.0,  17,  Nuc306848,  831,  0, 0, 0, , 0, 0, 0, 0, 0,
127,  1,  122,  130,  -1,  613, 145,  113.0,  17,  Nuc308455,  905,  0, 0, 0, , 0, 0, 0, 0, 0,
128,  1,  123,  131,  -1,  573, 138,  112.0,  17,  Nuc310966,  851,  0, 0, 0, , 0, 0, 0, 0, 0,
129,  1,  124,  132,  -1,  582, 123,  105.0,  17,  Nuc312713,  757,  0, 0, 0, , 0, 0, 0, 0, 0,
130,  1,  125,  133,  -1,  865, 297,  109.0,  17,  Nuc314338,  852,  0, 0, 0, , 0, 0, 0, 0, 0,
131,  1,  126,  134,  -1,  849, 323,  118.0,  17,  Nuc316093,  835,  0, 0, 0, , 0, 0, 0, 0, 0,
132,  1,  127,  135,  -1,  882, 352,  109.0,  17,  Nuc317277,  1123,  0, 0, 0, , 0, 0, 0, 0, 0,
133,  1,  128,  136,  -1,  912, 318,  102.0,  17,  Nuc323761,  1174,  0, 0, 0, , 0, 0, 0, 0, 0,
134,  1,  129,  137,  -1,  910, 470,  106.0,  17,  Nuc326424,  1045,  0, 0, 0, , 0, 0, 0, 0, 0,
135,  1,  130,  138,  -1,  963, 468,  102.0,  17,  Nuc327897,  1249,  0, 0, 0, , 0, 0, 0, 0, 0,
136,  1,  131,  139,  -1,  951, 395,  104.0,  17,  Nuc330222,  1199,  0, 0, 0, , 0, 0, 0, 0, 0,
137,  1,  132,  140,  -1,  930, 390,  114.0,  21,  Nuc341942,  1132,  0, 0, 0, , 0, 0, 0, 0, 0,
138,  1,  133,  141,  -1,  785, 299,  121.0,  17,  Nuc343690,  1381,  0, 0, 0, , 0, 0, 0, 0, 0,
139,  1,  134,  142,  -1,  825, 276,  119.0,  17,  Nuc347244,  1156,  0, 0, 0, , 0, 0, 0, 0, 0,
140,  1,  135,  143,  -1,  784, 302,  138.0,  17,  Nuc348469,  1495,  0, 0, 0, , 0, 0, 0, 0, 0,
141,  1,  136,  144,  -1,  765, 336,  135.0,  17,  Nuc349295,  1254,  0, 0, 0, , 0, 0, 0, 0, 0,
142,  1,  137,  145,  -1,  849, 334,  129.0,  17,  Nuc359701,  1621,  0, 0, 0, , 0, 0, 0, 0, 0,
143,  1,  138,  146,  -1,  788, 382,  125.0,  19,  Nuc361739,  1593,  0, 0, 0, , 0, 0, 0, 0, 0,
144,  1,  139,  147,  -1,  827, 374,  122.0,  17,  Nuc368376,  1342,  0, 0, 0, , 0, 0, 0, 0, 0,
145,  1,  140,  148,  -1,  801, 383,  136.0,  17,  Nuc370622,  1597,  0, 0, 0, , 0, 0, 0, 0, 0,
146,  1,  141,  149,  -1,  807, 377,  146.0,  17,  Nuc382512,  1646,  0, 0, 0, , 0, 0, 0, 0, 0,
147,  1,  142,  150,  -1,  739, 319,  146.0,  17,  Nuc382960,  1714,  0, 0, 0, , 0, 0, 0, 0, 0,
148,  1,  143,  151,  -1,  748, 355,  153.0,  17,  Nuc383513,  1769,  0, 0, 0, , 0, 0, 0, 0, 0,
149,  1,  144,  152,  -1,  720, 375,  143.0,  17,  Nuc386100,  1710,  0, 0, 0, , 0, 0, 0, 0, 0,
150,  1,  145,  153,  -1,  752, 408,  139.0,  17,  Nuc387976,  1674,  0, 0, 0, , 0, 0, 0, 0, 0,
151,  1,  146,  154,  -1,  752, 335,  125.0,  19,  Nuc391888,  1345,  0, 0, 0, , 0, 0, 0, 0, 0,
152,  1,  147,  155,  -1,  744, 394,  128.0,  17,  Nuc402985,  1491,  0, 0, 0, , 0, 0, 0, 0, 0,
153,  1,  148,  156,  -1,  705, 369,  129.0,  17,  Nuc406100,  3453,  0, 0, 0, , 0, 0, 0, 0, 0,
154,  1,  149,  157,  -1,  680, 331,  140.0,  17,  Nuc406989,  1741,  0, 0, 0, , 0, 0, 0, 0, 0,
155,  1,  150,  158,  -1,  668, 276,  141.0,  17,  Nuc421999,  2235,  0, 0, 0, , 0, 0, 0, 0, 0,
156,  1,  151,  159,  -1,  677, 268,  126.0,  17,  Nuc424216,  1502,  0, 0, 0, , 0, 0, 0, 0, 0,
157,  1,  152,  160,  -1,  704, 312,  128.0,  17,  Nuc432206,  1239,  0, 0, 0, , 0, 0, 0, 0, 0,
158,  1,  153,  161,  -1,  746, 269,  137.0,  17,  Nuc441259,  1444,  0, 0, 0, , 0, 0, 0, 0, 0,
159,  1,  154,  162,  -1,  739, 271,  124.0,  17,  Nuc442526,  1448,  0, 0, 0, , 0, 0, 0, 0, 0,
160,  1,  155,  163,  -1,  782, 243,  123.0,  17,  Nuc444157,  1544,  0, 0, 0, , 0, 0, 0, 0, 0,
161,  1,  156,  164,  -1,  388, 185,  115.0,  15,  Nuc445530,  868,  0, 0, 0, , 0, 0, 0, 0, 0,
162,  1,  157,  165,  -1,  391, 146,  112.0,  15,  Nuc448790,  804,  0, 0, 0, , 0, 0, 0, 0, 0,
163,  1,  158,  166,  -1,  427, 204,  129.0,  15,  Nuc450591,  2375,  0, 0, 0, , 0, 0, 0, 0, 0,
164,  1,  159,  167,  -1,  406, 169,  125.0,  17,  Nuc450645,  896,  0, 0, 0, , 0, 0, 0, 0, 0,
165,  1,  160,  168,  169,  359, 257,  142.0,  17,  Nuc451873,  797,  0, 0, 0, , 0, 0, 0, 0, 0,
166,  1,  161,  170,  171,  359, 256,  136.0,  15,  Nuc451969,  886,  0, 0, 0, , 0, 0, 0, 0, 0,
167,  1,  162,  172,  -1,  357, 217,  139.0,  15,  Nuc452158,  1355,  0, 0, 0, , 0, 0, 0, 0, 0,
168,  1,  163,  173,  -1,  467, 262,  142.0,  15,  Nuc452237,  247,  0, 0, 0, , 0, 0, 0, 0, 0,
169,  1,  163,  174,  -1,  420, 269,  142.0,  15,  Nuc452244,  685,  0, 0, 0, , 0, 0, 0, 0, 0,
170,  1,  164,  175,  -1,  390, 282,  147.0,  15,  Nuc453101,  989,  0, 0, 0, , 0, 0, 0, 0, 0,
171,  1,  165,  176,  -1,  444, 171,  117.0,  15,  Nuc454693,  599,  0, 0, 0, , 0, 0, 0, 0, 0,
172,  1,  167,  177,  -1,  474, 152,  123.0,  15,  Nuc454954,  368,  0, 0, 0, , 0, 0, 0, 0, 0,
173,  1,  168,  178,  -1,  507, 149,  117.0,  17,  Nuc455101,  879,  0, 0, 0, , 0, 0, 0, 0, 0,
174,  1,  169,  179,  -1,  512, 132,  110.0,  17,  Nuc456049,  529,  0, 0, 0, , 0, 0, 0, 0, 0,
175,  1,  170,  180,  -1,  478, 192,  127.0,  15,  Nuc457669,  742,  0, 0, 0, , 0, 0, 0, 0, 0,
176,  1,  171,  181,  -1,  474, 317,  144.0,  17,  Nuc460169,  1763,  0, 0, 0, , 0, 0, 0, 0, 0,
177,  1,  172,  182,  -1,  467, 262,  147.0,  17,  Nuc462009,  1512,  0, 0, 0, , 0, 0, 0, 0, 0,
178,  1,  173,  183,  -1,  426, 206,  124.0,  17,  Nuc462243,  708,  0, 0, 0, , 0, 0, 0, 0, 0,
179,  1,  173,  184,  -1,  447, 260,  122.0,  17,  Nuc462245,  339,  0, 0, 0, , 0, 0, 0, 0, 0,
180,  1,  174,  185,  -1,  436, 249,  133.0,  17,  Nuc462272,  939,  0, 0, 0, , 0, 0, 0, 0, 0,
181,  1,  175,  186,  -1,  463, 215,  135.0,  17,  Nuc462399,  1096,  0, 0, 0, , 0, 0, 0, 0, 0,
182,  1,  176,  187,  -1,  450, 184,  135.0,  15,  Nuc462460,  514,  0, 0, 0, , 0, 0, 0, 0, 0,
183,  1,  177,  188,  -1,  513, 186,  137.0,  15,  Nuc465740,  604,  0, 0, 0, , 0, 0, 0, 0, 0,
184,  1,  178,  189,  -1,  914, 643,  129.0,  17,  Nuc466311,  1612,  0, 0, 0, , 0, 0, 0, 0, 0,
185,  1,  179,  190,  -1,  871, 637,  120.0,  17,  Nuc466620,  1176,  0, 0, 0, , 0, 0, 0, 0, 0,
186,  1,  180,  191,  -1,  904, 634,  113.0,  17,  Nuc476195,  1359,  0, 0, 0, , 0, 0, 0, 0, 0,
187,  1,  181,  192,  -1,  954, 684,  106.0,  19,  Nuc478804,  1295,  0, 0, 0, , 0, 0, 0, 0, 0,
188,  1,  182,  193,  -1,  963, 678,  96.0,  17,  Nuc480117,  1238,  0, 0, 0, , 0, 0, 0, 0, 0,
189,  1,  183,  194,  -1,  953, 619,  113.0,  19,  Nuc487397,  1229,  0, 0, 0, , 0, 0, 0, 0, 0,
190,  1,  184,  195,  -1,  974, 620,  105.0,  17,  Nuc493861,  1232,  0, 0, 0, , 0, 0, 0, 0, 0,
191,  1,  185,  196,  -1,  863, 728,  129.0,  19,  Nuc497677,  1669,  0, 0, 0, , 0, 0, 0, 0, 0,
192,  1,  186,  197,  -1,  813, 706,  128.0,  15,  Nuc500836,  1286,  0, 0, 0, , 0, 0, 0, 0, 0,
193,  1,  187,  198,  -1,  777, 716,  119.0,  17,  Nuc510942,  2106,  0, 0, 0, , 0, 0, 0, 0, 0,
194,  1,  188,  199,  -1,  867, 690,  131.0,  17,  Nuc526955,  1377,  0, 0, 0, , 0, 0, 0, 0, 0,
195,  1,  189,  200,  -1,  828, 666,  121.0,  17,  Nuc536933,  1566,  0, 0, 0, , 0, 0, 0, 0, 0,
196,  1,  190,  201,  -1,  903, 716,  117.0,  17,  Nuc541256,  1469,  0, 0, 0, , 0, 0, 0, 0, 0,
197,  1,  191,  202,  -1,  888, 683,  112.0,  17,  Nuc541903,  1299,  0, 0, 0, , 0, 0, 0, 0, 0,
198,  1,  192,  203,  -1,  917, 748,  106.0,  17,  Nuc543606,  1240,  0, 0, 0, , 0, 0, 0, 0, 0,
199,  1,  193,  204,  -1,  939, 734,  101.0,  15,  Nuc543971,  1250,  0, 0, 0, , 0, 0, 0, 0, 0,
200,  1,  194,  205,  -1,  820, 655,  140.0,  17,  Nuc546737,  1913,  0, 0, 0, , 0, 0, 0, 0, 0,
201,  1,  195,  206,  -1,  827, 694,  144.0,  17,  Nuc573501,  2101,  0, 0, 0, , 0, 0, 0, 0, 0,
202,  1,  196,  207,  -1,  771, 745,  130.0,  17,  Nuc574135,  1973,  0, 0, 0, , 0, 0, 0, 0, 0,
203,  1,  197,  208,  -1,  783, 780,  134.0,  17,  Nuc577325,  1866,  0, 0, 0, , 0, 0, 0, 0, 0,
204,  1,  198,  209,  -1,  778, 648,  121.0,  19,  Nuc578612,  1582,  0, 0, 0, , 0, 0, 0, 0, 0,
205,  1,  199,  210,  -1,  741, 687,  125.0,  19,  Nuc585296,  2452,  0, 0, 0, , 0, 0, 0, 0, 0,
206,  1,  200,  211,  -1,  769, 642,  134.0,  17,  Nuc590751,  1893,  0, 0, 0, , 0, 0, 0, 0, 0,
207,  1,  201,  212,  -1,  731, 669,  143.0,  17,  Nuc606151,  2272,  0, 0, 0, , 0, 0, 0, 0, 0,
208,  1,  202,  213,  -1,  677, 716,  137.0,  25,  Nuc624281,  471,  0, 0, 0, , 0, 0, 0, 0, 0,
209,  1,  202,  214,  -1,  693, 696,  136.0,  17,  Nuc624290,  842,  0, 0, 0, , 0, 0, 0, 0, 0,
210,  1,  204,  215,  -1,  658, 704,  151.0,  17,  Nuc634010,  1594,  0, 0, 0, , 0, 0, 0, 0, 0,
211,  1,  205,  216,  -1,  679, 659,  147.0,  17,  Nuc635138,  2209,  0, 0, 0, , 0, 0, 0, 0, 0,
212,  1,  206,  217,  -1,  777, 734,  147.0,  17,  Nuc668730,  1831,  0, 0, 0, , 0, 0, 0, 0, 0,
213,  1,  207,  218,  -1,  779, 699,  138.0,  17,  Nuc668793,  1934,  0, 0, 0, , 0, 0, 0, 0, 0,
214,  1,  208,  219,  -1,  733, 703,  157.0,  17,  Nuc673199,  2304,  0, 0, 0, , 0, 0, 0, 0, 0,
215,  1,  209,  220,  -1,  699, 743,  156.0,  17,  Nuc677397,  1711,  0, 0, 0, , 0, 0, 0, 0, 0,
216,  1,  210,  221,  -1,  333, 793,  145.0,  17,  Nuc682083,  853,  0, 0, 0, , 0, 0, 0, 0, 0,
217,  1,  210,  222,  -1,  344, 762,  151.0,  15,  Nuc682206,  1249,  0, 0, 0, , 0, 0, 0, 0, 0,
218,  1,  211,  -1,  -1,  366, 673,  154.0,  17,  Nuc684226,  972,  0, 0, 0, , 0, 0, 0, 0, 0,
219,  1,  211,  223,  -1,  367, 674,  157.0,  17,  Nuc684227,  1194,  0, 0, 0, , 0, 0, 0, 0, 0,
220,  1,  212,  224,  -1,  361, 716,  156.0,  17,  Nuc685611,  1070,  0, 0, 0, , 0, 0, 0, 0, 0,
221,  1,  213,  225,  -1,  382, 828,  144.0,  17,  Nuc685672,  1313,  0, 0, 0, , 0, 0, 0, 0, 0,
222,  1,  213,  226,  -1,  368, 836,  139.0,  15,  Nuc685840,  794,  0, 0, 0, , 0, 0, 0, 0, 0,
223,  1,  214,  227,  228,  385, 738,  144.0,  17,  Nuc686932,  721,  0, 0, 0, , 0, 0, 0, 0, 0,
224,  1,  215,  229,  230,  431, 625,  137.0,  19,  Nuc687177,  1041,  0, 0, 0, , 0, 0, 0, 0, 0,
225,  1,  215,  231,  -1,  423, 666,  138.0,  17,  Nuc687279,  482,  0, 0, 0, , 0, 0, 0, 0, 0,
226,  1,  216,  -1,  -1,  401, 700,  135.0,  17,  Nuc687310,  1025,  0, 0, 0, , 0, 0, 0, 0, 0,
227,  1,  216,  232,  -1,  402, 703,  138.0,  17,  Nuc687311,  1167,  0, 0, 0, , 0, 0, 0, 0, 0,
228,  1,  217,  233,  -1,  396, 781,  142.0,  21,  Nuc693842,  600,  0, 0, 0, , 0, 0, 0, 0, 0,
229,  1,  217,  234,  -1,  393, 779,  147.0,  15,  Nuc693847,  1343,  0, 0, 0, , 0, 0, 0, 0, 0,
230,  1,  218,  235,  -1,  415, 753,  133.0,  17,  Nuc693854,  818,  0, 0, 0, , 0, 0, 0, 0, 0,
231,  1,  219,  -1,  -1,  436, 829,  141.0,  17,  Nuc694039,  433,  0, 0, 0, , 0, 0, 0, 0, 0,
232,  1,  219,  236,  -1,  435, 827,  136.0,  17,  Nuc694040,  1190,  0, 0, 0, , 0, 0, 0, 0, 0,
233,  1,  220,  237,  -1,  425, 874,  133.0,  15,  Nuc694125,  2531,  0, 0, 0, , 0, 0, 0, 0, 0,
234,  1,  221,  238,  -1,  403, 791,  136.0,  15,  Nuc694453,  760,  0, 0, 0, , 0, 0, 0, 0, 0,
235,  1,  222,  239,  -1,  370, 766,  129.0,  17,  Nuc694671,  691,  0, 0, 0, , 0, 0, 0, 0, 0,
236,  1,  222,  -1,  -1,  371, 764,  125.0,  17,  Nuc694815,  683,  0, 0, 0, , 0, 0, 0, 0, 0,
237,  1,  223,  240,  -1,  383, 804,  131.0,  15,  Nuc694817,  939,  0, 0, 0, , 0, 0, 0, 0, 0,
238,  1,  224,  241,  -1,  271, 747,  139.0,  15,  Nuc694838,  88,  0, 0, 0, , 0, 0, 0, 0, 0,
239,  1,  225,  242,  243,  291, 786,  134.0,  15,  Nuc694845,  950,  0, 0, 0, , 0, 0, 0, 0, 0,
240,  1,  226,  244,  -1,  329, 808,  126.0,  17,  Nuc694947,  829,  0, 0, 0, , 0, 0, 0, 0, 0,
241,  1,  226,  245,  246,  328, 807,  131.0,  17,  Nuc694949,  1474,  0, 0, 0, , 0, 0, 0, 0, 0,
242,  1,  227,  247,  248,  328, 850,  125.0,  15,  Nuc695100,  1374,  0, 0, 0, , 0, 0, 0, 0, 0,
243,  1,  227,  -1,  -1,  327, 849,  122.0,  15,  Nuc695550,  1139,  0, 0, 0, , 0, 0, 0, 0, 0,
244,  1,  228,  249,  250,  358, 858,  126.0,  15,  Nuc695552,  1563,  0, 0, 0, , 0, 0, 0, 0, 0,
245,  1,  229,  251,  -1,  843, 445,  120.0,  21,  Nuc701825,  1750,  0, 0, 0, , 0, 0, 0, 0, 0,
246,  1,  230,  252,  -1,  872, 408,  119.0,  17,  Nuc718580,  1193,  0, 0, 0, , 0, 0, 0, 0, 0,
247,  1,  231,  253,  -1,  873, 361,  125.0,  17,  Nuc720099,  1539,  0, 0, 0, , 0, 0, 0, 0, 0,
248,  1,  232,  254,  -1,  908, 396,  124.0,  17,  Nuc724782,  1610,  0, 0, 0, , 0, 0, 0, 0, 0,
249,  1,  233,  255,  -1,  895, 459,  122.0,  17,  Nuc726391,  1715,  0, 0, 0, , 0, 0, 0, 0, 0,
250,  1,  234,  256,  -1,  905, 506,  117.0,  17,  Nuc727179,  1039,  0, 0, 0, , 0, 0, 0, 0, 0,
251,  1,  235,  257,  -1,  934, 450,  122.0,  17,  Nuc733907,  1743,  0, 0, 0, , 0, 0, 0, 0, 0,
252,  1,  236,  258,  -1,  956, 479,  117.0,  17,  Nuc734520,  1409,  0, 0, 0, , 0, 0, 0, 0, 0,
253,  1,  237,  259,  -1,  956, 515,  120.0,  17,  Nuc735147,  1301,  0, 0, 0, , 0, 0, 0, 0, 0,
254,  1,  238,  260,  -1,  837, 433,  132.0,  17,  Nuc736787,  1313,  0, 0, 0, , 0, 0, 0, 0, 0,
255,  1,  239,  261,  -1,  888, 440,  138.0,  17,  Nuc740832,  1608,  0, 0, 0, , 0, 0, 0, 0, 0,
256,  1,  240,  262,  -1,  855, 400,  139.0,  17,  Nuc742031,  1903,  0, 0, 0, , 0, 0, 0, 0, 0,
257,  1,  241,  263,  -1,  850, 490,  128.0,  17,  Nuc744088,  2090,  0, 0, 0, , 0, 0, 0, 0, 0,
258,  1,  242,  264,  -1,  845, 473,  143.0,  17,  Nuc755995,  2335,  0, 0, 0, , 0, 0, 0, 0, 0,
259,  1,  243,  265,  -1,  873, 518,  148.0,  17,  Nuc756192,  1369,  0, 0, 0, , 0, 0, 0, 0, 0,
260,  1,  244,  266,  -1,  888, 512,  139.0,  17,  Nuc764028,  1734,  0, 0, 0, , 0, 0, 0, 0, 0,
261,  1,  245,  267,  -1,  778, 441,  125.0,  17,  Nuc765570,  1931,  0, 0, 0, , 0, 0, 0, 0, 0,
262,  1,  246,  268,  -1,  792, 445,  138.0,  17,  Nuc767147,  1160,  0, 0, 0, , 0, 0, 0, 0, 0,
263,  1,  247,  269,  -1,  803, 485,  121.0,  19,  Nuc767402,  924,  0, 0, 0, , 0, 0, 0, 0, 0,
264,  1,  248,  270,  -1,  790, 495,  133.0,  17,  Nuc769731,  1137,  0, 0, 0, , 0, 0, 0, 0, 0,
265,  1,  249,  271,  -1,  737, 502,  141.0,  19,  Nuc777287,  2446,  0, 0, 0, , 0, 0, 0, 0, 0,
266,  1,  250,  272,  -1,  721, 559,  155.0,  21,  Nuc781539,  696,  0, 0, 0, , 0, 0, 0, 0, 0,
267,  1,  250,  273,  -1,  717, 552,  146.0,  17,  Nuc781546,  1800,  0, 0, 0, , 0, 0, 0, 0, 0,
268,  1,  251,  274,  -1,  789, 492,  151.0,  17,  Nuc781842,  1610,  0, 0, 0, , 0, 0, 0, 0, 0,
269,  1,  252,  275,  -1,  789, 507,  162.0,  17,  Nuc784403,  1956,  0, 0, 0, , 0, 0, 0, 0, 0,
270,  1,  253,  276,  -1,  841, 454,  152.0,  17,  Nuc786050,  1920,  0, 0, 0, , 0, 0, 0, 0, 0,
271,  1,  254,  277,  -1,  768, 430,  151.0,  19,  Nuc787837,  2401,  0, 0, 0, , 0, 0, 0, 0, 0,
272,  1,  255,  278,  -1,  753, 419,  162.0,  17,  Nuc790367,  1975,  0, 0, 0, , 0, 0, 0, 0, 0,
273,  1,  256,  279,  -1,  723, 478,  161.0,  17,  Nuc795099,  1856,  0, 0, 0, , 0, 0, 0, 0, 0,
274,  1,  257,  280,  -1,  717, 443,  150.0,  17,  Nuc795456,  2189,  0, 0, 0, , 0, 0, 0, 0, 0,
275,  1,  258,  281,  -1,  823, 517,  138.0,  17,  Nuc799541,  1852,  0, 0, 0, , 0, 0, 0, 0, 0,
276,  1,  259,  282,  -1,  776, 536,  126.0,  17,  Nuc801190,  1655,  0, 0, 0, , 0, 0, 0, 0, 0,
277,  1,  260,  283,  -1,  795, 589,  126.0,  19,  Nuc808238,  1148,  0, 0, 0, , 0, 0, 0, 0, 0,
278,  1,  261,  284,  -1,  809, 577,  140.0,  17,  Nuc825255,  2130,  0, 0, 0, , 0, 0, 0, 0, 0,
279,  1,  262,  285,  286,  772, 617,  150.0,  19,  Nuc842586,  2422,  0, 0, 0, , 0, 0, 0, 0, 0,
280,  1,  263,  287,  -1,  797, 611,  140.0,  17,  Nuc845537,  1391,  0, 0, 0, , 0, 0, 0, 0, 0,
281,  1,  264,  288,  -1,  845, 621,  134.0,  17,  Nuc846770,  1300,  0, 0, 0, , 0, 0, 0, 0, 0,
282,  1,  265,  289,  -1,  874, 643,  140.0,  17,  Nuc849531,  2075,  0, 0, 0, , 0, 0, 0, 0, 0,
283,  1,  266,  290,  -1,  839, 554,  139.0,  15,  Nuc851371,  2026,  0, 0, 0, , 0, 0, 0, 0, 0,
284,  1,  267,  291,  -1,  883, 570,  140.0,  17,  Nuc854632,  2138,  0, 0, 0, , 0, 0, 0, 0, 0,
285,  1,  268,  292,  -1,  828, 606,  119.0,  17,  Nuc855305,  1366,  0, 0, 0, , 0, 0, 0, 0, 0,
286,  1,  269,  293,  -1,  895, 609,  132.0,  15,  Nuc866506,  1389,  0, 0, 0, , 0, 0, 0, 0, 0,
287,  1,  270,  294,  -1,  856, 584,  125.0,  17,  Nuc879862,  1412,  0, 0, 0, , 0, 0, 0, 0, 0,
288,  1,  271,  295,  -1,  890, 527,  128.0,  19,  Nuc886410,  1584,  0, 0, 0, , 0, 0, 0, 0, 0,
289,  1,  272,  296,  -1,  862, 544,  118.0,  19,  Nuc889064,  1329,  0, 0, 0, , 0, 0, 0, 0, 0,
290,  1,  273,  297,  -1,  825, 538,  123.0,  17,  Nuc889909,  1725,  0, 0, 0, , 0, 0, 0, 0, 0,
291,  1,  274,  298,  -1,  915, 550,  117.0,  17,  Nuc895752,  1722,  0, 0, 0, , 0, 0, 0, 0, 0,
292,  1,  275,  299,  -1,  901, 591,  117.0,  17,  Nuc899440,  1273,  0, 0, 0, , 0, 0, 0, 0, 0,
293,  1,  276,  300,  -1,  935, 593,  128.0,  17,  Nuc902827,  1487,  0, 0, 0, , 0, 0, 0, 0, 0,
294,  1,  277,  301,  -1,  930, 565,  132.0,  17,  Nuc903877,  1653,  0, 0, 0, , 0, 0, 0, 0, 0,
295,  1,  278,  302,  -1,  976, 560,  113.0,  19,  Nuc906535,  1326,  0, 0, 0, , 0, 0, 0, 0, 0,
296,  1,  279,  303,  -1,  987, 548,  106.0,  19,  Nuc907635,  1344,  0, 0, 0, , 0, 0, 0, 0, 0,
297,  1,  280,  304,  -1,  972, 527,  99.0,  17,  Nuc909122,  1200,  0, 0, 0, , 0, 0, 0, 0, 0,
298,  1,  281,  305,  -1,  948, 529,  110.0,  17,  Nuc910759,  1244,  0, 0, 0, , 0, 0, 0, 0, 0,
299,  1,  282,  306,  -1,  704, 587,  124.0,  17,  Nuc911916,  870,  0, 0, 0, , 0, 0, 0, 0, 0,
300,  1,  283,  307,  -1,  750, 603,  125.0,  19,  Nuc911980,  2064,  0, 0, 0, , 0, 0, 0, 0, 0,
301,  1,  284,  -1,  -1,  746, 566,  137.0,  29,  Nuc935113,  677,  0, 0, 0, , 0, 0, 0, 0, 0,
302,  1,  285,  308,  -1,  743, 562,  129.0,  17,  Nuc935115,  2544,  0, 0, 0, , 0, 0, 0, 0, 0,
303,  1,  286,  309,  -1,  709, 623,  136.0,  19,  Nuc938607,  1960,  0, 0, 0, , 0, 0, 0, 0, 0,
304,  1,  287,  -1,  -1,  705, 583,  148.0,  21,  Nuc946160,  395,  0, 0, 0, , 0, 0, 0, 0, 0,
305,  1,  287,  310,  -1,  728, 593,  142.0,  17,  Nuc946161,  1932,  0, 0, 0, , 0, 0, 0, 0, 0,
306,  1,  288,  311,  -1,  786, 674,  153.0,  17,  Nuc953015,  2548,  0, 0, 0, , 0, 0, 0, 0, 0,
307,  1,  289,  312,  -1,  748, 610,  167.0,  19,  Nuc954610,  4329,  0, 0, 0, , 0, 0, 0, 0, 0,
308,  1,  290,  313,  -1,  740, 593,  159.0,  17,  Nuc956979,  1393,  0, 0, 0, , 0, 0, 0, 0, 0,
309,  1,  291,  314,  -1,  829, 618,  153.0,  17,  Nuc966779,  2303,  0, 0, 0, , 0, 0, 0, 0, 0,
310,  1,  292,  315,  -1,  854, 596,  148.0,  17,  Nuc967787,  1869,  0, 0, 0, , 0, 0, 0, 0, 0,
311,  1,  293,  316,  -1,  816, 543,  155.0,  17,  Nuc967928,  1892,  0, 0, 0, , 0, 0, 0, 0, 0,
312,  1,  294,  317,  -1,  767, 566,  167.0,  31,  Nuc1008393,  734,  0, 0, 0, , 0, 0, 0, 0, 0,
313,  1,  295,  318,  -1,  799, 564,  162.0,  17,  Nuc1008396,  1561,  0, 0, 0, , 0, 0, 0, 0, 0,
314,  1,  296,  319,  -1,  556, 585,  149.0,  17,  Nuc1024134,  501,  0, 0, 0, , 0, 0, 0, 0, 0,
315,  1,  296,  320,  -1,  554, 584,  143.0,  19,  Nuc1056282,  2542,  0, 0, 0, , 0, 0, 0, 0, 0,
316,  1,  297,  321,  322,  507, 589,  142.0,  17,  Nuc1056930,  786,  0, 0, 0, , 0, 0, 0, 0, 0,
317,  1,  298,  323,  -1,  276, 825,  113.0,  17,  Nuc1057065,  935,  0, 0, 0, , 0, 0, 0, 0, 0,
318,  1,  299,  324,  -1,  276, 824,  118.0,  17,  Nuc1057160,  520,  0, 0, 0, , 0, 0, 0, 0, 0,
319,  1,  300,  325,  -1,  255, 770,  129.0,  15,  Nuc1057178,  471,  0, 0, 0, , 0, 0, 0, 0, 0,
320,  1,  301,  326,  -1,  240, 740,  130.0,  15,  Nuc1057186,  582,  0, 0, 0, , 0, 0, 0, 0, 0,
321,  1,  303,  327,  -1,  513, 762,  112.0,  21,  Nuc1057355,  596,  0, 0, 0, , 0, 0, 0, 0, 0,
322,  1,  303,  328,  -1,  513, 762,  119.0,  17,  Nuc1057358,  1217,  0, 0, 0, , 0, 0, 0, 0, 0,
323,  1,  304,  329,  -1,  434, 803,  125.0,  15,  Nuc1057483,  946,  0, 0, 0, , 0, 0, 0, 0, 0,
324,  1,  304,  330,  -1,  453, 758,  125.0,  17,  Nuc1057533,  833,  0, 0, 0, , 0, 0, 0, 0, 0,
325,  1,  305,  331,  -1,  480, 718,  120.0,  19,  Nuc1057560,  973,  0, 0, 0, , 0, 0, 0, 0, 0,
326,  1,  306,  332,  -1,  477, 746,  156.0,  17,  Nuc1057771,  1221,  0, 0, 0, , 0, 0, 0, 0, 0,
327,  1,  307,  333,  -1,  565, 622,  126.0,  17,  Nuc1057924,  574,  0, 0, 0, , 0, 0, 0, 0, 0,
328,  1,  307,  334,  335,  533, 589,  128.0,  17,  Nuc1058128,  796,  0, 0, 0, , 0, 0, 0, 0, 0,
329,  1,  308,  -1,  -1,  444, 596,  128.0,  19,  Nuc1058157,  158,  0, 0, 0, , 0, 0, 0, 0, 0,
330,  1,  308,  336,  337,  492, 595,  127.0,  17,  Nuc1058158,  941,  0, 0, 0, , 0, 0, 0, 0, 0,
331,  1,  309,  338,  -1,  556, 581,  137.0,  19,  Nuc1058203,  572,  0, 0, 0, , 0, 0, 0, 0, 0,
332,  1,  309,  339,  -1,  574, 585,  129.0,  19,  Nuc1058208,  1020,  0, 0, 0, , 0, 0, 0, 0, 0,
333,  1,  310,  340,  -1,  621, 597,  129.0,  17,  Nuc1058241,  1913,  0, 0, 0, , 0, 0, 0, 0, 0,
334,  1,  311,  -1,  -1,  542, 620,  137.0,  17,  Nuc1062381,  907,  0, 0, 0, , 0, 0, 0, 0, 0,
335,  1,  311,  341,  -1,  537, 619,  133.0,  17,  Nuc1062382,  1076,  0, 0, 0, , 0, 0, 0, 0, 0,
336,  1,  312,  342,  -1,  576, 633,  140.0,  19,  Nuc1090875,  2226,  0, 0, 0, , 0, 0, 0, 0, 0,
337,  1,  313,  343,  -1,  574, 677,  148.0,  17,  Nuc1091041,  2086,  0, 0, 0, , 0, 0, 0, 0, 0,
338,  1,  314,  344,  -1,  604, 697,  143.0,  19,  Nuc1091601,  2368,  0, 0, 0, , 0, 0, 0, 0, 0,
339,  1,  315,  345,  -1,  536, 668,  133.0,  19,  Nuc1091748,  1020,  0, 0, 0, , 0, 0, 0, 0, 0,
340,  1,  316,  346,  -1,  492, 743,  134.0,  17,  Nuc1091818,  978,  0, 0, 0, , 0, 0, 0, 0, 0,
341,  1,  317,  347,  348,  535, 713,  138.0,  17,  Nuc1091985,  2050,  0, 0, 0, , 0, 0, 0, 0, 0,
342,  1,  318,  349,  350,  533, 721,  120.0,  19,  Nuc1092045,  1157,  0, 0, 0, , 0, 0, 0, 0, 0,
343,  1,  319,  351,  -1,  618, 644,  126.0,  17,  Nuc1092182,  1485,  0, 0, 0, , 0, 0, 0, 0, 0,
344,  1,  320,  -1,  -1,  537, 667,  128.0,  17,  Nuc1101957,  153,  0, 0, 0, , 0, 0, 0, 0, 0,
345,  1,  320,  352,  -1,  583, 666,  128.0,  19,  Nuc1101958,  1946,  0, 0, 0, , 0, 0, 0, 0, 0,
346,  1,  321,  353,  -1,  559, 691,  123.0,  17,  Nuc1102105,  802,  0, 0, 0, , 0, 0, 0, 0, 0,
347,  1,  322,  354,  -1,  621, 648,  139.0,  19,  Nuc1102227,  1681,  0, 0, 0, , 0, 0, 0, 0, 0,
348,  1,  323,  355,  -1,  630, 662,  150.0,  17,  Nuc1109820,  1795,  0, 0, 0, , 0, 0, 0, 0, 0,
349,  1,  324,  356,  -1,  644, 699,  139.0,  19,  Nuc1124431,  1364,  0, 0, 0, , 0, 0, 0, 0, 0,
350,  1,  325,  357,  -1,  664, 710,  121.0,  17,  Nuc1129034,  849,  0, 0, 0, , 0, 0, 0, 0, 0,
351,  1,  326,  358,  -1,  619, 696,  124.0,  17,  Nuc1144812,  1024,  0, 0, 0, , 0, 0, 0, 0, 0,
352,  1,  327,  359,  -1,  583, 742,  120.0,  17,  Nuc1145060,  813,  0, 0, 0, , 0, 0, 0, 0, 0,
353,  1,  328,  360,  -1,  625, 733,  132.0,  17,  Nuc1145233,  1475,  0, 0, 0, , 0, 0, 0, 0, 0,
354,  1,  329,  361,  -1,  508, 551,  143.0,  17,  Nuc1208222,  908,  0, 0, 0, , 0, 0, 0, 0, 0,
355,  1,  330,  362,  -1,  431, 624,  142.0,  17,  Nuc1208260,  1187,  0, 0, 0, , 0, 0, 0, 0, 0,
356,  1,  331,  363,  -1,  448, 585,  148.0,  17,  Nuc1208263,  1038,  0, 0, 0, , 0, 0, 0, 0, 0,
357,  1,  332,  364,  -1,  534, 499,  138.0,  17,  Nuc1208693,  1181,  0, 0, 0, , 0, 0, 0, 0, 0,
358,  1,  332,  365,  -1,  521, 507,  142.0,  19,  Nuc1209084,  1326,  0, 0, 0, , 0, 0, 0, 0, 0,
359,  1,  333,  366,  -1,  513, 449,  136.0,  17,  Nuc1209093,  1258,  0, 0, 0, , 0, 0, 0, 0, 0,
360,  1,  333,  367,  -1,  521, 451,  130.0,  19,  Nuc1209567,  1479,  0, 0, 0, , 0, 0, 0, 0, 0,
361,  1,  334,  368,  369,  531, 503,  127.0,  17,  Nuc1209574,  1243,  0, 0, 0, , 0, 0, 0, 0, 0,
362,  1,  335,  370,  -1,  491, 534,  129.0,  17,  Nuc1210482,  734,  0, 0, 0, , 0, 0, 0, 0, 0,
363,  1,  336,  371,  -1,  527, 549,  126.0,  17,  Nuc1210510,  1203,  0, 0, 0, , 0, 0, 0, 0, 0,
364,  1,  337,  372,  -1,  610, 786,  148.0,  19,  Nuc1210631,  1703,  0, 0, 0, , 0, 0, 0, 0, 0,
365,  1,  338,  373,  -1,  584, 771,  145.0,  17,  Nuc1219490,  1668,  0, 0, 0, , 0, 0, 0, 0, 0,
366,  1,  339,  374,  375,  525, 774,  141.0,  17,  Nuc1231760,  2335,  0, 0, 0, , 0, 0, 0, 0, 0,
367,  1,  340,  376,  -1,  543, 818,  144.0,  17,  Nuc1232015,  1334,  0, 0, 0, , 0, 0, 0, 0, 0,
368,  1,  341,  377,  -1,  555, 833,  151.0,  17,  Nuc1232501,  1272,  0, 0, 0, , 0, 0, 0, 0, 0,
369,  1,  342,  378,  -1,  570, 879,  135.0,  17,  Nuc1234879,  1131,  0, 0, 0, , 0, 0, 0, 0, 0,
370,  1,  343,  379,  -1,  483, 838,  149.0,  17,  Nuc1247469,  1435,  0, 0, 0, , 0, 0, 0, 0, 0,
371,  1,  344,  380,  381,  469, 793,  147.0,  17,  Nuc1248077,  958,  0, 0, 0, , 0, 0, 0, 0, 0,
372,  1,  344,  382,  -1,  438, 826,  149.0,  17,  Nuc1248087,  1616,  0, 0, 0, , 0, 0, 0, 0, 0,
373,  1,  345,  383,  -1,  429, 780,  150.0,  15,  Nuc1248934,  626,  0, 0, 0, , 0, 0, 0, 0, 0,
374,  1,  345,  384,  -1,  429, 782,  145.0,  15,  Nuc1248940,  1317,  0, 0, 0, , 0, 0, 0, 0, 0,
375,  1,  346,  385,  -1,  493, 779,  142.0,  17,  Nuc1248991,  271,  0, 0, 0, , 0, 0, 0, 0, 0,
376,  1,  346,  386,  -1,  470, 787,  142.0,  17,  Nuc1248994,  1435,  0, 0, 0, , 0, 0, 0, 0, 0,
377,  1,  347,  387,  -1,  468, 791,  137.0,  17,  Nuc1262232,  768,  0, 0, 0, , 0, 0, 0, 0, 0,
378,  1,  347,  388,  -1,  478, 833,  139.0,  15,  Nuc1262236,  1125,  0, 0, 0, , 0, 0, 0, 0, 0,
379,  1,  348,  389,  -1,  507, 724,  164.0,  19,  Nuc1262388,  352,  0, 0, 0, , 0, 0, 0, 0, 0,
380,  1,  348,  390,  -1,  528, 747,  163.0,  17,  Nuc1262464,  1927,  0, 0, 0, , 0, 0, 0, 0, 0,
381,  1,  349,  -1,  -1,  487, 807,  157.0,  21,  Nuc1262657,  138,  0, 0, 0, , 0, 0, 0, 0, 0,
382,  1,  349,  391,  -1,  512, 791,  152.0,  17,  Nuc1262658,  1362,  0, 0, 0, , 0, 0, 0, 0, 0,
383,  1,  350,  392,  -1,  482, 784,  164.0,  17,  Nuc1270033,  1387,  0, 0, 0, , 0, 0, 0, 0, 0,
384,  1,  351,  393,  -1,  457, 779,  156.0,  17,  Nuc1272297,  754,  0, 0, 0, , 0, 0, 0, 0, 0,
385,  1,  352,  394,  -1,  662, 601,  127.0,  17,  Nuc1272782,  1512,  0, 0, 0, , 0, 0, 0, 0, 0,
386,  1,  353,  -1,  -1,  708, 645,  129.0,  15,  Nuc1330340,  575,  0, 0, 0, , 0, 0, 0, 0, 0,
387,  1,  353,  395,  -1,  707, 643,  124.0,  17,  Nuc1330341,  1868,  0, 0, 0, , 0, 0, 0, 0, 0,
388,  1,  354,  396,  -1,  666, 653,  124.0,  17,  Nuc1335599,  603,  0, 0, 0, , 0, 0, 0, 0, 0,
389,  1,  354,  -1,  -1,  668, 657,  129.0,  17,  Nuc1335625,  1465,  0, 0, 0, , 0, 0, 0, 0, 0,
390,  1,  355,  397,  -1,  653, 617,  155.0,  17,  Nuc1335672,  1467,  0, 0, 0, , 0, 0, 0, 0, 0,
391,  1,  356,  -1,  -1,  626, 559,  142.0,  21,  Nuc1336690,  180,  0, 0, 0, , 0, 0, 0, 0, 0,
392,  1,  357,  398,  -1,  608, 584,  140.0,  17,  Nuc1336692,  1657,  0, 0, 0, , 0, 0, 0, 0, 0,
393,  1,  358,  399,  -1,  544, 549,  150.0,  21,  Nuc1344459,  767,  0, 0, 0, , 0, 0, 0, 0, 0,
394,  1,  359,  400,  401,  545, 546,  140.0,  17,  Nuc1389220,  957,  0, 0, 0, , 0, 0, 0, 0, 0,
395,  1,  360,  402,  403,  586, 543,  130.0,  21,  Nuc1389929,  2101,  0, 0, 0, , 0, 0, 0, 0, 0,
396,  1,  361,  404,  405,  644, 548,  129.0,  17,  Nuc1390605,  1532,  0, 0, 0, , 0, 0, 0, 0, 0,
397,  1,  362,  406,  -1,  579, 511,  138.0,  17,  Nuc1390680,  1499,  0, 0, 0, , 0, 0, 0, 0, 0,
398,  1,  363,  407,  -1,  624, 527,  137.0,  19,  Nuc1390839,  1399,  0, 0, 0, , 0, 0, 0, 0, 0,
399,  1,  364,  408,  -1,  694, 496,  129.0,  17,  Nuc1418360,  1594,  0, 0, 0, , 0, 0, 0, 0, 0,
400,  1,  365,  409,  410,  694, 536,  127.0,  17,  Nuc1418549,  1564,  0, 0, 0, , 0, 0, 0, 0, 0,
401,  1,  366,  411,  -1,  375, 613,  170.0,  19,  Nuc1418883,  1101,  0, 0, 0, , 0, 0, 0, 0, 0,
402,  1,  367,  412,  -1,  374, 610,  164.0,  17,  Nuc1419013,  929,  0, 0, 0, , 0, 0, 0, 0, 0,
403,  1,  368,  413,  -1,  346, 515,  180.0,  17,  Nuc1419112,  369,  0, 0, 0, , 0, 0, 0, 0, 0,
404,  1,  368,  414,  415,  378, 518,  179.0,  15,  Nuc1419120,  893,  0, 0, 0, , 0, 0, 0, 0, 0,
405,  1,  369,  416,  417,  406, 524,  176.0,  17,  Nuc1419271,  984,  0, 0, 0, , 0, 0, 0, 0, 0,
406,  1,  371,  418,  -1,  443, 562,  176.0,  21,  Nuc1419433,  2500,  0, 0, 0, , 0, 0, 0, 0, 0,
407,  1,  372,  419,  -1,  454, 533,  167.0,  17,  Nuc1419560,  1023,  0, 0, 0, , 0, 0, 0, 0, 0,
408,  1,  373,  -1,  -1,  457, 573,  158.0,  17,  Nuc1426435,  855,  0, 0, 0, , 0, 0, 0, 0, 0,
409,  1,  373,  420,  -1,  458, 575,  163.0,  17,  Nuc1426436,  1277,  0, 0, 0, , 0, 0, 0, 0, 0,
410,  1,  374,  421,  -1,  480, 427,  123.0,  17,  Nuc1426714,  966,  0, 0, 0, , 0, 0, 0, 0, 0,
411,  1,  374,  422,  423,  481, 426,  127.0,  17,  Nuc1426722,  920,  0, 0, 0, , 0, 0, 0, 0, 0,
412,  1,  375,  424,  425,  507, 401,  135.0,  17,  Nuc1426811,  846,  0, 0, 0, , 0, 0, 0, 0, 0,
413,  1,  376,  426,  427,  438, 455,  139.0,  17,  Nuc1426899,  1064,  0, 0, 0, , 0, 0, 0, 0, 0,
414,  1,  376,  428,  -1,  472, 438,  136.0,  17,  Nuc1427138,  805,  0, 0, 0, , 0, 0, 0, 0, 0,
415,  1,  377,  429,  430,  471, 517,  137.0,  17,  Nuc1427168,  1048,  0, 0, 0, , 0, 0, 0, 0, 0,
416,  1,  377,  431,  432,  465, 558,  137.0,  17,  Nuc1427246,  876,  0, 0, 0, , 0, 0, 0, 0, 0,
417,  1,  378,  433,  -1,  437, 536,  143.0,  17,  Nuc1427263,  630,  0, 0, 0, , 0, 0, 0, 0, 0,
418,  1,  379,  434,  435,  484, 483,  121.0,  23,  Nuc1431265,  1133,  0, 0, 0, , 0, 0, 0, 0, 0,
419,  1,  380,  436,  437,  451, 510,  127.0,  17,  Nuc1431356,  249,  0, 0, 0, , 0, 0, 0, 0, 0,
420,  1,  380,  438,  -1,  482, 486,  130.0,  21,  Nuc1431424,  2398,  0, 0, 0, , 0, 0, 0, 0, 0,
421,  1,  381,  -1,  -1,  695, 495,  124.0,  17,  Nuc1431527,  899,  0, 0, 0, , 0, 0, 0, 0, 0,
422,  1,  381,  439,  -1,  659, 484,  121.0,  17,  Nuc1431528,  1024,  0, 0, 0, , 0, 0, 0, 0, 0,
423,  1,  382,  440,  -1,  624, 487,  130.0,  17,  Nuc1431538,  733,  0, 0, 0, , 0, 0, 0, 0, 0,
424,  1,  383,  441,  -1,  564, 473,  133.0,  21,  Nuc1453065,  174,  0, 0, 0, , 0, 0, 0, 0, 0,
425,  1,  384,  442,  -1,  581, 512,  133.0,  17,  Nuc1453570,  689,  0, 0, 0, , 0, 0, 0, 0, 0,
426,  1,  384,  443,  -1,  585, 508,  127.0,  17,  Nuc1453573,  1451,  0, 0, 0, , 0, 0, 0, 0, 0,
427,  1,  385,  444,  -1,  441, 502,  155.0,  15,  Nuc1468276,  865,  0, 0, 0, , 0, 0, 0, 0, 0,
428,  1,  385,  445,  -1,  440, 506,  160.0,  17,  Nuc1468279,  927,  0, 0, 0, , 0, 0, 0, 0, 0,
429,  1,  386,  446,  -1,  467, 534,  160.0,  15,  Nuc1468787,  429,  0, 0, 0, , 0, 0, 0, 0, 0,
430,  1,  387,  447,  -1,  491, 548,  155.0,  15,  Nuc1468885,  635,  0, 0, 0, , 0, 0, 0, 0, 0,
431,  1,  387,  448,  -1,  467, 534,  155.0,  17,  Nuc1469071,  2313,  0, 0, 0, , 0, 0, 0, 0, 0,
432,  1,  388,  -1,  -1,  466, 538,  150.0,  17,  Nuc1469350,  1322,  0, 0, 0, , 0, 0, 0, 0, 0,
433,  1,  388,  449,  -1,  490, 546,  150.0,  17,  Nuc1469351,  2213,  0, 0, 0, , 0, 0, 0, 0, 0,
434,  1,  389,  450,  -1,  438, 442,  146.0,  19,  Nuc1476787,  300,  0, 0, 0, , 0, 0, 0, 0, 0,
435,  1,  389,  451,  -1,  406, 412,  145.0,  17,  Nuc1476790,  971,  0, 0, 0, , 0, 0, 0, 0, 0,
436,  1,  390,  -1,  -1,  417, 480,  154.0,  17,  Nuc1476911,  657,  0, 0, 0, , 0, 0, 0, 0, 0,
437,  1,  392,  452,  -1,  437, 443,  153.0,  17,  Nuc1476915,  1235,  0, 0, 0, , 0, 0, 0, 0, 0,
438,  1,  394,  453,  -1,  344, 366,  169.0,  15,  Nuc1483247,  1056,  0, 0, 0, , 0, 0, 0, 0, 0,
439,  1,  397,  454,  455,  333, 416,  158.0,  15,  Nuc1483298,  344,  0, 0, 0, , 0, 0, 0, 0, 0,
440,  1,  397,  456,  -1,  333, 419,  163.0,  17,  Nuc1483654,  1268,  0, 0, 0, , 0, 0, 0, 0, 0,
441,  1,  398,  457,  -1,  374, 396,  170.0,  17,  Nuc1484108,  1310,  0, 0, 0, , 0, 0, 0, 0, 0,
442,  1,  399,  458,  -1,  382, 410,  159.0,  17,  Nuc1485116,  959,  0, 0, 0, , 0, 0, 0, 0, 0,
443,  1,  400,  459,  -1,  330, 396,  169.0,  15,  Nuc1492382,  749,  0, 0, 0, , 0, 0, 0, 0, 0,
444,  1,  401,  460,  461,  331, 491,  163.0,  15,  Nuc1492500,  644,  0, 0, 0, , 0, 0, 0, 0, 0,
445,  1,  402,  462,  -1,  296, 493,  165.0,  17,  Nuc1492758,  686,  0, 0, 0, , 0, 0, 0, 0, 0,
446,  1,  402,  463,  -1,  299, 494,  160.0,  15,  Nuc1492768,  785,  0, 0, 0, , 0, 0, 0, 0, 0,
447,  1,  403,  464,  -1,  294, 436,  167.0,  15,  Nuc1492821,  819,  0, 0, 0, , 0, 0, 0, 0, 0,
448,  1,  404,  -1,  -1,  295, 439,  172.0,  15,  Nuc1492987,  564,  0, 0, 0, , 0, 0, 0, 0, 0,
449,  1,  404,  465,  -1,  278, 465,  171.0,  17,  Nuc1492988,  365,  0, 0, 0, , 0, 0, 0, 0, 0,
450,  1,  405,  466,  -1,  419, 368,  174.0,  17,  Nuc1493024,  1962,  0, 0, 0, , 0, 0, 0, 0, 0,
451,  1,  406,  467,  -1,  480, 301,  165.0,  17,  Nuc1493246,  1214,  0, 0, 0, , 0, 0, 0, 0, 0,
452,  1,  407,  468,  -1,  327, 339,  162.0,  17,  Nuc1493629,  391,  0, 0, 0, , 0, 0, 0, 0, 0,
453,  1,  408,  469,  470,  348, 373,  159.0,  17,  Nuc1493729,  1128,  0, 0, 0, , 0, 0, 0, 0, 0,
454,  1,  409,  471,  472,  410, 458,  163.0,  17,  Nuc1493786,  1070,  0, 0, 0, , 0, 0, 0, 0, 0,
455,  1,  410,  473,  474,  420, 407,  164.0,  17,  Nuc1494130,  838,  0, 0, 0, , 0, 0, 0, 0, 0,
456,  1,  411,  475,  -1,  430, 309,  165.0,  17,  Nuc1494187,  1357,  0, 0, 0, , 0, 0, 0, 0, 0,
457,  1,  412,  476,  -1,  378, 332,  168.0,  17,  Nuc1494304,  1447,  0, 0, 0, , 0, 0, 0, 0, 0,
458,  1,  413,  477,  -1,  326, 249,  128.0,  15,  Nuc1494742,  836,  0, 0, 0, , 0, 0, 0, 0, 0,
459,  1,  414,  478,  479,  303, 246,  133.0,  17,  Nuc1494835,  863,  0, 0, 0, , 0, 0, 0, 0, 0,
460,  1,  415,  480,  481,  347, 299,  144.0,  15,  Nuc1495442,  574,  0, 0, 0, , 0, 0, 0, 0, 0,
461,  1,  416,  482,  -1,  321, 302,  138.0,  15,  Nuc1496109,  94,  0, 0, 0, , 0, 0, 0, 0, 0,
462,  1,  417,  483,  484,  406, 366,  150.0,  19,  Nuc1496201,  1578,  0, 0, 0, , 0, 0, 0, 0, 0,
463,  1,  418,  485,  -1,  426, 305,  152.0,  15,  Nuc1496388,  309,  0, 0, 0, , 0, 0, 0, 0, 0,
464,  1,  419,  486,  -1,  425, 260,  156.0,  17,  Nuc1496940,  1191,  0, 0, 0, , 0, 0, 0, 0, 0,
465,  1,  420,  487,  -1,  442, 224,  147.0,  15,  Nuc1497074,  1142,  0, 0, 0, , 0, 0, 0, 0, 0,
466,  1,  421,  488,  -1,  402, 218,  143.0,  15,  Nuc1497128,  1347,  0, 0, 0, , 0, 0, 0, 0, 0,
467,  1,  422,  489,  -1,  661, 349,  153.0,  17,  Nuc1500748,  1980,  0, 0, 0, , 0, 0, 0, 0, 0,
468,  1,  423,  490,  -1,  672, 295,  153.0,  19,  Nuc1502245,  1910,  0, 0, 0, , 0, 0, 0, 0, 0,
469,  1,  424,  491,  -1,  586, 334,  158.0,  17,  Nuc1503379,  634,  0, 0, 0, , 0, 0, 0, 0, 0,
470,  1,  425,  492,  493,  602, 381,  159.0,  25,  Nuc1505796,  3257,  0, 0, 0, , 0, 0, 0, 0, 0,
471,  1,  426,  494,  -1,  645, 359,  166.0,  19,  Nuc1507091,  1852,  0, 0, 0, , 0, 0, 0, 0, 0,
472,  1,  427,  495,  -1,  606, 417,  149.0,  17,  Nuc1508359,  1193,  0, 0, 0, , 0, 0, 0, 0, 0,
473,  1,  428,  496,  -1,  645, 420,  158.0,  17,  Nuc1508578,  2055,  0, 0, 0, , 0, 0, 0, 0, 0,
474,  1,  429,  497,  -1,  648, 388,  144.0,  19,  Nuc1510144,  2288,  0, 0, 0, , 0, 0, 0, 0, 0,
475,  1,  431,  498,  -1,  532, 387,  122.0,  15,  Nuc1514913,  259,  0, 0, 0, , 0, 0, 0, 0, 0,
476,  1,  431,  499,  -1,  533, 386,  127.0,  17,  Nuc1514923,  1160,  0, 0, 0, , 0, 0, 0, 0, 0,
477,  1,  432,  500,  -1,  556, 447,  146.0,  19,  Nuc1514949,  1452,  0, 0, 0, , 0, 0, 0, 0, 0,
478,  1,  433,  501,  -1,  634, 327,  129.0,  19,  Nuc1545785,  886,  0, 0, 0, , 0, 0, 0, 0, 0,
479,  1,  434,  502,  -1,  654, 375,  129.0,  17,  Nuc1547740,  1592,  0, 0, 0, , 0, 0, 0, 0, 0,
480,  1,  435,  503,  -1,  597, 347,  149.0,  17,  Nuc1551448,  1129,  0, 0, 0, , 0, 0, 0, 0, 0,
481,  1,  436,  504,  -1,  583, 381,  142.0,  17,  Nuc1551563,  1473,  0, 0, 0, , 0, 0, 0, 0, 0,
482,  1,  437,  505,  506,  477, 316,  158.0,  17,  Nuc1553384,  3106,  0, 0, 0, , 0, 0, 0, 0, 0,
483,  1,  438,  507,  -1,  416, 362,  168.0,  21,  Nuc1556101,  303,  0, 0, 0, , 0, 0, 0, 0, 0,
484,  1,  438,  508,  -1,  409, 361,  161.0,  17,  Nuc1556104,  1155,  0, 0, 0, , 0, 0, 0, 0, 0,
485,  1,  439,  -1,  -1,  447, 399,  160.0,  17,  Nuc1558880,  722,  0, 0, 0, , 0, 0, 0, 0, 0,
486,  1,  439,  509,  510,  445, 398,  155.0,  17,  Nuc1558881,  1171,  0, 0, 0, , 0, 0, 0, 0, 0,
487,  1,  440,  -1,  -1,  461, 339,  164.0,  25,  Nuc1559137,  198,  0, 0, 0, , 0, 0, 0, 0, 0,
488,  1,  440,  511,  -1,  462, 358,  155.0,  15,  Nuc1559138,  501,  0, 0, 0, , 0, 0, 0, 0, 0,
489,  1,  441,  512,  -1,  462, 360,  150.0,  17,  Nuc1559154,  2478,  0, 0, 0, , 0, 0, 0, 0, 0,
490,  1,  442,  513,  514,  493, 467,  142.0,  17,  Nuc1560751,  1490,  0, 0, 0, , 0, 0, 0, 0, 0,
491,  1,  443,  515,  516,  499, 430,  148.0,  17,  Nuc1560910,  646,  0, 0, 0, , 0, 0, 0, 0, 0,
492,  1,  444,  517,  -1,  511, 373,  142.0,  17,  Nuc1561095,  1218,  0, 0, 0, , 0, 0, 0, 0, 0,
493,  1,  445,  518,  -1,  573, 266,  148.0,  17,  Nuc1572652,  1841,  0, 0, 0, , 0, 0, 0, 0, 0,
494,  1,  446,  519,  -1,  564, 279,  159.0,  17,  Nuc1575110,  1744,  0, 0, 0, , 0, 0, 0, 0, 0,
495,  1,  447,  520,  -1,  496, 263,  157.0,  19,  Nuc1575674,  1699,  0, 0, 0, , 0, 0, 0, 0, 0,
496,  1,  448,  521,  -1,  515, 228,  149.0,  19,  Nuc1576130,  1255,  0, 0, 0, , 0, 0, 0, 0, 0,
497,  1,  449,  522,  -1,  614, 285,  157.0,  17,  Nuc1577636,  1327,  0, 0, 0, , 0, 0, 0, 0, 0,
498,  1,  450,  -1,  -1,  500, 338,  164.0,  21,  Nuc1581769,  340,  0, 0, 0, , 0, 0, 0, 0, 0,
499,  1,  450,  523,  -1,  534, 328,  164.0,  17,  Nuc1581770,  1215,  0, 0, 0, , 0, 0, 0, 0, 0,
500,  1,  451,  524,  -1,  586, 336,  168.0,  17,  Nuc1582097,  1317,  0, 0, 0, , 0, 0, 0, 0, 0,
501,  1,  452,  525,  -1,  459, 371,  176.0,  17,  Nuc1584306,  1100,  0, 0, 0, , 0, 0, 0, 0, 0,
502,  1,  453,  526,  -1,  502, 337,  171.0,  17,  Nuc1584431,  1542,  0, 0, 0, , 0, 0, 0, 0, 0,
503,  1,  454,  527,  -1,  610, 507,  151.0,  15,  Nuc1584605,  1252,  0, 0, 0, , 0, 0, 0, 0, 0,
504,  1,  455,  528,  -1,  645, 487,  149.0,  17,  Nuc1585102,  1465,  0, 0, 0, , 0, 0, 0, 0, 0,
505,  1,  456,  -1,  -1,  644, 487,  158.0,  21,  Nuc1585763,  719,  0, 0, 0, , 0, 0, 0, 0, 0,
506,  1,  456,  529,  -1,  674, 467,  156.0,  17,  Nuc1585764,  2908,  0, 0, 0, , 0, 0, 0, 0, 0,
507,  1,  457,  530,  -1,  692, 426,  138.0,  19,  Nuc1602929,  2092,  0, 0, 0, , 0, 0, 0, 0, 0,
508,  1,  458,  531,  -1,  742, 457,  142.0,  25,  Nuc1620538,  240,  0, 0, 0, , 0, 0, 0, 0, 0,
509,  1,  459,  532,  533,  690, 477,  139.0,  17,  Nuc1620544,  1846,  0, 0, 0, , 0, 0, 0, 0, 0,
510,  1,  460,  534,  -1,  611, 478,  140.0,  19,  Nuc1622410,  1091,  0, 0, 0, , 0, 0, 0, 0, 0,
511,  1,  461,  535,  -1,  650, 458,  140.0,  17,  Nuc1622495,  2183,  0, 0, 0, , 0, 0, 0, 0, 0,
512,  1,  462,  536,  -1,  740, 480,  127.0,  17,  Nuc1622777,  1268,  0, 0, 0, , 0, 0, 0, 0, 0,
513,  1,  463,  537,  -1,  676, 454,  128.0,  17,  Nuc1623259,  1124,  0, 0, 0, , 0, 0, 0, 0, 0,
514,  1,  464,  538,  -1,  726, 441,  130.0,  15,  Nuc1623312,  528,  0, 0, 0, , 0, 0, 0, 0, 0,
515,  1,  464,  539,  -1,  725, 440,  125.0,  17,  Nuc1623315,  1770,  0, 0, 0, , 0, 0, 0, 0, 0,
516,  1,  465,  540,  -1,  680, 416,  127.0,  17,  Nuc1639861,  1511,  0, 0, 0, , 0, 0, 0, 0, 0,
517,  1,  466,  -1,  -1,  613, 533,  164.0,  19,  Nuc1640596,  467,  0, 0, 0, , 0, 0, 0, 0, 0,
518,  1,  466,  541,  542,  618, 528,  169.0,  17,  Nuc1640597,  1563,  0, 0, 0, , 0, 0, 0, 0, 0,
519,  1,  467,  -1,  -1,  625, 566,  167.0,  19,  Nuc1640739,  161,  0, 0, 0, , 0, 0, 0, 0, 0,
520,  1,  467,  543,  -1,  652, 541,  166.0,  19,  Nuc1640740,  4024,  0, 0, 0, , 0, 0, 0, 0, 0,
521,  1,  468,  544,  -1,  671, 514,  139.0,  19,  Nuc1643543,  3473,  0, 0, 0, , 0, 0, 0, 0, 0,
522,  1,  469,  545,  -1,  652, 537,  149.0,  17,  Nuc1647674,  2948,  0, 0, 0, , 0, 0, 0, 0, 0,
523,  1,  470,  546,  -1,  760, 654,  161.0,  17,  Nuc1703113,  2278,  0, 0, 0, , 0, 0, 0, 0, 0,
524,  1,  471,  547,  -1,  714, 638,  156.0,  17,  Nuc1703183,  2088,  0, 0, 0, , 0, 0, 0, 0, 0,
525,  1,  472,  548,  -1,  698, 604,  158.0,  17,  Nuc1707570,  3235,  0, 0, 0, , 0, 0, 0, 0, 0,
526,  1,  473,  549,  -1,  658, 584,  159.0,  19,  Nuc1707840,  194,  0, 0, 0, , 0, 0, 0, 0, 0,
527,  1,  473,  550,  -1,  684, 556,  157.0,  17,  Nuc1707843,  6200,  0, 0, 0, , 0, 0, 0, 0, 0,
528,  1,  474,  551,  -1,  663, 612,  143.0,  17,  Nuc1707974,  1234,  0, 0, 0, , 0, 0, 0, 0, 0,
529,  1,  475,  552,  553,  667, 570,  142.0,  19,  Nuc1738238,  4239,  0, 0, 0, , 0, 0, 0, 0, 0,
530,  1,  476,  554,  -1,  666, 573,  136.0,  17,  Nuc1738837,  1687,  0, 0, 0, , 0, 0, 0, 0, 0,
531,  1,  476,  555,  -1,  699, 568,  136.0,  17,  Nuc1738839,  3257,  0, 0, 0, , 0, 0, 0, 0, 0,
532,  1,  477,  556,  -1,  474, 487,  152.0,  17,  Nuc1740639,  1580,  0, 0, 0, , 0, 0, 0, 0, 0,
533,  1,  479,  557,  558,  519, 513,  154.0,  19,  Nuc1750514,  2692,  0, 0, 0, , 0, 0, 0, 0, 0,
534,  1,  480,  559,  560,  542, 552,  161.0,  17,  Nuc1750726,  374,  0, 0, 0, , 0, 0, 0, 0, 0,
535,  1,  480,  -1,  -1,  544, 551,  155.0,  17,  Nuc1754931,  2206,  0, 0, 0, , 0, 0, 0, 0, 0,
536,  1,  481,  561,  -1,  565, 508,  148.0,  17,  Nuc1754976,  1288,  0, 0, 0, , 0, 0, 0, 0, 0,
537,  1,  482,  562,  563,  594, 546,  149.0,  19,  Nuc1755160,  1321,  0, 0, 0, , 0, 0, 0, 0, 0,
538,  1,  483,  564,  -1,  631, 570,  152.0,  17,  Nuc1755566,  850,  0, 0, 0, , 0, 0, 0, 0, 0,
539,  1,  484,  565,  566,  605, 627,  150.0,  17,  Nuc1759533,  1382,  0, 0, 0, , 0, 0, 0, 0, 0,
540,  1,  485,  567,  -1,  571, 596,  155.0,  17,  Nuc1759624,  1213,  0, 0, 0, , 0, 0, 0, 0, 0,
541,  1,  486,  568,  569,  532, 539,  172.0,  19,  Nuc1759783,  4952,  0, 0, 0, , 0, 0, 0, 0, 0,
542,  1,  487,  570,  -1,  598, 472,  172.0,  19,  Nuc1762253,  1521,  0, 0, 0, , 0, 0, 0, 0, 0,
543,  1,  488,  571,  572,  546, 480,  174.0,  17,  Nuc1762407,  3996,  0, 0, 0, , 0, 0, 0, 0, 0,
544,  1,  489,  573,  -1,  417, 488,  176.0,  21,  Nuc1763434,  503,  0, 0, 0, , 0, 0, 0, 0, 0,
545,  1,  490,  574,  -1,  450, 496,  175.0,  15,  Nuc1763439,  668,  0, 0, 0, , 0, 0, 0, 0, 0,
546,  1,  492,  575,  576,  471, 417,  174.0,  23,  Nuc1763599,  611,  0, 0, 0, , 0, 0, 0, 0, 0,
547,  1,  493,  577,  -1,  473, 418,  180.0,  17,  Nuc1763613,  1588,  0, 0, 0, , 0, 0, 0, 0, 0,
548,  1,  494,  578,  579,  525, 434,  175.0,  17,  Nuc1763679,  1760,  0, 0, 0, , 0, 0, 0, 0, 0,
549,  1,  495,  580,  -1,  481, 487,  176.0,  19,  Nuc1764560,  1223,  0, 0, 0, , 0, 0, 0, 0, 0,
550,  1,  496,  581,  582,  491, 456,  175.0,  17,  Nuc1764567,  2312,  0, 0, 0, , 0, 0, 0, 0, 0,
551,  1,  497,  583,  -1,  491, 408,  157.0,  17,  Nuc1765102,  829,  0, 0, 0, , 0, 0, 0, 0, 0,
552,  1,  498,  584,  -1,  551, 471,  152.0,  17,  Nuc1766008,  341,  0, 0, 0, , 0, 0, 0, 0, 0,
553,  1,  498,  585,  -1,  520, 446,  156.0,  15,  Nuc1766010,  1725,  0, 0, 0, , 0, 0, 0, 0, 0,
554,  1,  500,  586,  587,  482, 480,  163.0,  19,  Nuc1766382,  2020,  0, 0, 0, , 0, 0, 0, 0, 0,
555,  1,  502,  588,  -1,  430, 471,  176.0,  17,  Nuc1769720,  450,  0, 0, 0, , 0, 0, 0, 0, 0,
556,  1,  502,  589,  590,  430, 467,  171.0,  17,  Nuc1769729,  2333,  0, 0, 0, , 0, 0, 0, 0, 0,
557,  1,  503,  591,  -1,  459, 433,  159.0,  21,  Nuc1771846,  639,  0, 0, 0, , 0, 0, 0, 0, 0,
558,  1,  504,  592,  -1,  460, 431,  167.0,  17,  Nuc1771861,  1950,  0, 0, 0, , 0, 0, 0, 0, 0,
559,  1,  505,  593,  594,  506, 518,  178.0,  21,  Nuc1772036,  171,  0, 0, 0, , 0, 0, 0, 0, 0,
560,  1,  505,  595,  -1,  506, 511,  172.0,  15,  Nuc1772410,  444,  0, 0, 0, , 0, 0, 0, 0, 0,
561,  1,  506,  596,  -1,  508, 507,  162.0,  15,  Nuc1772415,  741,  0, 0, 0, , 0, 0, 0, 0, 0,
562,  1,  506,  597,  -1,  507, 510,  167.0,  17,  Nuc1772426,  3000,  0, 0, 0, , 0, 0, 0, 0, 0,
563,  1,  507,  598,  -1,  441, 722,  162.0,  17,  Nuc1773197,  1407,  0, 0, 0, , 0, 0, 0, 0, 0,
564,  1,  508,  599,  -1,  467, 691,  159.0,  17,  Nuc1782584,  1929,  0, 0, 0, , 0, 0, 0, 0, 0,
565,  1,  509,  600,  -1,  421, 744,  169.0,  15,  Nuc1782861,  1922,  0, 0, 0, , 0, 0, 0, 0, 0,
566,  1,  510,  601,  -1,  433, 669,  170.0,  17,  Nuc1783555,  903,  0, 0, 0, , 0, 0, 0, 0, 0,
567,  1,  511,  602,  -1,  390, 644,  169.0,  15,  Nuc1783620,  704,  0, 0, 0, , 0, 0, 0, 0, 0,
568,  1,  512,  603,  -1,  425, 662,  161.0,  17,  Nuc1783796,  1389,  0, 0, 0, , 0, 0, 0, 0, 0,
569,  1,  513,  604,  -1,  425, 736,  151.0,  17,  Nuc1783836,  1283,  0, 0, 0, , 0, 0, 0, 0, 0,
570,  1,  514,  605,  -1,  411, 685,  154.0,  17,  Nuc1784004,  1017,  0, 0, 0, , 0, 0, 0, 0, 0,
571,  1,  516,  606,  607,  333, 654,  165.0,  17,  Nuc1784135,  1228,  0, 0, 0, , 0, 0, 0, 0, 0,
572,  1,  517,  608,  -1,  374, 716,  172.0,  15,  Nuc1784181,  991,  0, 0, 0, , 0, 0, 0, 0, 0,
573,  1,  518,  609,  -1,  400, 703,  166.0,  17,  Nuc1784302,  975,  0, 0, 0, , 0, 0, 0, 0, 0,
574,  1,  519,  -1,  -1,  291, 653,  167.0,  17,  Nuc1784513,  572,  0, 0, 0, , 0, 0, 0, 0, 0,
575,  1,  520,  610,  -1,  291, 652,  157.0,  15,  Nuc1784515,  296,  0, 0, 0, , 0, 0, 0, 0, 0,
576,  1,  520,  611,  -1,  291, 651,  162.0,  17,  Nuc1784521,  1449,  0, 0, 0, , 0, 0, 0, 0, 0,
577,  1,  521,  -1,  -1,  262, 696,  153.0,  15,  Nuc1784763,  578,  0, 0, 0, , 0, 0, 0, 0, 0,
578,  1,  522,  612,  -1,  312, 699,  163.0,  15,  Nuc1784765,  533,  0, 0, 0, , 0, 0, 0, 0, 0,
579,  1,  522,  613,  614,  305, 723,  156.0,  15,  Nuc1784767,  1098,  0, 0, 0, , 0, 0, 0, 0, 0,
580,  1,  523,  615,  -1,  274, 606,  162.0,  17,  Nuc1785286,  1098,  0, 0, 0, , 0, 0, 0, 0, 0,
581,  1,  524,  616,  -1,  350, 578,  158.0,  17,  Nuc1785363,  238,  0, 0, 0, , 0, 0, 0, 0, 0,
582,  1,  525,  617,  -1,  336, 589,  169.0,  17,  Nuc1785379,  477,  0, 0, 0, , 0, 0, 0, 0, 0,
583,  1,  525,  618,  -1,  335, 593,  164.0,  17,  Nuc1785388,  684,  0, 0, 0, , 0, 0, 0, 0, 0,
584,  1,  526,  -1,  -1,  333, 654,  160.0,  15,  Nuc1785417,  297,  0, 0, 0, , 0, 0, 0, 0, 0,
585,  1,  527,  619,  -1,  319, 623,  157.0,  19,  Nuc1785419,  1616,  0, 0, 0, , 0, 0, 0, 0, 0,
586,  1,  528,  620,  -1,  342, 600,  145.0,  15,  Nuc1787712,  320,  0, 0, 0, , 0, 0, 0, 0, 0,
587,  1,  529,  -1,  -1,  332, 572,  144.0,  17,  Nuc1787718,  876,  0, 0, 0, , 0, 0, 0, 0, 0,
588,  1,  530,  621,  622,  216, 614,  141.0,  17,  Nuc1787721,  1060,  0, 0, 0, , 0, 0, 0, 0, 0,
589,  1,  531,  -1,  -1,  247, 591,  150.0,  17,  Nuc1787755,  323,  0, 0, 0, , 0, 0, 0, 0, 0,
590,  1,  531,  623,  -1,  247, 590,  145.0,  17,  Nuc1787756,  899,  0, 0, 0, , 0, 0, 0, 0, 0,
591,  1,  532,  -1,  -1,  290, 651,  154.0,  15,  Nuc1787906,  1068,  0, 0, 0, , 0, 0, 0, 0, 0,
592,  1,  532,  624,  -1,  290, 650,  149.0,  17,  Nuc1787907,  930,  0, 0, 0, , 0, 0, 0, 0, 0,
593,  1,  533,  625,  -1,  319, 623,  151.0,  17,  Nuc1787961,  1402,  0, 0, 0, , 0, 0, 0, 0, 0,
594,  1,  534,  626,  -1,  418, 635,  178.0,  17,  Nuc1787995,  1753,  0, 0, 0, , 0, 0, 0, 0, 0,
595,  1,  535,  627,  -1,  417, 632,  174.0,  15,  Nuc1788002,  1976,  0, 0, 0, , 0, 0, 0, 0, 0,
596,  1,  536,  628,  629,  409, 635,  159.0,  17,  Nuc1789133,  763,  0, 0, 0, , 0, 0, 0, 0, 0,
597,  1,  537,  630,  -1,  449, 614,  165.0,  15,  Nuc1793799,  915,  0, 0, 0, , 0, 0, 0, 0, 0,
598,  1,  538,  631,  -1,  336, 622,  169.0,  15,  Nuc1793875,  777,  0, 0, 0, , 0, 0, 0, 0, 0,
599,  1,  539,  632,  -1,  336, 624,  176.0,  15,  Nuc1794049,  1072,  0, 0, 0, , 0, 0, 0, 0, 0,
600,  1,  540,  633,  -1,  454, 455,  183.0,  17,  Nuc1794140,  1404,  0, 0, 0, , 0, 0, 0, 0, 0,
601,  1,  541,  634,  -1,  554, 425,  180.0,  17,  Nuc1794483,  1725,  0, 0, 0, , 0, 0, 0, 0, 0,
602,  1,  542,  635,  -1,  510, 383,  176.0,  17,  Nuc1795196,  1800,  0, 0, 0, , 0, 0, 0, 0, 0,
603,  1,  543,  636,  -1,  548, 365,  172.0,  17,  Nuc1797161,  1719,  0, 0, 0, , 0, 0, 0, 0, 0,
604,  1,  544,  637,  -1,  677, 427,  162.0,  19,  Nuc1800348,  1886,  0, 0, 0, , 0, 0, 0, 0, 0,
605,  1,  545,  638,  -1,  627, 444,  167.0,  17,  Nuc1801412,  2774,  0, 0, 0, , 0, 0, 0, 0, 0,
606,  1,  546,  639,  -1,  637, 505,  179.0,  17,  Nuc1841614,  2110,  0, 0, 0, , 0, 0, 0, 0, 0,
607,  1,  547,  640,  641,  625, 484,  172.0,  17,  Nuc1841674,  371,  0, 0, 0, , 0, 0, 0, 0, 0,
608,  1,  547,  642,  -1,  647, 492,  167.0,  17,  Nuc1841684,  2323,  0, 0, 0, , 0, 0, 0, 0, 0,
609,  1,  548,  643,  -1,  621, 423,  176.0,  17,  Nuc1842039,  2072,  0, 0, 0, , 0, 0, 0, 0, 0,
610,  1,  549,  644,  -1,  601, 400,  171.0,  17,  Nuc1844238,  1718,  0, 0, 0, , 0, 0, 0, 0, 0,
611,  1,  550,  645,  -1,  697, 386,  154.0,  15,  Nuc1848892,  1301,  0, 0, 0, , 0, 0, 0, 0, 0,
612,  1,  551,  646,  -1,  710, 374,  163.0,  17,  Nuc1849548,  1712,  0, 0, 0, , 0, 0, 0, 0, 0,
613,  1,  552,  647,  -1,  691, 431,  171.0,  17,  Nuc1849858,  2085,  0, 0, 0, , 0, 0, 0, 0, 0,
614,  1,  553,  648,  -1,  671, 522,  177.0,  17,  Nuc1850322,  2173,  0, 0, 0, , 0, 0, 0, 0, 0,
615,  1,  554,  649,  -1,  676, 472,  174.0,  21,  Nuc1850868,  4429,  0, 0, 0, , 0, 0, 0, 0, 0,
616,  1,  555,  650,  -1,  755, 472,  165.0,  19,  Nuc1851826,  4252,  0, 0, 0, , 0, 0, 0, 0, 0,
617,  1,  556,  651,  -1,  703, 517,  166.0,  15,  Nuc1854185,  5091,  0, 0, 0, , 0, 0, 0, 0, 0,
618,  1,  557,  652,  -1,  746, 525,  168.0,  19,  Nuc1858804,  4619,  0, 0, 0, , 0, 0, 0, 0, 0,
619,  1,  558,  653,  -1,  646, 654,  164.0,  19,  Nuc1862236,  3060,  0, 0, 0, , 0, 0, 0, 0, 0,
620,  1,  559,  654,  655,  642, 602,  174.0,  15,  Nuc1862836,  121,  0, 0, 0, , 0, 0, 0, 0, 0,
621,  1,  559,  656,  -1,  627, 597,  168.0,  15,  Nuc1862842,  1425,  0, 0, 0, , 0, 0, 0, 0, 0,
622,  1,  560,  657,  -1,  659, 589,  164.0,  17,  Nuc1862904,  1776,  0, 0, 0, , 0, 0, 0, 0, 0,
623,  1,  561,  658,  -1,  675, 611,  173.0,  17,  Nuc1863122,  2398,  0, 0, 0, , 0, 0, 0, 0, 0,
624,  1,  562,  659,  -1,  685, 565,  174.0,  17,  Nuc1866609,  2244,  0, 0, 0, , 0, 0, 0, 0, 0,
625,  1,  563,  660,  -1,  754, 537,  157.0,  19,  Nuc1867448,  4168,  0, 0, 0, , 0, 0, 0, 0, 0,
626,  1,  564,  661,  -1,  714, 596,  166.0,  17,  Nuc1867579,  269,  0, 0, 0, , 0, 0, 0, 0, 0,
627,  1,  564,  662,  -1,  720, 559,  163.0,  19,  Nuc1867582,  3642,  0, 0, 0, , 0, 0, 0, 0, 0,
628,  1,  565,  663,  -1,  730, 565,  171.0,  19,  Nuc1868214,  3463,  0, 0, 0, , 0, 0, 0, 0, 0,
629,  1,  566,  664,  -1,  477, 684,  172.0,  17,  Nuc1869410,  440,  0, 0, 0, , 0, 0, 0, 0, 0,
630,  1,  567,  665,  -1,  474, 698,  179.0,  17,  Nuc1869704,  966,  0, 0, 0, , 0, 0, 0, 0, 0,
631,  1,  568,  -1,  -1,  378, 664,  178.0,  17,  Nuc1869787,  355,  0, 0, 0, , 0, 0, 0, 0, 0,
632,  1,  569,  666,  -1,  420, 695,  179.0,  17,  Nuc1869789,  1460,  0, 0, 0, , 0, 0, 0, 0, 0,
633,  1,  570,  667,  -1,  608, 727,  169.0,  17,  Nuc1870017,  2066,  0, 0, 0, , 0, 0, 0, 0, 0,
634,  1,  571,  668,  -1,  647, 718,  167.0,  17,  Nuc1870117,  2033,  0, 0, 0, , 0, 0, 0, 0, 0,
635,  1,  572,  669,  -1,  611, 722,  155.0,  17,  Nuc1871472,  2803,  0, 0, 0, , 0, 0, 0, 0, 0,
636,  1,  573,  670,  -1,  602, 684,  162.0,  15,  Nuc1871757,  1920,  0, 0, 0, , 0, 0, 0, 0, 0,
637,  1,  574,  671,  -1,  629, 796,  156.0,  19,  Nuc1876977,  1583,  0, 0, 0, , 0, 0, 0, 0, 0,
638,  1,  575,  672,  -1,  567, 777,  164.0,  17,  Nuc1880463,  1985,  0, 0, 0, , 0, 0, 0, 0, 0,
639,  1,  576,  673,  -1,  585, 757,  158.0,  17,  Nuc1882605,  2121,  0, 0, 0, , 0, 0, 0, 0, 0,
640,  1,  577,  674,  -1,  521, 673,  180.0,  17,  Nuc1883061,  1749,  0, 0, 0, , 0, 0, 0, 0, 0,
641,  1,  578,  675,  -1,  515, 647,  174.0,  15,  Nuc1886246,  1111,  0, 0, 0, , 0, 0, 0, 0, 0,
642,  1,  579,  676,  -1,  583, 685,  174.0,  17,  Nuc1886458,  2416,  0, 0, 0, , 0, 0, 0, 0, 0,
643,  1,  580,  677,  -1,  453, 725,  175.0,  23,  Nuc1889476,  163,  0, 0, 0, , 0, 0, 0, 0, 0,
644,  1,  580,  678,  -1,  486, 735,  173.0,  17,  Nuc1889483,  2021,  0, 0, 0, , 0, 0, 0, 0, 0,
645,  1,  581,  679,  -1,  500, 702,  168.0,  25,  Nuc1890943,  1629,  0, 0, 0, , 0, 0, 0, 0, 0,
646,  1,  582,  680,  -1,  480, 724,  164.0,  19,  Nuc1890952,  454,  0, 0, 0, , 0, 0, 0, 0, 0,
647,  1,  582,  681,  -1,  499, 699,  163.0,  21,  Nuc1890957,  1629,  0, 0, 0, , 0, 0, 0, 0, 0,
648,  1,  583,  682,  -1,  564, 712,  162.0,  21,  Nuc1890983,  1091,  0, 0, 0, , 0, 0, 0, 0, 0,
649,  1,  584,  683,  684,  595, 615,  171.0,  17,  Nuc1892173,  2104,  0, 0, 0, , 0, 0, 0, 0, 0,
650,  1,  585,  685,  -1,  627, 659,  175.0,  17,  Nuc1912963,  2509,  0, 0, 0, , 0, 0, 0, 0, 0,
651,  1,  586,  686,  -1,  683, 682,  156.0,  19,  Nuc1918911,  2131,  0, 0, 0, , 0, 0, 0, 0, 0,
652,  1,  587,  687,  -1,  692, 678,  167.0,  17,  Nuc1919632,  2277,  0, 0, 0, , 0, 0, 0, 0, 0,
653,  1,  588,  688,  -1,  585, 632,  181.0,  17,  Nuc1921302,  2119,  0, 0, 0, , 0, 0, 0, 0, 0,
654,  1,  589,  689,  690,  576, 584,  182.0,  19,  Nuc1921425,  1442,  0, 0, 0, , 0, 0, 0, 0, 0,
655,  1,  590,  691,  -1,  579, 569,  173.0,  19,  Nuc1921962,  1472,  0, 0, 0, , 0, 0, 0, 0, 0,
656,  1,  591,  692,  -1,  581, 470,  182.0,  19,  Nuc1922100,  1629,  0, 0, 0, , 0, 0, 0, 0, 0,
657,  1,  592,  693,  -1,  630, 561,  176.0,  17,  Nuc1922200,  2187,  0, 0, 0, , 0, 0, 0, 0, 0,
658,  1,  592,  694,  -1,  633, 570,  179.0,  17,  Nuc1923174,  2301,  0, 0, 0, , 0, 0, 0, 0, 0,
659,  1,  593,  -1,  -1,  475, 603,  184.0,  19,  Nuc1923316,  149,  0, 0, 0, , 0, 0, 0, 0, 0,
660,  1,  593,  695,  696,  508, 614,  183.0,  21,  Nuc1923317,  2986,  0, 0, 0, , 0, 0, 0, 0, 0,
661,  1,  594,  697,  -1,  452, 603,  174.0,  17,  Nuc1924255,  1824,  0, 0, 0, , 0, 0, 0, 0, 0,
662,  1,  595,  698,  -1,  465, 638,  173.0,  17,  Nuc1932807,  1334,  0, 0, 0, , 0, 0, 0, 0, 0,
663,  1,  596,  699,  -1,  450, 654,  183.0,  17,  Nuc1932937,  1507,  0, 0, 0, , 0, 0, 0, 0, 0,
664,  1,  597,  700,  -1,  439, 604,  185.0,  17,  Nuc1934149,  1188,  0, 0, 0, , 0, 0, 0, 0, 0,
665,  1,  598,  701,  -1,  487, 655,  164.0,  19,  Nuc1934290,  1216,  0, 0, 0, , 0, 0, 0, 0, 0,
666,  1,  599,  702,  -1,  537, 639,  162.0,  17,  Nuc1942145,  2172,  0, 0, 0, , 0, 0, 0, 0, 0,
667,  1,  600,  -1,  -1,  485, 591,  160.0,  15,  Nuc1942279,  686,  0, 0, 0, , 0, 0, 0, 0, 0,
668,  1,  600,  703,  -1,  484, 596,  155.0,  15,  Nuc1942280,  812,  0, 0, 0, , 0, 0, 0, 0, 0,
669,  1,  601,  704,  -1,  504, 634,  152.0,  17,  Nuc1942371,  2260,  0, 0, 0, , 0, 0, 0, 0, 0,
670,  1,  602,  705,  706,  548, 627,  150.0,  17,  Nuc1943098,  661,  0, 0, 0, , 0, 0, 0, 0, 0,
671,  1,  603,  707,  -1,  556, 733,  172.0,  17,  Nuc1943243,  1832,  0, 0, 0, , 0, 0, 0, 0, 0,
672,  1,  604,  708,  -1,  530, 697,  169.0,  17,  Nuc1944972,  1316,  0, 0, 0, , 0, 0, 0, 0, 0,
673,  1,  605,  709,  -1,  521, 696,  163.0,  19,  Nuc1948716,  897,  0, 0, 0, , 0, 0, 0, 0, 0,
674,  1,  605,  710,  -1,  523, 688,  156.0,  17,  Nuc1948721,  1887,  0, 0, 0, , 0, 0, 0, 0, 0,
675,  1,  606,  711,  -1,  548, 610,  175.0,  17,  Nuc1950076,  1692,  0, 0, 0, , 0, 0, 0, 0, 0,
676,  1,  607,  712,  -1,  560, 566,  167.0,  17,  Nuc1950152,  286,  0, 0, 0, , 0, 0, 0, 0, 0,
677,  1,  608,  713,  -1,  533, 576,  167.0,  17,  Nuc1950155,  1284,  0, 0, 0, , 0, 0, 0, 0, 0,
678,  1,  609,  714,  715,  500, 504,  177.0,  15,  Nuc1950342,  644,  0, 0, 0, , 0, 0, 0, 0, 0,
679,  1,  609,  716,  -1,  479, 531,  175.0,  15,  Nuc1950533,  1766,  0, 0, 0, , 0, 0, 0, 0, 0,
680,  1,  610,  -1,  -1,  481, 563,  176.0,  19,  Nuc1953267,  166,  0, 0, 0, , 0, 0, 0, 0, 0,
681,  1,  610,  717,  -1,  497, 570,  171.0,  17,  Nuc1953268,  801,  0, 0, 0, , 0, 0, 0, 0, 0,
682,  1,  611,  718,  -1,  500, 549,  163.0,  17,  Nuc1953371,  1455,  0, 0, 0, , 0, 0, 0, 0, 0,
683,  1,  612,  719,  -1,  490, 596,  178.0,  17,  Nuc1953404,  1072,  0, 0, 0, , 0, 0, 0, 0, 0,
684,  1,  613,  720,  -1,  501, 610,  162.0,  15,  Nuc1953593,  279,  0, 0, 0, , 0, 0, 0, 0, 0,
685,  1,  613,  721,  -1,  500, 611,  167.0,  17,  Nuc1953606,  1020,  0, 0, 0, , 0, 0, 0, 0, 0,
686,  1,  614,  722,  -1,  401, 545,  186.0,  17,  Nuc1953754,  1414,  0, 0, 0, , 0, 0, 0, 0, 0,
687,  1,  615,  723,  -1,  398, 473,  184.0,  17,  Nuc1954725,  1024,  0, 0, 0, , 0, 0, 0, 0, 0,
688,  1,  617,  724,  -1,  374, 438,  179.0,  15,  Nuc1954794,  2678,  0, 0, 0, , 0, 0, 0, 0, 0,
689,  1,  618,  725,  -1,  496, 545,  184.0,  19,  Nuc1954959,  2709,  0, 0, 0, , 0, 0, 0, 0, 0,
690,  1,  619,  726,  -1,  559, 519,  178.0,  17,  Nuc1955396,  260,  0, 0, 0, , 0, 0, 0, 0, 0,
691,  1,  620,  727,  -1,  545, 522,  183.0,  17,  Nuc1955403,  1852,  0, 0, 0, , 0, 0, 0, 0, 0,
692,  1,  621,  728,  -1,  586, 528,  183.0,  17,  Nuc1965523,  2212,  0, 0, 0, , 0, 0, 0, 0, 0,
693,  1,  622,  729,  -1,  545, 602,  183.0,  29,  Nuc1967366,  536,  0, 0, 0, , 0, 0, 0, 0, 0,
694,  1,  623,  730,  731,  541, 563,  182.0,  17,  Nuc1967369,  2637,  0, 0, 0, , 0, 0, 0, 0, 0,
695,  1,  624,  732,  733,  511, 475,  184.0,  19,  Nuc1968458,  2475,  0, 0, 0, , 0, 0, 0, 0, 0,
696,  1,  625,  734,  -1,  455, 530,  185.0,  15,  Nuc1968620,  1848,  0, 0, 0, , 0, 0, 0, 0, 0,
697,  1,  625,  735,  -1,  455, 520,  179.0,  25,  Nuc1968700,  769,  0, 0, 0, , 0, 0, 0, 0, 0,
698,  1,  626,  736,  -1,  446, 507,  186.0,  17,  Nuc1968704,  999,  0, 0, 0, , 0, 0, 0, 0, 0,
699,  1,  627,  737,  -1,  500, 666,  172.0,  21,  Nuc1968857,  418,  0, 0, 0, , 0, 0, 0, 0, 0,
700,  1,  627,  738,  -1,  539, 666,  172.0,  15,  Nuc1968859,  190,  0, 0, 0, , 0, 0, 0, 0, 0,
701,  1,  628,  739,  740,  570, 642,  164.0,  17,  Nuc1968862,  539,  0, 0, 0, , 0, 0, 0, 0, 0,
702,  1,  628,  741,  -1,  563, 652,  170.0,  17,  Nuc1968869,  1827,  0, 0, 0, , 0, 0, 0, 0, 0,
703,  1,  629,  742,  -1,  569, 589,  160.0,  15,  Nuc1968900,  772,  0, 0, 0, , 0, 0, 0, 0, 0,
704,  1,  629,  743,  -1,  573, 600,  165.0,  23,  Nuc1968903,  868,  0, 0, 0, , 0, 0, 0, 0, 0,
705,  1,  630,  744,  -1,  610, 642,  165.0,  21,  Nuc1968910,  612,  0, 0, 0, , 0, 0, 0, 0, 0,
706,  1,  630,  745,  746,  594, 623,  161.0,  19,  Nuc1968917,  1694,  0, 0, 0, , 0, 0, 0, 0, 0,
707,  1,  631,  747,  748,  578, 526,  171.0,  17,  Nuc2004981,  2009,  0, 0, 0, , 0, 0, 0, 0, 0,
708,  1,  632,  749,  -1,  584, 560,  157.0,  19,  Nuc2006253,  1037,  0, 0, 0, , 0, 0, 0, 0, 0,
709,  1,  632,  750,  -1,  583, 567,  163.0,  19,  Nuc2006521,  1850,  0, 0, 0, , 0, 0, 0, 0, 0,
710,  1,  633,  751,  -1,  413, 789,  161.0,  17,  Nuc2009266,  636,  0, 0, 0, , 0, 0, 0, 0, 0,
711,  1,  634,  752,  -1,  386, 753,  162.0,  15,  Nuc2009289,  1014,  0, 0, 0, , 0, 0, 0, 0, 0,
712,  1,  635,  753,  -1,  551, 473,  157.0,  17,  Nuc2012805,  1189,  0, 0, 0, , 0, 0, 0, 0, 0,
713,  1,  636,  754,  755,  553, 498,  165.0,  19,  Nuc2014917,  1631,  0, 0, 0, , 0, 0, 0, 0, 0,
714,  1,  637,  756,  -1,  471, 381,  166.0,  17,  Nuc2021764,  1430,  0, 0, 0, , 0, 0, 0, 0, 0,
715,  1,  638,  757,  758,  515, 400,  167.0,  17,  Nuc2021940,  1782,  0, 0, 0, , 0, 0, 0, 0, 0,
716,  1,  639,  759,  760,  543, 377,  155.0,  19,  Nuc2023776,  2018,  0, 0, 0, , 0, 0, 0, 0, 0,
717,  1,  640,  761,  762,  599, 477,  162.0,  17,  Nuc2024317,  1428,  0, 0, 0, , 0, 0, 0, 0, 0,
718,  1,  641,  763,  -1,  597, 470,  157.0,  17,  Nuc2025674,  627,  0, 0, 0, , 0, 0, 0, 0, 0,
719,  1,  641,  764,  -1,  576, 435,  158.0,  17,  Nuc2025680,  1965,  0, 0, 0, , 0, 0, 0, 0, 0,
720,  1,  642,  765,  -1,  562, 411,  167.0,  19,  Nuc2027287,  1611,  0, 0, 0, , 0, 0, 0, 0, 0,
721,  1,  643,  766,  767,  570, 452,  168.0,  19,  Nuc2034705,  920,  0, 0, 0, , 0, 0, 0, 0, 0,
722,  1,  644,  768,  -1,  681, 511,  155.0,  19,  Nuc2034852,  4691,  0, 0, 0, , 0, 0, 0, 0, 0,
723,  1,  645,  769,  -1,  595, 467,  150.0,  17,  Nuc2054056,  1063,  0, 0, 0, , 0, 0, 0, 0, 0,
724,  1,  646,  770,  -1,  582, 515,  159.0,  17,  Nuc2054442,  2600,  0, 0, 0, , 0, 0, 0, 0, 0,
725,  1,  647,  771,  -1,  628, 516,  157.0,  15,  Nuc2054523,  1538,  0, 0, 0, , 0, 0, 0, 0, 0,
726,  1,  648,  -1,  -1,  356, 480,  149.0,  17,  Nuc2064322,  774,  0, 0, 0, , 0, 0, 0, 0, 0,
727,  1,  648,  772,  -1,  369, 460,  154.0,  17,  Nuc2064323,  1169,  0, 0, 0, , 0, 0, 0, 0, 0,
728,  1,  649,  -1,  -1,  317, 453,  162.0,  17,  Nuc2064388,  651,  0, 0, 0, , 0, 0, 0, 0, 0,
729,  1,  650,  773,  -1,  318, 448,  155.0,  17,  Nuc2064390,  1146,  0, 0, 0, , 0, 0, 0, 0, 0,
730,  1,  651,  774,  -1,  251, 632,  158.0,  17,  Nuc2064596,  388,  0, 0, 0, , 0, 0, 0, 0, 0,
731,  1,  652,  775,  -1,  251, 633,  153.0,  17,  Nuc2064610,  1224,  0, 0, 0, , 0, 0, 0, 0, 0,
732,  1,  653,  776,  777,  456, 398,  142.0,  17,  Nuc2064836,  1126,  0, 0, 0, , 0, 0, 0, 0, 0,
733,  1,  654,  778,  779,  426, 372,  140.0,  17,  Nuc2064919,  664,  0, 0, 0, , 0, 0, 0, 0, 0,
734,  1,  655,  -1,  -1,  474, 317,  139.0,  15,  Nuc2067096,  646,  0, 0, 0, , 0, 0, 0, 0, 0,
735,  1,  655,  780,  -1,  436, 331,  136.0,  17,  Nuc2067097,  799,  0, 0, 0, , 0, 0, 0, 0, 0,
736,  1,  656,  781,  -1,  380, 608,  182.0,  17,  Nuc2070388,  1046,  0, 0, 0, , 0, 0, 0, 0, 0,
737,  1,  657,  782,  -1,  358, 561,  182.0,  17,  Nuc2070458,  1460,  0, 0, 0, , 0, 0, 0, 0, 0,
738,  1,  658,  783,  -1,  276, 550,  157.0,  15,  Nuc2070529,  902,  0, 0, 0, , 0, 0, 0, 0, 0,
739,  1,  659,  784,  -1,  295, 578,  170.0,  17,  Nuc2070629,  1379,  0, 0, 0, , 0, 0, 0, 0, 0,
740,  1,  659,  785,  -1,  295, 577,  167.0,  17,  Nuc2070638,  1549,  0, 0, 0, , 0, 0, 0, 0, 0,
741,  1,  660,  786,  -1,  367, 813,  118.0,  17,  Nuc2070803,  784,  0, 0, 0, , 0, 0, 0, 0, 0,
742,  1,  660,  787,  -1,  368, 813,  123.0,  15,  Nuc2070808,  896,  0, 0, 0, , 0, 0, 0, 0, 0,
743,  1,  661,  788,  -1,  323, 823,  112.0,  17,  Nuc2071281,  460,  0, 0, 0, , 0, 0, 0, 0, 0,
744,  1,  662,  789,  -1,  347, 863,  110.0,  15,  Nuc2071344,  696,  0, 0, 0, , 0, 0, 0, 0, 0,
745,  1,  663,  790,  -1,  434, 829,  112.0,  15,  Nuc2071379,  742,  0, 0, 0, , 0, 0, 0, 0, 0,
746,  1,  663,  791,  -1,  426, 856,  110.0,  17,  Nuc2071457,  982,  0, 0, 0, , 0, 0, 0, 0, 0,
747,  1,  664,  792,  -1,  387, 832,  114.0,  17,  Nuc2071482,  777,  0, 0, 0, , 0, 0, 0, 0, 0,
748,  1,  664,  793,  -1,  388, 835,  109.0,  17,  Nuc2071485,  1176,  0, 0, 0, , 0, 0, 0, 0, 0,
749,  1,  665,  794,  795,  380, 913,  96.0,  15,  Nuc2079175,  675,  0, 0, 0, , 0, 0, 0, 0, 0,
750,  1,  666,  796,  -1,  374, 899,  108.0,  17,  Nuc2080571,  1156,  0, 0, 0, , 0, 0, 0, 0, 0,
751,  1,  667,  797,  -1,  288, 367,  159.0,  17,  Nuc2080858,  1217,  0, 0, 0, , 0, 0, 0, 0, 0,
752,  1,  668,  -1,  -1,  238, 415,  137.0,  15,  Nuc2080920,  627,  0, 0, 0, , 0, 0, 0, 0, 0,
753,  1,  668,  798,  -1,  209, 379,  140.0,  15,  Nuc2080921,  511,  0, 0, 0, , 0, 0, 0, 0, 0,
754,  1,  669,  799,  -1,  249, 351,  150.0,  17,  Nuc2081023,  1084,  0, 0, 0, , 0, 0, 0, 0, 0,
755,  1,  670,  800,  801,  325, 530,  170.0,  15,  Nuc2081083,  944,  0, 0, 0, , 0, 0, 0, 0, 0,
756,  1,  671,  802,  -1,  293, 522,  174.0,  17,  Nuc2081283,  418,  0, 0, 0, , 0, 0, 0, 0, 0,
757,  1,  673,  803,  -1,  413, 518,  166.0,  17,  Nuc2081319,  1063,  0, 0, 0, , 0, 0, 0, 0, 0,
758,  1,  674,  804,  -1,  411, 546,  156.0,  17,  Nuc2082012,  716,  0, 0, 0, , 0, 0, 0, 0, 0,
759,  1,  674,  805,  -1,  408, 588,  160.0,  17,  Nuc2082018,  885,  0, 0, 0, , 0, 0, 0, 0, 0,
760,  1,  675,  806,  -1,  417, 587,  172.0,  15,  Nuc2082942,  721,  0, 0, 0, , 0, 0, 0, 0, 0,
761,  1,  676,  807,  -1,  360, 562,  174.0,  15,  Nuc2083626,  317,  0, 0, 0, , 0, 0, 0, 0, 0,
762,  1,  677,  808,  -1,  330, 566,  176.0,  15,  Nuc2083632,  1215,  0, 0, 0, , 0, 0, 0, 0, 0,
763,  1,  678,  -1,  -1,  362, 537,  172.0,  15,  Nuc2083699,  348,  0, 0, 0, , 0, 0, 0, 0, 0,
764,  1,  679,  809,  -1,  417, 588,  167.0,  15,  Nuc2083701,  794,  0, 0, 0, , 0, 0, 0, 0, 0,
765,  1,  679,  810,  -1,  390, 568,  168.0,  15,  Nuc2083712,  1300,  0, 0, 0, , 0, 0, 0, 0, 0,
766,  1,  680,  811,  -1,  386, 498,  155.0,  17,  Nuc2084639,  494,  0, 0, 0, , 0, 0, 0, 0, 0,
767,  1,  681,  812,  -1,  374, 500,  169.0,  17,  Nuc2084798,  408,  0, 0, 0, , 0, 0, 0, 0, 0,
768,  1,  681,  813,  -1,  371, 495,  163.0,  17,  Nuc2084800,  512,  0, 0, 0, , 0, 0, 0, 0, 0,
769,  1,  682,  814,  -1,  430, 864,  121.0,  15,  Nuc2084920,  833,  0, 0, 0, , 0, 0, 0, 0, 0,
770,  1,  682,  815,  -1,  406, 845,  125.0,  15,  Nuc2084992,  1068,  0, 0, 0, , 0, 0, 0, 0, 0,
771,  1,  684,  816,  817,  379, 885,  117.0,  15,  Nuc2087978,  832,  0, 0, 0, , 0, 0, 0, 0, 0,
772,  1,  685,  -1,  -1,  346, 504,  183.0,  17,  Nuc2088531,  438,  0, 0, 0, , 0, 0, 0, 0, 0,
773,  1,  686,  818,  -1,  376, 403,  179.0,  19,  Nuc2088551,  264,  0, 0, 0, , 0, 0, 0, 0, 0,
774,  1,  687,  819,  -1,  409, 413,  178.0,  19,  Nuc2088555,  2313,  0, 0, 0, , 0, 0, 0, 0, 0,
775,  1,  688,  820,  821,  343, 456,  172.0,  17,  Nuc2088676,  909,  0, 0, 0, , 0, 0, 0, 0, 0,
776,  1,  689,  822,  -1,  387, 459,  172.0,  19,  Nuc2088765,  1071,  0, 0, 0, , 0, 0, 0, 0, 0,
777,  1,  690,  823,  -1,  578, 715,  135.0,  17,  Nuc2088824,  2046,  0, 0, 0, , 0, 0, 0, 0, 0,
778,  1,  691,  824,  -1,  513, 761,  124.0,  17,  Nuc2111013,  763,  0, 0, 0, , 0, 0, 0, 0, 0,
779,  1,  691,  825,  -1,  549, 758,  128.0,  19,  Nuc2111017,  948,  0, 0, 0, , 0, 0, 0, 0, 0,
780,  1,  692,  -1,  -1,  314, 540,  150.0,  17,  Nuc2132906,  1121,  0, 0, 0, , 0, 0, 0, 0, 0,
781,  1,  693,  826,  827,  354, 541,  151.0,  17,  Nuc2132908,  1083,  0, 0, 0, , 0, 0, 0, 0, 0,
782,  1,  694,  828,  829,  287, 608,  154.0,  19,  Nuc2133161,  950,  0, 0, 0, , 0, 0, 0, 0, 0,
783,  1,  695,  830,  -1,  295, 578,  160.0,  17,  Nuc2134370,  885,  0, 0, 0, , 0, 0, 0, 0, 0,
784,  1,  696,  831,  -1,  295, 578,  153.0,  17,  Nuc2134929,  923,  0, 0, 0, , 0, 0, 0, 0, 0,
785,  1,  697,  832,  -1,  495, 625,  139.0,  17,  Nuc2135001,  1634,  0, 0, 0, , 0, 0, 0, 0, 0,
786,  1,  698,  833,  -1,  452, 745,  142.0,  17,  Nuc2135024,  1009,  0, 0, 0, , 0, 0, 0, 0, 0,
787,  1,  699,  834,  -1,  473, 702,  139.0,  19,  Nuc2144110,  1128,  0, 0, 0, , 0, 0, 0, 0, 0,
788,  1,  700,  835,  -1,  412, 687,  149.0,  15,  Nuc2144155,  559,  0, 0, 0, , 0, 0, 0, 0, 0,
789,  1,  701,  836,  -1,  461, 682,  148.0,  17,  Nuc2144159,  1333,  0, 0, 0, , 0, 0, 0, 0, 0,
790,  1,  702,  -1,  -1,  523, 687,  151.0,  17,  Nuc2144213,  518,  0, 0, 0, , 0, 0, 0, 0, 0,
791,  1,  702,  837,  -1,  521, 670,  146.0,  17,  Nuc2144214,  724,  0, 0, 0, , 0, 0, 0, 0, 0,
792,  1,  703,  838,  -1,  279, 331,  142.0,  17,  Nuc2160255,  823,  0, 0, 0, , 0, 0, 0, 0, 0,
793,  1,  703,  -1,  -1,  279, 331,  137.0,  15,  Nuc2160412,  740,  0, 0, 0, , 0, 0, 0, 0, 0,
794,  1,  704,  839,  -1,  249, 351,  145.0,  17,  Nuc2160414,  885,  0, 0, 0, , 0, 0, 0, 0, 0,
795,  1,  704,  840,  -1,  275, 385,  140.0,  17,  Nuc2160526,  891,  0, 0, 0, , 0, 0, 0, 0, 0,
796,  1,  705,  841,  -1,  272, 435,  144.0,  17,  Nuc2160622,  594,  0, 0, 0, , 0, 0, 0, 0, 0,
797,  1,  706,  842,  843,  297, 396,  151.0,  15,  Nuc2160875,  756,  0, 0, 0, , 0, 0, 0, 0, 0,
798,  1,  707,  844,  -1,  329, 335,  155.0,  17,  Nuc2160895,  464,  0, 0, 0, , 0, 0, 0, 0, 0,
799,  1,  708,  845,  -1,  376, 327,  156.0,  17,  Nuc2161008,  1009,  0, 0, 0, , 0, 0, 0, 0, 0,
800,  1,  708,  846,  -1,  375, 326,  152.0,  17,  Nuc2161835,  1040,  0, 0, 0, , 0, 0, 0, 0, 0,
801,  1,  709,  847,  -1,  309, 170,  111.0,  15,  Nuc2161909,  438,  0, 0, 0, , 0, 0, 0, 0, 0,
802,  1,  710,  848,  -1,  312, 188,  116.0,  15,  Nuc2162682,  754,  0, 0, 0, , 0, 0, 0, 0, 0,
803,  1,  711,  849,  850,  281, 502,  139.0,  19,  Nuc2162757,  1615,  0, 0, 0, , 0, 0, 0, 0, 0,
804,  1,  712,  851,  -1,  278, 510,  148.0,  17,  Nuc2162841,  1057,  0, 0, 0, , 0, 0, 0, 0, 0,
805,  1,  713,  852,  -1,  241, 362,  136.0,  17,  Nuc2162932,  210,  0, 0, 0, , 0, 0, 0, 0, 0,
806,  1,  713,  853,  854,  275, 385,  134.0,  19,  Nuc2162939,  1048,  0, 0, 0, , 0, 0, 0, 0, 0,
807,  1,  714,  855,  -1,  276, 380,  125.0,  17,  Nuc2163336,  1103,  0, 0, 0, , 0, 0, 0, 0, 0,
808,  1,  715,  856,  -1,  373, 941,  87.0,  15,  Nuc2163435,  585,  0, 0, 0, , 0, 0, 0, 0, 0,
809,  1,  716,  857,  858,  333, 570,  139.0,  15,  Nuc2164080,  794,  0, 0, 0, , 0, 0, 0, 0, 0,
810,  1,  716,  859,  -1,  314, 539,  142.0,  19,  Nuc2164134,  1052,  0, 0, 0, , 0, 0, 0, 0, 0,
811,  1,  718,  860,  861,  342, 513,  137.0,  19,  Nuc2166842,  2086,  0, 0, 0, , 0, 0, 0, 0, 0,
812,  1,  719,  862,  -1,  338, 511,  128.0,  19,  Nuc2167039,  1579,  0, 0, 0, , 0, 0, 0, 0, 0,
813,  1,  720,  863,  -1,  292, 721,  132.0,  15,  Nuc2167055,  565,  0, 0, 0, , 0, 0, 0, 0, 0,
814,  1,  721,  864,  -1,  292, 784,  129.0,  15,  Nuc2167129,  479,  0, 0, 0, , 0, 0, 0, 0, 0,
815,  1,  721,  865,  -1,  319, 752,  132.0,  17,  Nuc2167146,  773,  0, 0, 0, , 0, 0, 0, 0, 0,
816,  1,  722,  866,  -1,  319, 675,  152.0,  15,  Nuc2167170,  1396,  0, 0, 0, , 0, 0, 0, 0, 0,
817,  1,  723,  867,  -1,  319, 676,  149.0,  15,  Nuc2167174,  1380,  0, 0, 0, , 0, 0, 0, 0, 0,
818,  1,  724,  868,  869,  336, 743,  144.0,  17,  Nuc2167202,  778,  0, 0, 0, , 0, 0, 0, 0, 0,
819,  1,  725,  870,  -1,  316, 710,  145.0,  15,  Nuc2168643,  829,  0, 0, 0, , 0, 0, 0, 0, 0,
820,  1,  726,  871,  -1,  362, 680,  139.0,  17,  Nuc2168652,  447,  0, 0, 0, , 0, 0, 0, 0, 0,
821,  1,  726,  872,  -1,  362, 680,  144.0,  17,  Nuc2168661,  1010,  0, 0, 0, , 0, 0, 0, 0, 0,
822,  1,  727,  -1,  -1,  284, 435,  136.0,  17,  Nuc2168963,  119,  0, 0, 0, , 0, 0, 0, 0, 0,
823,  1,  728,  873,  874,  334, 376,  140.0,  17,  Nuc2168965,  119,  0, 0, 0, , 0, 0, 0, 0, 0,
824,  1,  728,  875,  -1,  320, 415,  145.0,  15,  Nuc2169108,  657,  0, 0, 0, , 0, 0, 0, 0, 0,
825,  1,  729,  876,  -1,  343, 374,  150.0,  17,  Nuc2169141,  1010,  0, 0, 0, , 0, 0, 0, 0, 0,
826,  1,  730,  877,  -1,  361, 408,  146.0,  17,  Nuc2169258,  1156,  0, 0, 0, , 0, 0, 0, 0, 0,
827,  1,  731,  878,  879,  613, 450,  128.0,  17,  Nuc2169291,  1223,  0, 0, 0, , 0, 0, 0, 0, 0,
828,  1,  732,  880,  -1,  616, 403,  131.0,  17,  Nuc2169315,  1278,  0, 0, 0, , 0, 0, 0, 0, 0,
829,  1,  733,  881,  882,  504, 727,  148.0,  17,  Nuc2169566,  702,  0, 0, 0, , 0, 0, 0, 0, 0,
830,  1,  734,  883,  -1,  555, 729,  150.0,  19,  Nuc2170330,  1836,  0, 0, 0, , 0, 0, 0, 0, 0,
831,  1,  735,  884,  -1,  448, 617,  161.0,  15,  Nuc2172455,  1256,  0, 0, 0, , 0, 0, 0, 0, 0,
832,  1,  736,  885,  886,  458, 634,  152.0,  17,  Nuc2172766,  1625,  0, 0, 0, , 0, 0, 0, 0, 0,
833,  1,  737,  887,  -1,  354, 275,  154.0,  17,  Nuc2172898,  1160,  0, 0, 0, , 0, 0, 0, 0, 0,
834,  1,  738,  888,  -1,  494, 638,  123.0,  19,  Nuc2173167,  995,  0, 0, 0, , 0, 0, 0, 0, 0,
835,  1,  739,  889,  -1,  499, 687,  126.0,  17,  Nuc2173192,  906,  0, 0, 0, , 0, 0, 0, 0, 0,
836,  1,  740,  890,  -1,  219, 311,  126.0,  17,  Nuc2182305,  385,  0, 0, 0, , 0, 0, 0, 0, 0,
837,  1,  741,  891,  892,  233, 275,  127.0,  15,  Nuc2182341,  384,  0, 0, 0, , 0, 0, 0, 0, 0,
838,  1,  742,  893,  -1,  348, 694,  134.0,  17,  Nuc2182414,  729,  0, 0, 0, , 0, 0, 0, 0, 0,
839,  1,  742,  -1,  -1,  348, 693,  129.0,  17,  Nuc2182432,  995,  0, 0, 0, , 0, 0, 0, 0, 0,
840,  1,  743,  894,  -1,  371, 726,  131.0,  17,  Nuc2182434,  1122,  0, 0, 0, , 0, 0, 0, 0, 0,
841,  1,  744,  895,  -1,  251, 633,  148.0,  15,  Nuc2182484,  418,  0, 0, 0, , 0, 0, 0, 0, 0,
842,  1,  744,  896,  -1,  261, 637,  141.0,  17,  Nuc2182489,  1192,  0, 0, 0, , 0, 0, 0, 0, 0,
843,  1,  745,  897,  -1,  294, 608,  138.0,  15,  Nuc2182535,  779,  0, 0, 0, , 0, 0, 0, 0, 0,
844,  1,  745,  898,  -1,  295, 634,  134.0,  15,  Nuc2182620,  532,  0, 0, 0, , 0, 0, 0, 0, 0,
845,  1,  746,  899,  -1,  388, 518,  143.0,  17,  Nuc2182627,  677,  0, 0, 0, , 0, 0, 0, 0, 0,
846,  1,  747,  900,  -1,  371, 551,  135.0,  19,  Nuc2182630,  459,  0, 0, 0, , 0, 0, 0, 0, 0,
847,  1,  749,  901,  902,  186, 503,  136.0,  21,  Nuc2182668,  1115,  0, 0, 0, , 0, 0, 0, 0, 0,
848,  1,  749,  903,  904,  186, 500,  140.0,  19,  Nuc2182672,  1115,  0, 0, 0, , 0, 0, 0, 0, 0,
849,  1,  750,  905,  -1,  333, 792,  138.0,  17,  Nuc2182716,  691,  0, 0, 0, , 0, 0, 0, 0, 0,
850,  1,  750,  906,  -1,  366, 770,  139.0,  17,  Nuc2182729,  922,  0, 0, 0, , 0, 0, 0, 0, 0,
851,  1,  751,  907,  -1,  771, 555,  145.0,  17,  Nuc2183861,  2430,  0, 0, 0, , 0, 0, 0, 0, 0,
852,  1,  752,  908,  -1,  533, 312,  153.0,  17,  Nuc2204232,  1504,  0, 0, 0, , 0, 0, 0, 0, 0,
853,  1,  753,  909,  -1,  254, 708,  119.0,  15,  Nuc2205044,  678,  0, 0, 0, , 0, 0, 0, 0, 0,
854,  1,  753,  910,  -1,  254, 707,  124.0,  15,  Nuc2205049,  943,  0, 0, 0, , 0, 0, 0, 0, 0,
855,  1,  754,  911,  -1,  344, 457,  177.0,  17,  Nuc2205061,  932,  0, 0, 0, , 0, 0, 0, 0, 0,
856,  1,  755,  912,  913,  311, 893,  97.0,  17,  Nuc2205065,  385,  0, 0, 0, , 0, 0, 0, 0, 0,
857,  1,  756,  914,  -1,  439, 887,  100.0,  17,  Nuc2205106,  113,  0, 0, 0, , 0, 0, 0, 0, 0,
858,  1,  757,  915,  -1,  349, 180,  115.0,  15,  Nuc2205131,  526,  0, 0, 0, , 0, 0, 0, 0, 0,
859,  1,  758,  916,  -1,  362, 229,  118.0,  17,  Nuc2205463,  456,  0, 0, 0, , 0, 0, 0, 0, 0,
860,  1,  759,  -1,  -1,  257, 224,  118.0,  17,  Nuc2205468,  200,  0, 0, 0, , 0, 0, 0, 0, 0,
861,  1,  760,  917,  -1,  410, 727,  119.0,  17,  Nuc2205470,  992,  0, 0, 0, , 0, 0, 0, 0, 0,
862,  1,  762,  -1,  -1,  231, 767,  115.0,  15,  Nuc2205640,  609,  0, 0, 0, , 0, 0, 0, 0, 0,
863,  1,  762,  918,  919,  231, 767,  120.0,  15,  Nuc2205641,  950,  0, 0, 0, , 0, 0, 0, 0, 0,
864,  1,  763,  920,  -1,  273, 752,  122.0,  15,  Nuc2205793,  285,  0, 0, 0, , 0, 0, 0, 0, 0,
865,  1,  764,  921,  922,  297, 782,  122.0,  17,  Nuc2205851,  423,  0, 0, 0, , 0, 0, 0, 0, 0,
866,  1,  765,  923,  -1,  390, 209,  127.0,  15,  Nuc2205893,  502,  0, 0, 0, , 0, 0, 0, 0, 0,
867,  1,  765,  -1,  -1,  390, 211,  122.0,  17,  Nuc2205917,  239,  0, 0, 0, , 0, 0, 0, 0, 0,
868,  1,  766,  924,  -1,  431, 671,  123.0,  19,  Nuc2205919,  1209,  0, 0, 0, , 0, 0, 0, 0, 0,
869,  1,  767,  925,  -1,  437, 408,  122.0,  19,  Nuc2205944,  330,  0, 0, 0, , 0, 0, 0, 0, 0,
870,  1,  768,  926,  -1,  528, 548,  122.0,  19,  Nuc2205956,  1240,  0, 0, 0, , 0, 0, 0, 0, 0,
871,  1,  769,  927,  928,  409, 456,  122.0,  19,  Nuc2205962,  540,  0, 0, 0, , 0, 0, 0, 0, 0,
872,  1,  770,  929,  -1,  443, 461,  123.0,  17,  Nuc2205982,  777,  0, 0, 0, , 0, 0, 0, 0, 0,
873,  1,  771,  930,  -1,  363, 291,  124.0,  17,  Nuc2205990,  687,  0, 0, 0, , 0, 0, 0, 0, 0,
874,  1,  772,  931,  -1,  364, 360,  125.0,  17,  Nuc2206409,  346,  0, 0, 0, , 0, 0, 0, 0, 0,
875,  1,  773,  932,  933,  378, 418,  124.0,  17,  Nuc2206432,  467,  0, 0, 0, , 0, 0, 0, 0, 0,
876,  1,  774,  934,  935,  425, 292,  125.0,  17,  Nuc2206501,  826,  0, 0, 0, , 0, 0, 0, 0, 0,
877,  1,  775,  936,  -1,  443, 595,  123.0,  19,  Nuc2206575,  545,  0, 0, 0, , 0, 0, 0, 0, 0,
878,  1,  775,  937,  -1,  458, 555,  126.0,  17,  Nuc2206652,  498,  0, 0, 0, , 0, 0, 0, 0, 0,
879,  1,  776,  938,  939,  464, 375,  128.0,  17,  Nuc2206663,  868,  0, 0, 0, , 0, 0, 0, 0, 0,
880,  1,  776,  940,  -1,  463, 375,  123.0,  19,  Nuc2208640,  903,  0, 0, 0, , 0, 0, 0, 0, 0,
881,  1,  777,  -1,  -1,  172, 372,  125.0,  19,  Nuc2208643,  118,  0, 0, 0, , 0, 0, 0, 0, 0,
882,  1,  778,  941,  -1,  203, 427,  124.0,  17,  Nuc2208645,  438,  0, 0, 0, , 0, 0, 0, 0, 0,
883,  1,  779,  942,  943,  289, 306,  126.0,  17,  Nuc2208656,  711,  0, 0, 0, , 0, 0, 0, 0, 0,
884,  1,  780,  944,  -1,  312, 593,  129.0,  19,  Nuc2208668,  855,  0, 0, 0, , 0, 0, 0, 0, 0,
885,  1,  781,  945,  -1,  324, 293,  126.0,  15,  Nuc2208671,  557,  0, 0, 0, , 0, 0, 0, 0, 0,
886,  1,  782,  946,  -1,  381, 541,  124.0,  19,  Nuc2208711,  812,  0, 0, 0, , 0, 0, 0, 0, 0,
887,  1,  783,  947,  -1,  394, 245,  132.0,  15,  Nuc2208716,  739,  0, 0, 0, , 0, 0, 0, 0, 0,
888,  1,  783,  948,  -1,  393, 246,  128.0,  17,  Nuc2209730,  877,  0, 0, 0, , 0, 0, 0, 0, 0,
889,  1,  784,  949,  -1,  333, 380,  134.0,  17,  Nuc2209733,  111,  0, 0, 0, , 0, 0, 0, 0, 0,
890,  1,  784,  950,  -1,  315, 387,  125.0,  17,  Nuc2209735,  880,  0, 0, 0, , 0, 0, 0, 0, 0,
891,  1,  785,  951,  -1,  437, 410,  128.0,  17,  Nuc2209784,  838,  0, 0, 0, , 0, 0, 0, 0, 0,
892,  1,  786,  952,  -1,  573, 325,  129.0,  19,  Nuc2209805,  844,  0, 0, 0, , 0, 0, 0, 0, 0,
893,  1,  787,  953,  954,  324, 207,  128.0,  15,  Nuc2210155,  878,  0, 0, 0, , 0, 0, 0, 0, 0,
894,  1,  790,  955,  -1,  443, 707,  131.0,  17,  Nuc2210292,  781,  0, 0, 0, , 0, 0, 0, 0, 0,
895,  1,  791,  956,  -1,  391, 600,  124.0,  19,  Nuc2210605,  423,  0, 0, 0, , 0, 0, 0, 0, 0,
896,  1,  791,  957,  -1,  365, 597,  130.0,  17,  Nuc2210631,  493,  0, 0, 0, , 0, 0, 0, 0, 0,
897,  1,  792,  958,  -1,  397, 309,  132.0,  17,  Nuc2210636,  600,  0, 0, 0, , 0, 0, 0, 0, 0,
898,  1,  793,  959,  -1,  397, 395,  131.0,  17,  Nuc2210660,  1176,  0, 0, 0, , 0, 0, 0, 0, 0,
899,  1,  794,  960,  -1,  467, 306,  132.0,  17,  Nuc2210842,  604,  0, 0, 0, , 0, 0, 0, 0, 0,
900,  1,  795,  961,  -1,  477, 258,  131.0,  15,  Nuc2211239,  1011,  0, 0, 0, , 0, 0, 0, 0, 0,
901,  1,  796,  962,  -1,  561, 422,  130.0,  17,  Nuc2211352,  842,  0, 0, 0, , 0, 0, 0, 0, 0,
902,  1,  797,  963,  -1,  196, 633,  133.0,  17,  Nuc2211373,  733,  0, 0, 0, , 0, 0, 0, 0, 0,
903,  1,  798,  964,  -1,  304, 677,  140.0,  15,  Nuc2211384,  665,  0, 0, 0, , 0, 0, 0, 0, 0,
904,  1,  798,  -1,  -1,  309, 674,  133.0,  19,  Nuc2211977,  575,  0, 0, 0, , 0, 0, 0, 0, 0,
905,  1,  799,  965,  966,  469, 650,  134.0,  19,  Nuc2211979,  663,  0, 0, 0, , 0, 0, 0, 0, 0,
906,  1,  801,  967,  -1,  259, 698,  134.0,  17,  Nuc2212183,  468,  0, 0, 0, , 0, 0, 0, 0, 0,
907,  1,  802,  968,  -1,  314, 477,  133.0,  17,  Nuc2212188,  957,  0, 0, 0, , 0, 0, 0, 0, 0,
908,  1,  804,  969,  970,  349, 335,  137.0,  17,  Nuc2212192,  217,  0, 0, 0, , 0, 0, 0, 0, 0,
909,  1,  805,  971,  972,  380, 445,  137.0,  17,  Nuc2212453,  599,  0, 0, 0, , 0, 0, 0, 0, 0,
910,  1,  806,  973,  974,  226, 514,  139.0,  17,  Nuc2212562,  1065,  0, 0, 0, , 0, 0, 0, 0, 0,
911,  1,  807,  975,  976,  282, 568,  143.0,  17,  Nuc2212617,  1147,  0, 0, 0, , 0, 0, 0, 0, 0,
912,  1,  807,  977,  -1,  279, 567,  139.0,  17,  Nuc2212659,  1217,  0, 0, 0, , 0, 0, 0, 0, 0,
913,  1,  808,  978,  -1,  382, 350,  139.0,  17,  Nuc2212743,  623,  0, 0, 0, , 0, 0, 0, 0, 0,
914,  1,  809,  979,  -1,  232, 662,  146.0,  15,  Nuc2212754,  561,  0, 0, 0, , 0, 0, 0, 0, 0,
915,  1,  809,  980,  981,  232, 661,  139.0,  15,  Nuc2212792,  659,  0, 0, 0, , 0, 0, 0, 0, 0,
916,  1,  810,  982,  983,  339, 444,  141.0,  15,  Nuc2212812,  616,  0, 0, 0, , 0, 0, 0, 0, 0,
917,  1,  810,  984,  985,  355, 478,  141.0,  17,  Nuc2212866,  923,  0, 0, 0, , 0, 0, 0, 0, 0,
918,  1,  811,  986,  -1,  382, 627,  140.0,  17,  Nuc2213057,  889,  0, 0, 0, , 0, 0, 0, 0, 0,
919,  1,  813,  987,  988,  307, 473,  146.0,  17,  Nuc2213243,  1053,  0, 0, 0, , 0, 0, 0, 0, 0,
920,  1,  813,  989,  -1,  306, 472,  141.0,  17,  Nuc2213253,  963,  0, 0, 0, , 0, 0, 0, 0, 0,
921,  1,  814,  990,  991,  400, 471,  142.0,  17,  Nuc2213795,  1018,  0, 0, 0, , 0, 0, 0, 0, 0,
922,  1,  815,  992,  993,  238, 473,  145.0,  17,  Nuc2213842,  1026,  0, 0, 0, , 0, 0, 0, 0, 0,
923,  1,  815,  -1,  -1,  239, 471,  141.0,  17,  Nuc2213921,  687,  0, 0, 0, , 0, 0, 0, 0, 0,
924,  1,  816,  994,  -1,  290, 607,  146.0,  17,  Nuc2213923,  1158,  0, 0, 0, , 0, 0, 0, 0, 0,
925,  1,  817,  995,  -1,  299, 283,  146.0,  17,  Nuc2213973,  979,  0, 0, 0, , 0, 0, 0, 0, 0,
926,  1,  818,  996,  997,  317, 343,  146.0,  17,  Nuc2214013,  974,  0, 0, 0, , 0, 0, 0, 0, 0,
927,  1,  819,  998,  -1,  272, 705,  144.0,  17,  Nuc2214031,  901,  0, 0, 0, , 0, 0, 0, 0, 0,
928,  1,  820,  999,  -1,  410, 547,  149.0,  19,  Nuc2214086,  652,  0, 0, 0, , 0, 0, 0, 0, 0,
929,  1,  820,  1000,  -1,  382, 571,  144.0,  19,  Nuc2214088,  292,  0, 0, 0, , 0, 0, 0, 0, 0,
930,  1,  821,  1001,  -1,  408, 635,  152.0,  17,  Nuc2214184,  1261,  0, 0, 0, , 0, 0, 0, 0, 0,
931,  1,  822,  1002,  -1,  231, 553,  152.0,  15,  Nuc2214198,  683,  0, 0, 0, , 0, 0, 0, 0, 0,
932,  1,  823,  1003,  -1,  280, 471,  154.0,  17,  Nuc2214256,  471,  0, 0, 0, , 0, 0, 0, 0, 0,
933,  1,  824,  1004,  -1,  337, 499,  155.0,  17,  Nuc2214337,  1028,  0, 0, 0, , 0, 0, 0, 0, 0,
934,  1,  825,  -1,  -1,  232, 512,  149.0,  17,  Nuc2214344,  652,  0, 0, 0, , 0, 0, 0, 0, 0,
935,  1,  825,  1005,  -1,  230, 476,  154.0,  15,  Nuc2214345,  900,  0, 0, 0, , 0, 0, 0, 0, 0,
936,  1,  826,  1006,  -1,  236, 510,  162.0,  17,  Nuc2214351,  613,  0, 0, 0, , 0, 0, 0, 0, 0,
937,  1,  826,  1007,  -1,  234, 509,  156.0,  15,  Nuc2214353,  881,  0, 0, 0, , 0, 0, 0, 0, 0,
938,  1,  828,  1008,  -1,  407, 588,  155.0,  15,  Nuc2214380,  679,  0, 0, 0, , 0, 0, 0, 0, 0,
939,  1,  828,  1009,  -1,  374, 621,  153.0,  17,  Nuc2214382,  1080,  0, 0, 0, , 0, 0, 0, 0, 0,
940,  1,  829,  1010,  1011,  277, 512,  155.0,  15,  Nuc2214668,  1072,  0, 0, 0, , 0, 0, 0, 0, 0,
941,  1,  830,  -1,  -1,  411, 514,  159.0,  17,  Nuc2214693,  262,  0, 0, 0, , 0, 0, 0, 0, 0,
942,  1,  830,  1012,  -1,  412, 547,  161.0,  17,  Nuc2214694,  855,  0, 0, 0, , 0, 0, 0, 0, 0,
943,  1,  831,  1013,  -1,  318, 539,  163.0,  17,  Nuc2214712,  829,  0, 0, 0, , 0, 0, 0, 0, 0,
944,  1,  832,  1014,  -1,  362, 537,  167.0,  15,  Nuc2215142,  1054,  0, 0, 0, , 0, 0, 0, 0, 0,
945,  1,  833,  -1,  -1,  377, 667,  171.0,  19,  Nuc2215253,  387,  0, 0, 0, , 0, 0, 0, 0, 0,
946,  1,  834,  1015,  -1,  382, 613,  177.0,  17,  Nuc2215255,  688,  0, 0, 0, , 0, 0, 0, 0, 0,
947,  1,  835,  1016,  -1,  312, 185,  120.0,  17,  Nuc2215274,  641,  0, 0, 0, , 0, 0, 0, 0, 0,
948,  1,  836,  1017,  -1,  316, 710,  140.0,  17,  Nuc2215881,  1230,  0, 0, 0, , 0, 0, 0, 0, 0,
949,  1,  837,  1018,  -1,  356, 479,  145.0,  17,  Nuc2216072,  1166,  0, 0, 0, , 0, 0, 0, 0, 0,
950,  1,  837,  1019,  -1,  338, 502,  150.0,  17,  Nuc2216083,  707,  0, 0, 0, , 0, 0, 0, 0, 0,
951,  1,  838,  1020,  -1,  314, 540,  155.0,  17,  Nuc2216824,  1198,  0, 0, 0, , 0, 0, 0, 0, 0,
952,  1,  -1,  1021,  -1,  231, 822,  90.0,  17,  Nuc2216829,  98,  0, 0, 0, , 0, 0, 0, 0, 0,
953,  1,  -1,  1022,  1023,  234, 651,  122.0,  17,  Nuc2216843,  103,  0, 0, 0, , 0, 0, 0, 0, 0,
954,  1,  -1,  1024,  1025,  524, 453,  122.0,  21,  Nuc2216939,  201,  0, 0, 0, , 0, 0, 0, 0, 0,
955,  1,  -1,  -1,  -1,  195, 516,  125.0,  17,  Nuc2217215,  759,  0, 0, 0, , 0, 0, 0, 0, 0,
956,  1,  -1,  1026,  1027,  419, 353,  125.0,  17,  Nuc2217216,  332,  0, 0, 0, , 0, 0, 0, 0, 0,
957,  1,  -1,  -1,  -1,  302, 423,  127.0,  17,  Nuc2217285,  328,  0, 0, 0, , 0, 0, 0, 0, 0,
958,  1,  -1,  1028,  -1,  208, 588,  129.0,  15,  Nuc2217286,  87,  0, 0, 0, , 0, 0, 0, 0, 0,
959,  1,  -1,  1029,  -1,  236, 412,  132.0,  17,  Nuc2217288,  970,  0, 0, 0, , 0, 0, 0, 0, 0,
960,  1,  -1,  1030,  1031,  387, 656,  132.0,  17,  Nuc2217303,  375,  0, 0, 0, , 0, 0, 0, 0, 0,
961,  1,  -1,  -1,  -1,  212, 685,  133.0,  17,  Nuc2217324,  196,  0, 0, 0, , 0, 0, 0, 0, 0,
962,  1,  -1,  1032,  -1,  343, 642,  134.0,  17,  Nuc2217325,  126,  0, 0, 0, , 0, 0, 0, 0, 0,
963,  1,  -1,  1033,  -1,  254, 301,  138.0,  17,  Nuc2217362,  416,  0, 0, 0, , 0, 0, 0, 0, 0,
964,  1,  -1,  1034,  -1,  324, 636,  142.0,  17,  Nuc2217374,  505,  0, 0, 0, , 0, 0, 0, 0, 0,
965,  1,  -1,  -1,  -1,  699, 559,  144.0,  17,  Nuc2217403,  131,  0, 0, 0, , 0, 0, 0, 0, 0,
966,  1,  -1,  1035,  1036,  219, 400,  146.0,  15,  Nuc2217404,  492,  0, 0, 0, , 0, 0, 0, 0, 0,
967,  1,  -1,  -1,  -1,  195, 516,  130.0,  15,  Nuc2217424,  599,  0, 0, 0, , 0, 0, 0, 0, 0,
968,  1,  -1,  1037,  1038,  278, 566,  134.0,  17,  Nuc2217425,  770,  0, 0, 0, , 0, 0, 0, 0, 0,
969,  1,  -1,  1039,  -1,  393, 781,  152.0,  15,  Nuc2217428,  810,  0, 0, 0, , 0, 0, 0, 0, 0,
970,  1,  -1,  1040,  -1,  479, 529,  170.0,  15,  Nuc2217451,  824,  0, 0, 0, , 0, 0, 0, 0, 0,
